1.474875242974611034e+00
-3.130551700694959472e+00
-2.943778786802287994e-01
-1.182181261005818440e+00
-1.474370784487998520e+00
1.162998817127228302e+00
-8.508993509762974305e-01
-1.777116006616429322e-01
-4.342894020062929350e+00
1.450093461264326811e-01
3.429128499549284337e-01
-9.135798195994192517e-01
-6.519084593887931600e-01
-2.868437234258134350e+00
1.683802924634637765e+00
1.009760158761280197e-01
-2.013028866809751349e+00
9.366582065670964186e-01
-1.673308198513365985e+00
1.936989350118033970e+00
-1.123527537616526129e+00
-1.884439492355354906e+00
-2.362393137635189433e+00
-1.804809396143356892e+00
1.775257458977527181e-01
3.286591010897758292e+00
-7.098247923901099821e-01
8.808992435605120797e-01
-8.300276632518740483e-01
3.106282508298393585e-01
