3.119876060826267533e-02
-1.462608694052520031e+00
8.113664952939459996e-01
-9.950381659963365433e-01
-1.270682886627985120e+00
1.233510117048557120e-01
6.751263350393686968e-01
-9.766116849685558821e-01
-3.309726303463381147e-02
6.796967371073493660e-04
8.612808556581847963e-01
-8.844944305551316610e-01
-4.097304037446137248e-01
-9.709623063078829386e-01
1.309499514694950628e+00
1.121025954483107601e+00
7.174177463647364306e-01
3.737787417790012778e-01
1.099259146700023004e+00
8.335090348142493166e-02
7.620086859311943073e-01
1.063939236213571560e+00
7.710769450609266107e-01
-8.087050620195737061e-01
-2.752615207784579354e+00
-1.822780131196951037e-01
-3.177806498095250842e-01
9.883390565010655160e-02
8.846653145950820196e-01
-2.957878069651825315e-01
-5.931326742224047877e-01
-8.834460481032039292e-01
1.079769679186577847e+00
-2.602748527639801024e-01
5.469894898704575903e-01
-4.448603920873913653e-01
-2.036459719971469087e-02
-1.383208194930664270e+00
-3.975556950630514952e-01
3.693847460735354138e-02
-1.417581965143885070e-01
-4.871474528937659310e-01
1.443398617231218317e+00
-6.081481940521923368e-01
6.818341710175283010e-01
-2.365249338356243958e-01
1.000833823210284246e+00
-1.435326655739880053e+00
-1.055884176061823387e+00
-1.644820539705181384e+00
-1.733204407936617342e+00
1.847699947911024987e+00
-4.302053244493535544e-01
1.504041793537531646e-01
7.711657282910740208e-02
1.580308092191309077e+00
2.958927360124875006e-01
-6.279936997745479144e-02
-1.589641780315805830e+00
-4.315191499760921978e-01
-1.912180542841011022e-01
-1.512884385056104453e+00
3.008977125346306569e-01
-1.838031863465298343e+00
7.782424624152260995e-01
9.840544840471617816e-01
-8.435066087739341301e-01
1.958402076540705361e-01
1.954571967867847038e+00
-1.274995091778028611e+00
-6.009448817137504895e-01
-5.668490371653973209e-02
-1.068102316688317899e+00
1.589184860642517405e-01
6.122005085026538396e-01
-8.834835458403491604e-01
1.548851303924088540e+00
-8.285248209021622845e-01
2.445447218498032704e+00
1.509683006448844900e+00
-8.761529023613737754e-01
6.537818285500635040e-02
1.474653703255723647e+00
7.557224071020212097e-01
1.897273452636040747e-01
-1.463723007491889438e+00
-1.016410574116320742e+00
8.015522419259025755e-01
-5.274164975168778025e-01
-7.241358592281809115e-01
-5.911154998304551933e-01
5.801922349649041299e-01
1.508228694981081919e-01
3.609613609692360336e-01
-8.336654070699439645e-01
-4.966966745789854754e-01
7.604504330995734973e-01
-1.018207807718941815e+00
6.003808264718297760e-01
4.792554968422875761e-01
7.377515907891205593e-01
1.495569646516962559e+00
-7.434391332407172537e-02
-1.271359025142652366e-01
9.426951366323611525e-01
2.685216822336231046e-01
-2.837887460359403424e-01
9.239936972718462704e-02
-7.363015102357894914e-02
4.223388272195714999e-01
2.686290352242110546e-01
-6.256697118886098141e-02
3.018921310511414879e-01
1.523649129772672417e+00
-8.408491578867853811e-01
5.819116400755431906e-01
7.655921286858633490e-01
-4.391377485150920745e-01
9.231331034435610317e-01
-4.965152968805712774e-01
-2.564025046076944481e+00
1.368999786313947753e-01
1.171491035755364063e+00
-7.758575368786744253e-01
-7.941555864377819463e-01
5.151104943713709083e-01
-7.278175335824399982e-03
1.403336130466255494e+00
-1.835923333717220940e-01
-5.691635048031880029e-01
6.399093165370174363e-01
2.475955486192175925e-02
1.831892680642117410e+00
-8.591451617353810244e-01
3.891219945521665058e-01
8.019866550395824412e-01
8.557411869939991478e-01
1.100050309178369545e+00
7.656369044180342254e-01
-4.701541359283517574e-02
-2.053634722205269214e-01
-1.520717748122022428e+00
2.857207430905935874e-01
1.092962994908277308e+00
1.737619893554478434e-01
-2.103589627210955826e-01
-1.098754857461770262e+00
-2.729642445652000760e-01
5.326298247677130338e-01
-1.221649957509630680e+00
-5.048930885949052261e-01
7.569276191317935165e-01
3.009306901113854155e-02
1.458284060634633006e+00
2.948655310892892567e-01
-2.954837654549857806e-01
-7.954203632813060532e-01
5.752234689024479097e-01
-1.165716114399986347e+00
7.197772206749594170e-01
5.357280414398802870e-01
8.613219889585309597e-01
1.565076064139707235e+00
8.711578779627481284e-01
1.382922407476278259e+00
-1.396463364544279884e+00
-1.401054521740867642e-01
-2.072011296269130332e-01
2.281805116280211931e-01
-1.642284766502600579e+00
-8.234984558878727379e-01
6.533047957820072860e-01
2.033183424574201759e+00
1.690213423508716006e-01
2.012491734203282479e-01
-1.599143492319220483e+00
7.609711112853975168e-01
-5.391010896140717712e-01
3.237078932187514857e-01
4.943331526284059363e-01
2.385086724953506265e-01
-9.112581391263534503e-01
-1.818106524379806466e+00
-4.064800749648648237e-01
4.307492380353607209e-02
1.012165640816866219e+00
-8.717371934133956168e-01
-1.482711462609278330e+00
-1.245333805820714623e+00
-1.165892503335610231e+00
-1.356474553911021008e+00
6.805048772561940185e-01
-1.202979922558295556e+00
1.503969213825690820e+00
8.996624458661413026e-01
6.210676276724894640e-01
1.486783860539375057e+00
-1.324528582367297869e+00
-1.326743367829355258e-01
2.005307273943885971e+00
8.991250716723108161e-01
-4.342479792281091489e-01
-1.309829560571983631e+00
3.691603670023112516e-01
-1.083588899861643418e+00
-1.085743325897697398e+00
1.456411197474721808e-01
-1.540136707493859669e+00
5.474077111359532122e-02
-1.358248266715751384e+00
-1.742547217767271395e+00
1.862390455417594515e+00
7.015105412350273184e-01
6.590062271483659861e-02
7.437408543848715858e-01
1.063917594193307226e+00
2.191364863806557484e+00
-1.063146678048544569e+00
-1.793122981153248086e+00
5.903118910837520383e-01
4.230262420417281732e-01
1.779151462364553682e+00
5.091021969660926016e-01
-5.727605632954850812e-01
9.863201481881804789e-01
1.320863975464144635e-01
-1.218205606475288416e+00
-1.023165868352694519e+00
-2.143743891297376081e+00
5.472561775924836835e-01
-2.614721162793915421e-01
1.517974124764114308e-01
-1.127239949081781933e+00
-4.504308823021811459e-01
-4.563240328792817491e-01
-6.684746364427875953e-01
3.826333262795965084e-01
-3.229330798505766209e-01
7.427031070469980456e-01
-1.203621994602859679e+00
1.320165427697135518e+00
7.866192283643655969e-01
-2.105282445225638011e+00
-6.671944329640523419e-01
3.127490646121818818e-01
-1.233880555458422679e+00
6.085533884365281754e-01
-4.584647965364613831e-01
-2.785249695348884225e-01
1.051159359881306932e+00
1.093472673835299558e+00
1.393273177790330886e+00
-1.287829572413895951e+00
2.481955312565518323e-01
1.175906378849426392e+00
-6.731028080867820229e-01
-2.053848300807571192e+00
-6.300690970658094914e-01
-1.244111564906514422e+00
5.977062780897968164e-01
-6.284324235458272900e-01
-6.274843886510802493e-01
8.331902012525875811e-01
-7.737734328916479054e-01
-3.685165933889824469e-02
-9.900241427963568652e-01
1.688261789065657048e-01
6.359947831866331613e-01
3.813345895656083950e-02
4.833213742041198580e-01
6.494292465973947603e-01
-1.442005637624075076e+00
7.550666233858088772e-01
6.819141693542694060e-01
-1.161545963176106033e+00
1.622267596141444113e+00
-1.448659231607185127e+00
8.738242473028171586e-01
3.832395509305156489e-01
1.150329037219335770e+00
5.965539564869408728e-01
-4.788575703394729044e-01
2.943380673183144114e-01
1.852676870997784553e+00
-8.588617650465514286e-01
4.318910473629736235e-01
-2.604256532862552764e-01
-4.331664222997657077e-01
9.437283092404653573e-01
-1.256221074187178210e+00
-1.079840783773541979e+00
1.623265279973534411e-03
4.890184371885663017e-01
1.862153734662501670e+00
3.355150048239526339e-01
-5.079351095593961363e-01
9.803473473570978314e-01
7.610727407247850351e-01
1.667661387341485169e+00
-1.462086418138969446e+00
-1.633697525207757684e+00
-4.147843633532285468e-01
1.204857506612067475e+00
-6.716626304507113954e-01
-2.087426429697867014e-01
1.095678938273810799e+00
-7.182064190089939570e-01
6.186508640485456345e-01
-7.832566672103029592e-01
-1.249933503645512811e+00
-1.811467429955480490e+00
-1.545430200636083162e+00
-3.957516416923088087e-01
-9.340545502881850704e-01
2.139706653425178795e-01
1.599945687463368627e+00
3.658163996715176891e-01
-8.877449128488554830e-01
-8.478540075625546901e-01
-6.004667513042027949e-01
7.166842809812150605e-01
1.631798642739108907e+00
1.681170013554018849e+00
-2.325360460940724960e-01
2.105202204553433820e-01
-1.352296450486658586e+00
-5.325747508723344126e-01
1.189162995574062770e-01
-4.882050845296209696e-01
-3.908999476060778244e-01
3.065743748502103849e-01
-1.996799857213610085e+00
-6.147298034244516041e-01
7.283731911317753438e-01
-1.313663940408093866e+00
-1.323247869367259355e+00
-9.240432978486219362e-01
1.105487876384202872e+00
2.134077384526099075e-01
-5.166626526287817489e-01
4.752309677237366858e-01
7.500663690951838714e-01
-2.954732834281725840e-01
-7.939619578378876996e-01
-4.279153950945559226e-02
1.014593062921453237e+00
-5.389469238431112696e-01
-3.280142242780212380e-02
-1.222657427694564314e+00
-4.310979642559181757e-01
8.944984281949915905e-01
1.112261020925874533e+00
-1.692169758971404203e+00
9.693633798180530947e-01
1.038272391330344657e+00
3.419123466458556249e-01
-1.156899187969242071e+00
-1.696213822118631365e+00
-2.664909786737941211e-01
4.741936608034123535e-01
-1.281754316376811698e+00
-2.556051516410863922e+00
4.726774921602282520e-01
2.665425981857582616e-01
3.681978831748346503e-01
-3.737851889928467952e-01
1.021892359888761481e+00
7.837093009397126941e-01
-1.099068592838127190e+00
3.667715329712991496e-02
-1.088291872589796760e+00
7.055991452704936384e-02
-2.533581865447707693e-01
6.430233878088297272e-01
-3.010715758961253399e-03
-1.460816344349437967e+00
6.087969406414372314e-02
1.859041635728849284e+00
-1.196076277301190371e+00
1.566678420767621427e+00
-1.264890245607915298e-01
3.903444205452269444e-01
3.463936153309123411e-01
7.962973413757550301e-01
-6.842932597532359607e-01
5.562922434897886736e-01
-2.571333657170170373e+00
4.396253010901131630e-01
1.220957143121434552e+00
1.830513920369421232e-01
1.526546918491235028e+00
8.716006600433529039e-01
-1.705456425553874888e+00
-5.287655244045293967e-01
-6.466886183630628226e-02
-6.316425277728163756e-01
1.166924200672503797e+00
1.049013134804750891e+00
1.827369972320942670e+00
6.149269526843276212e-01
-8.150988115111503785e-01
1.754377027857297655e+00
-8.379017671405718237e-02
3.588008734467871275e-01
3.551934836609365598e-01
-1.762888816295687944e-02
-2.720229021981669937e-01
-1.494172779993002687e+00
3.926614161863065805e-02
-1.307216888097174901e-01
8.188361694152143655e-02
-1.214343594888525502e+00
5.769787464014132228e-01
-1.298850713976972548e-01
2.641824597502957950e+00
5.440668896601158488e-01
1.023668023724426224e+00
1.534489166535592419e+00
1.078493428959384826e+00
-1.340473805522420792e+00
-2.047628798950784201e+00
-9.582508800622102640e-02
-7.828349136779125805e-01
-1.309156484243726992e-01
-7.889588246786251036e-01
-3.300107038786019298e-01
-1.079063411121133242e+00
8.221230445910964191e-01
1.608370378282605595e-01
-1.201291151473884433e+00
1.158437482318213502e-01
-1.506394673659388506e+00
-8.495503462641432746e-01
1.915025916268361827e+00
1.722398483957999216e-01
-4.349323403661893850e-01
1.380220072343891102e+00
1.403452806517083706e-01
-5.860693310398755740e-01
-1.408443486344380435e+00
9.840596788692992924e-02
4.614067571356319508e-01
1.768037911393722517e-01
-2.551138126493808223e-01
5.010334381573989804e-01
1.102960748766335319e+00
7.348613212755895630e-01
6.915789465785594503e-01
6.494453998089061431e-02
5.566929875464260435e-02
-1.235505365127619326e+00
9.959889162449347966e-01
1.960314122462284980e-01
1.258770903418733544e+00
7.831862496435734178e-01
2.844656885492746756e-01
-1.255442623144417791e+00
-7.385137489985396098e-01
-3.514282221855105637e-01
6.545660070567901334e-01
-1.659399049186893960e+00
-2.670444052397931145e+00
-7.493191972387439614e-01
-1.663823734594418735e-01
2.005707726342531583e+00
1.274257639577460965e+00
1.395266427730447401e+00
-1.984512024375785000e+00
4.665836262569392212e-01
-1.011944757664196448e+00
9.068374074755097825e-01
2.072358194998980441e+00
-7.807586484660917758e-01
1.238693625514954988e+00
-1.822506989062909089e+00
-8.768004750031258565e-01
2.647601831281693463e-01
1.294803964041518762e+00
1.787309522464799905e+00
-1.143326717625655187e+00
-8.035813802880860113e-01
8.123525988876093562e-01
4.841078409838010105e-02
2.804814752825935953e-01
-1.308828440213037680e+00
-6.809560881430718471e-01
1.438785499317955630e+00
1.691623984789115243e+00
5.089344620003061204e-01
6.160139678092432236e-01
4.006698988579693310e-01
-1.645878183887035773e+00
2.769655760018850388e-01
-1.901016703458265678e+00
4.811654082550315126e-02
-7.472958126417155178e-01
2.825782797314406736e-01
5.905939618938278457e-01
7.569806659390693193e-01
3.454544228982207033e-01
1.053150082374680441e+00
-1.147758564903859219e-01
1.009860551396643213e+00
-2.181096948479368525e-01
-4.243528999589554207e-01
1.503450246885527364e-01
-1.222497424960544476e+00
7.345613534547642542e-01
6.486516996091190590e-01
-4.527802898301280798e-01
1.129751596762181842e+00
9.051829865171175937e-01
1.650212154593425906e-01
1.982183981424470387e+00
-2.666468074215459172e+00
2.301971103878156823e-03
-1.193757392796569672e+00
-1.673043855558912218e+00
-1.036197683377260814e+00
3.116482312040243577e-02
-1.017773920220467421e+00
-3.936480073436953719e-01
2.962990762447183513e-01
1.387666288933063319e+00
-8.842852971686217256e-02
3.006673193018162826e-01
-1.623701525173731453e+00
3.617988297889118687e-01
-8.472223280501587350e-01
7.733803220270527579e-01
-4.451962202527920409e-01
-1.339482439078710230e-01
1.920007172294801653e-02
-3.660281196091508260e-01
-8.159042748397810074e-01
6.199883722266938957e-01
-7.086298589484478772e-01
3.446090911465565232e-01
1.364804747242596705e-01
-9.003147519988565772e-01
-4.798511870861438822e-01
-6.128305825648965033e-02
-7.057312333562465456e-01
1.588046701257818938e-01
-6.223248156582735779e-01
1.657612857830421893e+00
-7.238367541741480560e-01
3.955049323834842340e-02
1.632082525731036460e-01
2.129494486029456457e+00
-1.101274112234959190e+00
7.401819090795683787e-01
9.780636653608120179e-01
9.050375045710117305e-01
2.493183740000332715e+00
1.763155352246826846e-01
-2.389521589131677448e+00
1.187234814228578905e+00
8.539137021868711264e-01
-1.417712523075431497e+00
-1.284828280175972948e+00
-6.515270422488826929e-01
-1.507533573152488593e-01
2.622964602619735630e-01
-1.170333345905566202e-01
7.769151895758072968e-01
5.834882492739887905e-01
1.882030253463658820e+00
-4.911040561349579447e-01
1.825988498032330876e+00
-1.033622459036990682e+00
-9.612278923151854615e-01
1.249376749972729961e+00
-6.267847300694759927e-01
8.144095716477286473e-01
-7.533011896160587417e-01
-2.606426223462739444e-01
3.790258250236402948e-01
-2.321852100660324048e-01
1.420736507774877255e+00
-1.030162604713675600e+00
-2.684841137965247593e-01
-1.311232620120290404e+00
-2.726360888327253873e-01
-2.039305526433724758e+00
8.730452459674034049e-01
2.153032010580641753e+00
-8.973920381743931696e-01
-2.183142085117795728e-01
1.474737710911836031e+00
-1.969307455532785633e+00
3.973804666388450202e-01
-1.063617669912013453e+00
1.528646111009575481e+00
4.931027525138436118e-01
-4.603452245762379436e-01
1.161075403051750721e+00
-1.836793794069424210e-02
9.765396515549663592e-01
-1.225418031877207659e+00
4.371604270151946414e-01
4.100593353044799105e-01
1.330109137481886861e-01
9.236868326433184118e-01
-1.029814075425187075e-01
-2.574933627554246707e-01
-2.382473276749087487e-01
6.167956909152157996e-01
2.482456428939590065e+00
4.297842098653456566e-01
1.276297836539884933e+00
1.165818075069803006e-01
6.358448780767979036e-01
2.329346896884876283e-01
7.939094023379325016e-01
1.124049195266136891e+00
-3.081857028559114031e-01
-6.996206171513489336e-01
-1.318088471632235192e+00
2.722071730551128610e+00
-1.294132483365397768e+00
7.013639229201152903e-01
1.305279145974385380e-01
-2.158462098675279162e+00
-8.046494682829407052e-01
1.391797431722471723e+00
-2.186738391810215454e+00
3.210624621483054719e-01
-1.156779215626206669e+00
-1.143022995707116296e+00
-2.565138685085422421e-01
-8.167980451383512197e-02
-9.873412178427195540e-01
-4.101528743993700377e-01
-5.602635246022934501e-01
-7.532604570392391619e-01
9.146199338805454868e-03
-6.898759146588048230e-01
7.905264488624594854e-01
2.704302440353126280e-01
1.999639207084719983e+00
-1.229195792384614849e+00
-1.139050669457383869e+00
-2.231849280429137050e-01
1.662228956052612672e+00
-7.207924920769130314e-03
9.992897911577370840e-01
-1.481648971676314541e-01
5.002332684172894339e-01
-4.599643502610558099e-01
6.981225865664686392e-01
-3.536049836588284756e-01
-1.662587798854241461e-01
1.331273479928258563e-01
1.295526374404731007e-01
1.638392604995213997e+00
-6.495476448502123246e-01
6.440675923375874801e-01
-3.183665042495815722e-01
3.147892974977445912e-01
6.360268964284414572e-01
-2.330888154462657624e+00
8.348255424907030653e-01
6.703603310361628820e-01
-5.034892298556186141e-01
-1.267070014788995169e-01
-9.421636047719413043e-02
-1.965083810801386832e-01
-2.126976771228626273e+00
1.770386976670449697e-01
9.434732524474893633e-01
-2.050957292661824027e+00
3.310530882736341107e-01
-5.259072992819892045e-01
1.424853217161902830e+00
-9.382197926338802230e-01
-8.716092422372367921e-01
1.247844791919529572e-01
-1.051456016011894867e+00
-4.963193313759201031e-01
-3.222684207982946525e-01
-3.837818045860892924e-01
1.511431365706480678e-01
-1.530004594615875568e+00
1.550315330658522950e-01
1.357997972649243879e-01
-1.088745908646435279e+00
-3.586664086665091733e-01
2.787101872967091332e+00
-8.489391088897376703e-01
1.171153564637406719e+00
-6.399578962449523623e-01
-3.785777702363605224e-01
-5.002737367284566528e-01
-1.205755145874632506e+00
-3.278802978765751330e-01
-7.641965313896492695e-01
2.954105363646515325e+00
-2.029671834101669070e+00
6.633435180650696372e-01
-1.414577391183391208e+00
-1.458476165078716358e+00
-1.888372874674100199e+00
-3.051859995217950372e-01
8.692629229017638792e-01
-1.157065232384606679e+00
1.848272968750915837e-03
5.058748543134767434e-02
3.094853634901658102e-01
6.785074803316100134e-01
-6.063417111752050781e-01
1.051721459571929550e-02
-5.256519243540010988e-01
1.423029568238204812e+00
1.845966323139264009e+00
4.917191509398901594e-01
2.012290008429663268e-01
1.228091956398657869e+00
-5.016090042028595875e-01
7.082478233894494712e-01
-6.922902385834061034e-01
-7.783255008693085175e-01
-2.471811932765856368e-01
-1.802462746489515988e+00
-8.964257991646841228e-01
6.312378302392163826e-03
5.129460910618683922e-01
-1.416345152763589965e+00
1.568426472957051621e+00
-1.401899543039441254e-01
8.319223059994380609e-01
1.075382847016253862e+00
-1.526746661240224956e+00
-1.786910773651990469e+00
-1.231701987340833693e+00
-7.821338918277703778e-01
7.423214474514719385e-02
1.688804914574497218e+00
-5.870756369704432931e-01
-6.604953927987068374e-01
6.176382629120202861e-01
-2.066173617636852811e+00
-4.432125240709454683e-01
-8.266758808922491930e-01
-1.501849725102227251e-01
-7.544197232832587918e-01
5.474177954810202085e-01
-7.049207432475266266e-01
1.505400843779441077e-02
1.483201822664095060e+00
-4.054986011549188696e-01
-8.508381600018420921e-01
1.160246626693623301e-01
-1.561297102618133259e-01
-1.702026861745789821e-01
-9.210761234583651758e-02
3.292752038883161592e-01
-8.740141867066992809e-01
-1.909695551443578720e+00
-6.218984827465853238e-01
-1.496471824615154711e+00
7.837928507803967326e-01
2.060440847900607331e+00
2.778824441369794340e-01
3.339277444037590525e-01
-1.015514549808137712e+00
-4.211771014823791764e-02
-2.309437432926782774e-01
-4.723983527498419321e-01
-9.660199154876848437e-01
-1.233036685391123433e+00
3.145007527650920953e-01
1.886700829698699788e+00
-1.405792302693098239e-01
-2.682938090150354671e-01
-3.181211322542275011e-01
6.651586938812780181e-01
3.683050300224020024e-01
8.625124913757451495e-01
-1.322814340279909739e-01
-1.002406965819055751e+00
1.648088484091927153e-01
9.259885680820335585e-01
1.203346130945365244e+00
