2.079978040682911311e-01
9.605284961778460806e-01
-2.790883565094359059e-02
-8.370463111196723149e-01
-7.487927891959990090e-01
-6.990393443721892863e-01
1.085335102845562005e+00
-4.588924889854312239e-02
7.126990980095174733e-01
-7.037968039360643635e-01
6.622636827356618294e-01
1.345952486518259716e+00
4.018429866532704509e-01
-9.308982253912424509e-01
-2.339309546847115895e-01
5.592214684218254073e-01
-7.813649144377224354e-02
9.750535132753799239e-01
-1.486453012446247834e+00
-3.355759547151161426e-01
1.091213174804215091e+00
7.652442037734416003e-01
5.676425429969889080e-01
2.050707023286704456e-01
-8.883835029496199853e-01
-1.199654568442967278e-01
-1.092750084681437972e+00
-3.216932112791948684e-01
1.029197968572950872e+00
1.349346948044511940e+00
6.071851829661566446e-01
-1.913706474399774760e-01
-9.853609298208566569e-01
8.761601418436873456e-02
1.618719917061225699e-01
5.433338775096915318e-01
9.518467105634471626e-01
4.709913093665016315e-01
-4.402279046276831864e-01
-8.069870096989814057e-01
-9.496266954395381488e-01
-7.928798032176177513e-01
1.081904240141357665e+00
3.670628232529885016e-01
-1.897984327424572015e+00
-1.929270627916837455e+00
-3.596963644467215948e-01
5.063082135427297015e-01
-1.170380754980616111e-01
-1.359754896088236076e-01
-1.020132160255486919e+00
-1.146622352480323181e+00
-7.230715543238434018e-01
3.040895636030172544e-01
2.830041322862329789e+00
1.732800600940008484e-01
-1.081622574833712047e+00
-9.243255472143826479e-01
-4.126787286535391064e-01
-8.193569981657863321e-01
2.623968871987318319e-01
-1.533472913824571515e+00
-6.455314070783919611e-01
2.995069666513177076e-01
1.123577142117884176e+00
-9.110569694266184015e-01
-9.741558535888293902e-01
-8.941158273939965317e-01
6.830058776764514894e-01
6.114409302162997495e-01
-2.123668902507808154e-01
7.632931736412644774e-01
1.527632012664160710e+00
1.626537979298649850e+00
3.435806953238911277e-01
2.024442126328185598e-01
-2.080972177908116116e-01
2.513540816785004295e-01
-9.093156204765784345e-02
-1.195474982204972170e+00
-1.341081970127624201e+00
7.739012439538738297e-01
-1.616120756069891584e+00
-6.024583262517352322e-01
-1.724487197478188127e+00
-5.425140392549891999e-01
-7.324665997758509350e-01
-2.321454390143380953e-01
-1.327706871697189595e-01
5.645159007012299224e-01
-4.840211698696091358e-01
6.961404475704201511e-01
-1.227935174415112796e+00
-7.080736223159860288e-01
2.279402115024794784e-01
-6.826769902691774972e-01
1.460038570651352174e-01
-3.794189254594660388e-01
5.854783796246616490e-01
5.028543751164323838e-01
-1.452101325569534085e+00
-2.939137878457922071e+00
3.922608555810199737e-01
-5.684077223780655830e-01
2.240736597860677748e-02
7.855306514547644170e-02
3.972639312899468034e-01
2.264602863825530221e+00
2.224211706228494123e-01
-6.973805931434963190e-01
4.418682344559493047e-01
-2.713125425158597892e-01
6.369289239620894438e-01
-5.263268591733897273e-01
-6.530102768561821813e-01
-7.882678692147626620e-01
2.945524261837604435e-02
9.137810253076321665e-01
1.250053061103994390e+00
-1.324312318807843614e+00
-2.087582119065047592e-01
9.483433781606351864e-01
-1.825852199277720578e+00
8.290471872659501695e-01
9.650095307966821342e-03
-4.371031446089501116e-01
4.166396953734823744e-02
-1.862814869223684111e+00
7.317750575753687592e-01
3.876104026593689134e-01
-4.855534549653333642e-01
1.291949491482291545e+00
-5.247951428692915199e-02
-4.562187104342830257e-01
8.317560143592350741e-01
-5.778043591858659234e-01
-5.589721316663158746e-01
1.482867457943350731e+00
4.132307302831493279e-01
-9.288106830076154480e-03
3.901663102267607375e-01
-1.816754543327208760e+00
7.664353343336652857e-01
1.256338395538430852e+00
2.506467747226198695e-01
-2.163813322355212787e-01
-1.079800100740877095e-01
1.721511037429253488e+00
-8.255536837006998141e-01
7.003344669301406200e-02
6.738125159883713300e-01
-1.338986043777633972e+00
1.116336434864630273e-01
2.104320724274101884e-01
1.803154614181068927e-01
1.052277309728967714e+00
-1.270708268849760403e+00
9.842511024440577794e-01
-1.654904650413952405e+00
-3.836028387807676743e-01
8.242698930948473557e-02
8.184928831634860624e-02
1.062555571552677297e-01
6.464984815944242458e-01
-1.900315146836812630e-01
6.574265698421993820e-01
-9.237002069833870621e-01
-4.441152641817381896e-01
7.786543055738855967e-01
-1.365388447490943458e+00
1.849101697899917962e+00
4.370631609007842866e-01
-1.408383348189045647e-01
-6.747808526822401953e-01
-1.181329479329684240e+00
-1.201595981825002379e+00
-7.316274087103908919e-01
-1.239551295753186899e+00
5.899311505870615813e-01
1.945744311662404025e+00
2.099068720264392687e-02
-2.333765257584814734e-02
-6.064475789797595384e-01
-1.167832874549145972e+00
-1.716719858360492790e+00
9.410954887635039068e-01
1.095296617952015161e+00
1.274968523935641682e-02
-1.113708309700671244e-02
8.881515034431750610e-01
-2.221729911779589950e-01
5.749434876637048442e-01
-2.288529281267999427e-02
-1.789986943960066856e-01
-2.252854959392441181e+00
-1.683789013859946282e+00
-4.902905773963540659e-01
-1.812764728655037683e+00
8.836090096084373569e-01
1.231287553687201025e-01
8.709228931167326548e-01
8.240742367634663612e-01
6.664253812181701875e-01
-1.637622944229412125e+00
-1.337598216629539705e+00
5.391321635503903975e-01
-1.901189662536572955e+00
-3.682926487030057094e-01
-1.028103059085630377e+00
-9.488582008261824408e-01
-1.163935912904986658e+00
1.543425376137326666e+00
-6.283084939521056400e-01
6.235896610925614203e-01
2.603196264643219404e-01
4.088378564808325399e-01
-1.354617621274003758e+00
-1.471504517978527327e+00
7.665968474959241608e-01
5.416124772163574130e-01
-4.687606055378609193e-01
1.432315060021912834e-01
-6.813620156007270667e-01
3.761846004951448497e-01
-1.703737798904890521e+00
1.752856324368994523e+00
-2.058360404112733744e-01
9.273577396795213978e-01
-6.393690414945890632e-01
3.118540815406017352e-01
-5.325155350166692614e-01
6.272471349099068005e-01
-7.990302322629186937e-01
5.560206120937387642e-01
-1.931169674179894213e-01
-9.126067169006452096e-01
1.265724344562662029e+00
6.108918190221317435e-01
2.031302093703348355e+00
1.393514371200050395e+00
-8.284477659272716510e-01
1.385145893022533992e+00
4.251001820282276911e-01
-1.762703220222689326e+00
-7.476297942942852770e-02
-6.760660115852827612e-02
9.055004781131184011e-01
-7.895187626170550865e-02
4.729063492237357558e-01
-1.026312787654411585e+00
-1.612633702641053324e+00
1.720579158589622182e+00
-1.011455030808747768e+00
-2.123574745551326526e-01
1.641671669973236325e+00
-5.534858355112652895e-01
8.553941858779461338e-01
7.307987675563113461e-01
-2.100154931088009658e+00
-7.470256883934627279e-01
-1.661134013712341484e-01
-1.715776523582692170e-01
7.195895129784298794e-01
-3.975899015539617887e-01
1.335115415350472956e-01
-1.048590177876485147e-01
-6.806556821220750564e-01
-1.250558076022161513e+00
6.270239905190727603e-01
-9.990966490444982417e-01
-1.075442271369348113e+00
-1.896230986952968767e+00
-8.689565005162904754e-01
2.415262795491234904e+00
1.279727094678934973e+00
1.614629513844525466e+00
6.757862305683894899e-01
6.777645756836694346e-01
-9.872938069590025956e-01
8.538007284339386160e-01
1.891250668026738913e+00
2.009949908727517887e+00
9.621434844838031575e-01
-6.606742063723232139e-01
5.659076157974113341e-01
1.009019360961630959e-02
3.022498880533766030e-01
4.184982152588910820e-01
-1.085218342937789987e-01
4.268831497053363622e-01
-9.191756556175152415e-01
-1.819603855403313819e+00
-1.434905739589171336e+00
-1.249028604729361280e+00
1.701455748904740772e-01
-5.765725491893536336e-01
-9.689249381678757267e-01
-3.824428384873890807e-01
1.255674019538139952e+00
7.273133949810689503e-02
5.897737068140675998e-01
-7.121058608992374417e-01
5.500316784888724664e-01
-1.483729299035753790e+00
3.822037251307077721e-01
2.133257175325301291e-01
6.072783175564266944e-01
6.674449257122235801e-01
-1.087739119070047389e+00
-1.157382710769983003e+00
-1.014728738931697904e+00
2.634781155740461567e-01
4.816247590378212595e-01
5.786664574562576657e-01
6.658384759943580811e-01
5.257531951864933273e-01
1.474782551179030454e+00
-5.769008890458338090e-01
-4.454987483940300308e-01
-4.849238054421242672e-02
3.441975538676668722e-01
-3.117398661497552403e-01
4.444009329993380691e-02
-1.761627354087114794e+00
1.718058950029930643e-01
-9.417905271254185806e-02
-1.138935538031789069e-01
-5.252556912704597902e-01
7.621301656303678396e-01
9.447469168599103018e-01
7.338799397919413270e-01
7.379211677650513446e-01
-1.501439382536172262e+00
-2.012238902146599617e+00
3.359508662597451289e-01
-6.210333963991393480e-01
-1.670314625394918373e+00
4.883807741174980843e-01
6.443780067062819805e-01
-1.425646848036392411e+00
7.320301425876958312e-01
-4.627745904766739776e-02
5.234160034018723318e-01
1.990356308907081484e+00
5.958026440351389397e-01
2.200092922131256845e+00
1.327770246207056859e+00
7.771810379164435512e-01
-7.983986647806839976e-01
-1.941774459710263745e+00
7.996048277304499408e-01
9.530193078761363401e-02
-1.820331529291757011e+00
6.149995613016409068e-01
-4.650453089285158659e-01
3.886341479978069335e-01
-4.568322625998368913e-01
3.043224734000047893e-01
-6.240292505496747300e-01
-8.183646997720336325e-01
-9.936886250414386224e-01
-3.244559151003775233e-01
-3.272829433940140920e-01
-1.124040635901613960e+00
2.435800452650436210e+00
-3.597197013347172012e-01
-5.076426140971752599e-01
8.256336681940841249e-01
7.994438429619687980e-02
-7.652254086541864231e-01
1.854555107469712860e+00
-7.369634821203357999e-01
1.838095647494420337e+00
2.160796074086582141e+00
-1.839290370667176766e-01
4.729955762383383777e-01
7.755651981655720117e-01
3.812571979387028853e-01
-1.074071060685610979e+00
-1.245163887485511101e+00
-2.819116274443314585e-01
-8.879139780433282780e-01
8.555456190500235758e-01
-9.104350088115797934e-01
-7.240451568563338602e-01
7.764757190704855982e-02
-4.444179408524838726e-01
-1.386414775367163399e+00
4.008762489018450337e-01
2.647404256320579741e+00
-1.159041646435229778e+00
5.632438181005651190e-01
-3.495219842585295389e-01
-1.889768265942941783e+00
3.965250970503287342e-01
1.879833891948286650e+00
-9.106201173087770107e-01
-3.525883737780989291e-01
-8.246704880974992102e-01
3.537784077929802540e-01
-4.658245346284532462e-01
2.567106279535117386e-01
-9.927326072513107391e-01
-1.711832803286471652e-02
-2.997783213885982789e-01
-1.744779928955326742e-01
1.104038961136228014e+00
-7.723999838250326100e-01
-1.717622756570079618e-03
-1.184008851242983162e+00
1.186513280981512874e+00
7.818490552994377119e-01
3.109314830319011014e-01
-4.485387408350061111e-01
1.653285967586585636e+00
-7.398260131369138737e-01
-7.096434223486954851e-01
-2.535453855382724386e-01
-5.056046355371411893e-01
3.238240468971098629e-01
1.207252900112915306e+00
-2.212890811993312390e+00
-1.557887174723690649e+00
-1.080627367889800405e+00
1.066877575978695120e-01
7.323636077388288868e-02
-1.499505594637201566e+00
1.163977280418346805e+00
7.934882426914481313e-01
-1.600031075676342951e+00
-5.135927427907786003e-01
2.140224073439419339e+00
6.931473549848394811e-01
-1.048165656060865841e-01
-1.302705300023601520e+00
7.656277614226161266e-01
-3.035014583616441608e-01
-6.369370313564212127e-01
4.270994238063142989e-02
4.337179451310424483e-01
-4.803853095974295884e-01
1.473792640372849627e+00
1.168143574386430794e+00
-8.442896809217271814e-01
-7.701891811720389391e-01
-8.547154291866738696e-01
2.131985377968692141e+00
5.201870426612147380e-01
-2.608242072695597713e+00
-8.217917352214225701e-01
-2.462772206255191554e-01
-2.337913540402850376e+00
-3.779373775475800001e-01
-1.468164805836325915e+00
5.896185799174958886e-01
-7.806133537672047540e-01
-9.114160685404423257e-01
1.236022396080260627e-01
-1.269096427383316517e+00
1.327060801890823649e+00
-8.602040366434308138e-01
-1.563822332693876715e+00
1.975020846062890967e-01
-1.215721443255809026e-01
1.600469286806783797e-01
-1.026792686351588879e-01
1.129845164155619086e+00
7.856413069690242335e-01
-6.417697733177057939e-01
-2.174514911431227049e-01
-3.848042305187114320e-01
7.377265070847157657e-01
-4.697464492466627006e-01
1.598449095462143976e+00
-2.053516051293648170e-01
5.465661998278942280e-01
6.141843239153270684e-01
3.767570874148102322e-01
2.719854406899949173e-01
5.395611165854352631e-01
5.794751462352274451e-01
2.198719305058887893e-02
-1.335236059720276813e+00
-3.497910942994773009e-01
-1.229640390635773128e+00
-5.937111150115369496e-01
1.400247772230085452e-01
1.980317567342505802e-01
1.163829850747129635e+00
7.090977388897039546e-01
-9.441415650625987199e-01
2.132653595688903447e+00
1.070686927536030009e+00
-1.902180933956015840e+00
3.506540930060509931e-01
7.376820375655184225e-01
3.214438897674890550e-01
5.024906562332153576e-02
-1.007304276091827600e+00
-1.380770803558644344e+00
6.130288132865474582e-01
1.600742371477455128e+00
8.301917606291844276e-01
3.029763816408337362e-02
3.137578529401640615e-01
-1.076741666632762412e-01
6.546020938797503241e-01
8.388609866322886965e-01
1.094640590297767113e-01
1.597762372921986751e+00
3.378308983682028477e-01
1.080951453471225232e+00
2.076213426950924146e-01
4.998671736966901757e-02
2.665887937596391616e-02
-2.956568065675913015e+00
-2.609894864972582551e-02
1.112039264977810138e+00
-3.189650696354727200e-01
-1.159720469269716725e+00
8.085491654097070047e-01
-1.701039135842119965e+00
1.171069867352210470e-01
6.784583177110018459e-01
1.907172333836842260e+00
7.190022745118436476e-03
-1.107430134013720258e+00
-1.876205728747560419e+00
9.002735754681998603e-01
-3.907327274529108219e-01
1.140769949131087646e+00
4.591765510439811404e-01
-7.070237862982622357e-01
2.232060636240975338e-01
-1.396342081653106248e+00
2.084051368165031892e+00
-8.062488936649787608e-01
-2.429416912336689605e-01
-2.095085924668974309e-01
-2.239034365327986775e-01
-3.488917655668991036e-02
2.317498278738899242e-01
-1.561125745323372338e-01
-2.127059534261185991e+00
8.165782364136463523e-01
1.737060967972133607e+00
2.609743732152596807e-01
1.138693296354328366e+00
6.885275592552854151e-01
-5.912198774013920355e-01
-1.439075086919560098e+00
-8.619292829289724178e-01
-8.375127830758128944e-01
3.794371804265309067e-01
-7.716743922135869960e-02
-5.237068290713511320e-01
4.896439079248431914e-01
-1.157281062558684681e+00
2.276974217691316305e-01
-6.393342343198562538e-01
-1.545304680178072099e+00
-1.630382214636178828e+00
1.166832146700242046e+00
-1.159694531556608954e+00
-1.317126723247804998e+00
9.263911965344657773e-01
7.378750169120805447e-02
2.201385949453840141e+00
5.057359638667052737e-01
1.157324564651494692e+00
-1.651124955172309283e+00
-7.250326854324410375e-01
-7.113009510598332363e-02
-1.528486011059929650e+00
1.456821741370657231e+00
-1.061031417797216880e+00
2.322879811857874621e+00
-2.191264067812954686e-01
-3.357489566934311886e-01
-2.223095678647091233e+00
-7.395282822651678689e-01
-1.041569560997425370e+00
4.246545058339756817e-01
1.095943497087949331e-01
2.495816721174872604e-02
-7.571653421679324092e-01
8.779704359405121616e-01
2.337246417025195533e-01
-1.345096182434454724e+00
-8.681532117726414866e-01
8.675986727186464353e-01
1.205923974417622835e-01
6.708955331653314591e-01
6.804330491629372313e-01
1.032897043315779362e+00
-2.645909086257026976e-02
-4.229183785083384106e-01
-9.745304229208219260e-01
-3.699539550372831220e-01
1.212320380324407171e-01
-2.254347299638437274e+00
-2.752942816421320021e-02
2.529530341087258827e-01
1.171792741838255880e+00
3.798529903159503229e-01
-1.283238521916824304e+00
1.049238258448369709e+00
4.994035891264509419e-01
1.416723767770223519e-01
2.379264753511117214e-01
4.800193283776018061e-01
1.059994626571537202e+00
-5.889443042464705957e-01
-5.477229971422850063e-01
-5.915119433097142387e-01
4.949219922646111436e-01
1.160636355689970367e+00
1.502249956402244901e+00
7.294112669036756369e-01
-1.594199878678813187e+00
-2.524522336701970349e-01
-1.209584628433618247e+00
-8.074297869824379470e-01
-3.618504733261797557e-01
-1.507130025919023453e-01
-7.814224222899139871e-01
-6.851615198664292583e-01
-1.050638858434539857e+00
-1.895877717074763824e+00
3.082301689537079309e-02
-2.461827160771949685e-01
-6.529116306449361286e-03
4.809492280243975182e-02
-5.355175585641922531e-01
-2.989626774960678635e-01
5.996195532535537887e-02
1.011695984706546314e+00
1.660716996463823092e+00
-1.459409648208585208e+00
-3.708939079924486459e-01
-5.320840069503435937e-02
6.680097705192035162e-01
-2.713725714013122681e-01
2.892489681410001512e-01
-3.749232861879226580e-02
-1.198810987007510764e+00
1.170569400823001788e-01
8.193799409964355740e-02
6.254925478792919269e-02
9.243231558041304918e-01
2.329075901004957316e+00
9.650584599552227694e-01
2.257557502660429538e+00
-6.966954135174825424e-01
-5.673514158625941883e-01
2.144909589452087317e+00
-1.443872915825554548e+00
1.217764726850270929e+00
5.598184172468637643e-01
6.129159277821092378e-01
-5.874434354672132264e-01
1.223920637032563041e+00
1.379308276357365193e+00
9.766201532222138493e-01
2.182018063236748961e+00
3.653732871704897800e-01
-7.147971887097391841e-01
6.647594628673395012e-02
4.482438367089779385e-01
-7.599439511703791617e-01
1.230026178240259060e+00
3.776508318762327732e-01
6.369036027669139344e-01
-1.377839735206260574e+00
1.372101975318629208e+00
-9.591675922481965322e-02
6.688712378791110691e-01
-6.939227840748083409e-01
-2.099952965958791662e+00
6.026573856815703456e-01
-1.663466373408049259e+00
-9.285618366879111463e-01
-7.724377123701572367e-01
-6.640416221212023240e-01
-3.398048825036416032e-01
1.693993863711761749e+00
-1.483587570106659204e-01
-2.080737381800366603e-01
2.175124886360247506e-02
-6.659133475994065687e-01
9.035934152743591019e-01
-8.199305152576445987e-01
7.465054609343632630e-02
1.370203953849922496e-01
-4.042473709115371010e-03
9.327006942255794408e-01
-8.525471175202203877e-01
1.786080762755201556e+00
1.255780231919715606e-01
-5.080769831852351981e-01
-1.028268770120827069e+00
-2.580697026630177415e+00
1.007206186635470901e+00
-1.265118672379323961e-01
2.729582409183463065e-01
-4.998495814861143773e-05
4.419047170340761888e-01
-2.537072575499744187e-01
-1.075319019357497075e+00
-5.873157073431963804e-01
8.971129173676640756e-01
-1.418989719985559672e+00
-4.068256977362836868e-01
1.775400256942032851e+00
-1.159967607249974275e+00
7.084961041881939758e-01
-7.055152943385682718e-02
-2.318328655479467759e+00
6.428256546028326968e-01
-9.745383551623313378e-01
-2.030998762152139148e-01
-1.546024578401653526e+00
-7.922465679431601737e-01
-6.332123737681459863e-01
1.212247204748966967e+00
3.910607221395391853e-01
-8.095825223952857197e-01
1.643079243211759577e+00
1.734349787511294760e+00
-1.920523512795418775e+00
-1.122521441058374370e+00
-9.868286346587360480e-01
7.421466984506689402e-01
-2.070180411304252566e+00
5.438104405261565688e-01
-8.684839930925538631e-01
6.082628800760592029e-03
8.200061782512702013e-01
1.155403890218236196e+00
-5.721379622212064975e-01
2.528430762382284369e-01
1.414841095434491214e+00
9.609309727184777161e-01
-6.576425281764818331e-01
-1.010062901637584609e+00
1.903216173076375736e-02
-1.039090262442681878e+00
-6.066783262335030402e-01
-7.571094275562598730e-01
8.988262988877479542e-02
-1.615157319889441445e-01
7.061354556345191824e-01
1.900224061026563938e+00
-1.562680896832736310e-01
-4.030724661024011057e-01
1.406366889743590587e+00
1.811094256935320557e+00
6.699314786436324498e-01
-1.855383638116283110e-02
-7.910937248707874958e-02
1.291994323551671986e+00
-2.435259749447565847e-01
3.132909835153976918e-01
8.275620447614239206e-01
-1.017290205196371922e+00
-7.943380070784562541e-01
1.012905249689429743e+00
3.243230265877452001e-01
6.940019675877112659e-01
-1.105475561481569668e+00
4.684070574185825175e-01
1.298102526864544526e+00
4.696208613117670017e-01
-1.273677782536193348e-01
8.331938378215880681e-01
1.698520541192278577e+00
-1.905210616372861931e+00
-2.031857247423921597e-01
-1.276145441986568763e+00
-1.713311895573818688e+00
-9.124060256823485204e-01
-9.555850871717389561e-01
-2.977057001174879813e-01
2.788041731212617114e-01
