9.467605066992847984e-01
4.543541486168058974e-01
8.525816514362791754e-01
-5.762494005090941229e-01
9.541973450351335373e-01
-5.807528608882611687e-01
2.031857016527581994e+00
-8.608327271407909542e-01
2.573480549482439761e-01
2.962751964953763140e-01
9.607648942598017161e-01
8.994374887603837632e-01
-2.961963592801402090e-01
-6.162368742395311072e-01
-3.662700413164227675e-01
-9.905358993606367957e-01
-1.002710896638309590e+00
-1.589603915153901426e+00
-7.407643496220280843e-01
-1.062567012320349835e-01
-1.388601294240093820e+00
-7.223918209479187613e-01
7.290714113449221490e-01
-1.905406216250560503e+00
1.947460359407057418e+00
4.761380064901984954e-01
-1.000255543508817402e+00
-1.163739940961605823e+00
6.231016390454745535e-01
1.656273340804552685e+00
-5.324083275565614226e-01
1.444716506853757521e+00
-6.208331520418195471e-01
-5.793825338372272649e-01
2.926172315169937588e-01
-1.793129899152316797e+00
-9.612580133245207659e-01
1.088710315046074406e+00
1.041251741470971881e+00
4.287225402261646834e-01
-1.125210267558586441e+00
5.447331377850301096e-03
-4.886199820584226083e-01
-1.211251799889383696e+00
-2.361471878726632556e-01
5.150073366598469926e-01
-2.060365803118342942e+00
1.863767991654472933e+00
1.190716162434080960e+00
1.086531447124032823e+00
1.298730997074712290e+00
8.641978103875473938e-01
5.633420526804671091e-01
-1.416140576459198552e+00
1.391870877136453410e+00
-1.875710716094243502e-01
-6.403076348439268317e-01
1.198873701027155236e-01
-7.278425194732949244e-01
-1.861973084428861780e+00
-1.397045583433667026e-01
1.391770924136704002e+00
5.819571628436623900e-01
-5.248694803648625840e-01
9.648777245700771443e-01
-1.702636491146609365e-01
-1.091350809623950147e+00
-2.126925300154108189e+00
3.380030189540184637e-01
1.070379020029044170e+00
8.075517168023599313e-01
-8.501292914585572014e-01
8.761618787156734145e-01
2.490911583956035291e-01
2.304990177944913565e+00
-7.807339895114197015e-01
-1.758423429946013097e-02
-5.038730078352632313e-01
1.271825132466467556e+00
1.106931103056330024e+00
5.771528586338188216e-01
-4.407550774260859949e-01
1.285479781414274880e+00
-5.615446397052094030e-01
1.537994091727116763e-01
-8.312966141718040047e-01
-2.442260313639529334e-01
-9.320043793375020202e-01
1.246904711058641757e+00
-1.339925826811591225e+00
6.434284339111948636e-01
-6.883684550132519453e-01
-1.478208057084426486e+00
2.891237855663523169e-03
9.881108895500642086e-01
-1.664703617522284573e-01
2.201960176035188788e+00
-1.644543897790929909e+00
-1.810667721202495084e+00
8.656982283228380551e-03
3.244726361361114919e-01
-1.165699793400427398e+00
-7.133839592992673451e-01
-1.247981919863599076e+00
-1.208849518695537473e+00
-1.055852230588502971e+00
2.165801901316573852e-01
3.175845701972054957e+00
-5.911994331408806369e-01
-2.459855664600663072e+00
9.058031250582510019e-02
-2.045570649413402275e+00
-3.720712497097944382e-01
1.750471764099910954e-01
-1.510910711348914637e+00
1.135281990241530058e-02
-5.649672753953562943e-01
-4.158183336069576873e-03
-4.037806993765136188e-02
7.714709154160024340e-01
6.874585535149639881e-01
-1.156752002184057826e+00
-4.786109907489249360e-01
-2.028071457762116725e-01
2.160806707271792707e-02
-5.054794035158821641e-01
5.281501030276880559e-01
-8.536117345835682046e-01
-8.001618461154382314e-03
-4.337709477158770977e-01
1.945618914133533106e-02
5.699471420617604478e-01
5.343817595648363561e-01
-3.351666132550354948e-01
-2.987855494517899224e-01
4.663226829068187751e-01
-4.258174127292034816e-01
-6.894601965746092187e-01
1.473418978379045230e+00
6.419725232543064264e-01
-1.162028839843790351e+00
-8.693232735228074715e-01
-3.958412997145024925e-01
-7.597828415923644219e-01
-1.297690051672600431e+00
-1.030649484072819533e+00
-1.896575740739365079e+00
1.177591209412855777e+00
-1.281480965230026525e+00
-1.145487322886963089e+00
5.509337223942659678e-01
4.363264657996175910e-01
8.356703358065691312e-01
-4.785381326037547178e-01
-6.744831162921410828e-01
9.689213095624493732e-01
1.611929068341976912e+00
-1.342578008352436569e+00
-1.464000896291015374e+00
3.093017050272890422e-01
-7.210188295474555531e-01
9.224153089566273778e-01
-4.808175826910559558e-01
4.659828376266211825e-01
-4.681056528592484889e-01
-4.697294585389358290e-01
1.577181721309333318e+00
9.896141566467309136e-01
-5.283037528388444259e-02
-2.345348929835123775e-01
1.058518647264114376e+00
1.361240157220052982e+00
-2.351879445674825320e+00
-4.950675279906817106e-01
-1.798391098313590897e+00
1.040570154393987590e+00
-1.369207322817949324e+00
6.884395400811139654e-01
1.254839055056184094e+00
-1.785107900638814860e+00
1.340992976830295835e-01
-1.892170458701466773e-01
6.365488721640671921e-01
1.108696396656993599e+00
3.544657199333980935e-01
9.694678083406417235e-01
-6.010028805584696210e-01
1.333658538607602750e+00
3.980472563049961554e+00
-3.058125825732830871e-01
-1.119214192096999794e+00
1.676853697550577449e+00
-2.286707105582899413e-01
9.244706982565222830e-01
1.645576741416912014e+00
-4.686831717099909644e-01
2.287887462325802201e-01
-1.868435250938008885e+00
7.367754847935553686e-01
1.885469112667633507e+00
8.435683531717417249e-01
-7.241608525013638609e-01
5.606902981234004324e-01
1.631335737850510004e+00
-2.678970863744560837e-01
-5.094498831936492556e-01
8.138960100508370321e-02
-2.242732893338446498e+00
1.162393937116235620e-01
5.645919632298670443e-01
-5.580295932985364082e-01
-1.524848196222630792e+00
2.830356371569442420e+00
1.026283674018762637e+00
1.662347453834220889e+00
7.367725103242184215e-02
-1.353677681200976257e-01
4.108030360006100223e-01
5.336679311820882177e-01
-2.472336790357691425e-02
5.058266807981137703e-01
9.015426434142577161e-01
-1.527825776130799784e-01
-2.360061997081701335e-02
4.637218500759396900e-01
-3.021208008059704797e-01
-1.185628082544158080e+00
2.923177286164204691e-01
4.158768030646860514e-01
4.952826197622783866e-01
-2.022618206719791534e+00
-8.857456764016925499e-01
-5.533968937534000654e-01
-1.480925709310072502e+00
8.436770992092869070e-01
-1.896554076776767461e+00
-5.388530372433494309e-01
4.895016295802676054e-01
6.128504035499907632e-01
-1.238582822081352619e+00
8.383420609973167847e-01
2.603578005957189467e-01
-1.777370313148280756e+00
-5.431823291470055937e-01
2.281745076597025523e+00
7.751146188062576492e-01
-1.463258247525776712e+00
-5.562835670091431650e-01
6.890442877018678747e-01
1.657310625542946614e+00
1.201473266989145500e-01
1.048576429807164256e+00
4.254051501515315747e-01
-3.621768546953839096e-01
-2.118301297641465020e+00
-8.208414996721781209e-01
5.524954425748779263e-01
2.567425918882181080e+00
-2.575892395493116216e-01
2.935183920755471965e-01
8.790708734738431618e-01
4.189010557819781710e-01
5.561697047470302024e-01
2.709081715112562818e-03
5.356506095416075919e-01
-7.366710708646966310e-01
-4.714287258649558776e-01
-8.279865670507692288e-01
2.124816711508330513e+00
-7.111915016304906079e-01
-1.315472416118102172e+00
6.940620579929328571e-01
-4.807699767413308178e-01
-1.830208934138161547e+00
1.525721831064674516e+00
-5.383577614307617498e-01
7.722770720629471564e-01
8.101213519147167919e-01
8.708632488036635033e-01
-9.346935763758202897e-01
-4.448051449288576431e-01
1.905862738667376544e+00
-6.726109663783556014e-01
2.437495755990792379e+00
6.382931305346248307e-02
-1.171547504543416274e+00
-7.321118195347215973e-01
1.000899692921536799e+00
-1.521058273668030314e-01
-2.419468574382323267e-01
-2.011147339018087621e+00
5.848419461281852971e-01
6.498589027249725147e-02
-4.922436550262269256e-02
1.408142811928190019e+00
8.840842774713584262e-01
-7.873543761388087647e-01
1.051800103555160959e+00
5.874757038232145678e-01
-2.738286321719203276e-01
-1.451569666163731398e+00
-2.266957009086026098e-01
-4.639784554261244254e-01
-1.560824030754149883e-01
-1.141732725283407301e+00
4.455909512785405369e-01
-2.138073786598808090e-01
-5.524450755757133180e-01
-2.023032051366706330e-01
-7.452635574595257717e-01
1.166962584355321214e-01
-5.670490392217510944e-01
-8.475033488218607358e-01
-8.925695293004951569e-01
-3.375782482861139355e-01
1.870417291181595942e+00
5.661351192947271516e-01
6.941369819586613588e-01
-6.977381275347420697e-01
1.678804515911467066e+00
3.222104460724604102e-01
6.058284734684040718e-01
5.357621575554167848e-01
-4.215671778369004530e-01
4.290212442882475052e-01
-8.629598088667023159e-01
4.368704084025833434e-01
-1.114510503946731124e+00
3.911876212672488751e-01
3.792154966542704564e-01
-3.496145262711087276e-01
-1.041624212005979544e+00
1.131472829181625617e+00
-4.552707856694189759e-01
-7.775046224018316021e-01
2.105909320724617118e+00
1.968819280185230225e+00
1.318504436974046401e+00
-1.403753303978949873e-01
1.166696141212575089e-01
-3.418457812885578040e-01
-1.112493191129868775e+00
-7.357023844008531155e-01
-6.929524542123080000e-01
-1.519882423798014914e-01
-2.075032007317791027e+00
-4.803598788326979285e-01
-1.355221050581753905e+00
4.837785348901694760e-01
-1.554955943969261067e+00
-1.517072841224398339e+00
2.280009037658170090e+00
-7.095753639222098785e-01
4.776348568462158717e-01
-4.670607302296975183e-01
-8.129486145210459425e-01
-4.759480900398829761e-02
3.344249722048974749e-01
-5.576938141161577045e-01
1.477937803556734542e+00
1.094780047505777426e-01
1.585249286278094694e+00
4.684265479900578261e-02
-5.478968268157603516e-01
1.420656568103636719e+00
9.608899266364350211e-01
-6.749924732220488055e-01
-2.521216493746248233e+00
-1.863272871813718146e-01
-5.777594005261413868e-01
6.100693117687808753e-01
1.224000328387887304e+00
-5.840208742442903889e-01
-1.248329772844261609e-01
-1.580015948110228718e+00
-1.394599996621802784e+00
2.205952364285650891e+00
1.652151531223733649e-01
-6.640251143987431215e-01
1.100953356022179586e+00
-1.040706367220019413e+00
1.532240149329020529e+00
1.304656879183057949e+00
9.166472272593331194e-01
-1.058177242494324766e+00
-3.611037973142787183e-01
-1.339917501303757641e+00
1.156939562182671466e+00
4.236397041883160908e-01
-1.290162355493355228e+00
-5.303664853420237968e-01
7.813905908575510262e-01
-8.581415513384086369e-01
-1.787782610757427060e+00
-1.659464685880673029e-01
9.101406692500819962e-02
1.185173942107921041e+00
5.064282106309880849e-02
1.627451976336754980e+00
-3.012657977861559616e-02
3.751886498394635394e-02
-1.713103993438263917e+00
1.228012470984853888e+00
2.164503510275820608e-01
3.416943356238408835e-01
3.271398581447594878e-01
-1.786688922778755018e+00
-9.274139251696357222e-01
5.084138856516232652e-01
2.137980111297459018e+00
1.680330769075744968e+00
2.005716485334148036e+00
-1.243665382167487676e+00
7.375387227745676677e-01
-3.623101747948652140e-01
-1.869170485267095172e+00
1.258989305155657767e+00
-2.386676010227012146e+00
-6.087322589029818820e-01
-9.318478471286066878e-01
-9.434470977563194083e-01
-1.830021609515805059e+00
2.540683078738045081e-02
3.765612099603276586e-01
-8.088583603878247708e-01
1.161503340611050594e-01
-7.395667096490882164e-01
1.251672341711583147e+00
-3.506187181203028191e-01
3.704075315453018158e-01
-1.280695195964507649e+00
-1.520093431726948496e-01
-4.499503957531083564e-01
-3.805506035125336139e-01
3.472267643964126460e-01
2.978777215364425968e-01
-6.813128310403971932e-01
1.109528965344035001e+00
-8.393819338532532148e-01
4.098681029630968364e-01
-1.873864645956855798e-02
-2.486233771677297977e+00
-6.923979909052553339e-01
3.299076932886629288e-01
-1.328631560146939616e+00
-4.409017807966466584e-01
-9.122630174583501450e-01
-1.296529273728429799e-01
-2.405117268921493690e+00
-1.834932617183662629e+00
-1.276117767067064479e+00
2.136126744672402211e-01
-3.763070408540135636e-01
-3.373671667288884873e-02
7.798315939719702161e-01
1.230506760601642879e+00
4.139513062652870334e-01
-3.594940678963663427e-01
1.086473791760420138e+00
6.335246624343805477e-01
-1.513500641067153929e-01
1.151148405452990353e+00
1.222891417978096751e+00
-4.105833687661835096e-01
1.453781723545968796e-01
2.739148572571726836e-01
1.249385815895712293e+00
1.713072274044016075e+00
-6.199655415023745952e-01
-7.046533197101532142e-01
-1.377712427059077649e-01
2.992773359651022536e-01
1.100599945786167932e+00
-1.936260765092940317e-01
-9.644942798689079000e-01
1.133268385407206535e+00
1.353386256983063474e-01
-1.133043061485915937e+00
1.707579265507025990e-01
6.940242478876569310e-01
-1.025978130215518869e+00
1.396347722992797413e+00
-1.909906326630725459e+00
1.285321480322329402e+00
2.253046152428778981e-01
1.401786517380404939e+00
1.480972750842534325e+00
-1.208734832759746247e+00
-7.223862356641498339e-01
-7.194808745205253375e-01
-5.107896180730494562e-01
-1.633961423508121236e+00
7.638049337439376529e-01
1.233161061481238718e+00
-6.486337125242602752e-01
-8.275015934043380428e-01
1.715174355657301586e+00
3.898596304684359692e-01
-1.205543925867451183e+00
-6.212995899499444974e-01
-2.628489794308801475e-01
3.252093671407570996e-01
2.909803148016101293e-01
5.673047035472973398e-01
1.087386373132237960e+00
1.394726876260756088e+00
-2.583126792681082473e-01
-1.542406063443312103e+00
-9.861138137566046735e-01
6.562573454947759899e-01
2.188840756999243797e-01
9.440790768279778977e-02
-1.188134464237804444e+00
7.600480519494227094e-01
1.657741393839071709e+00
1.358312528874544289e-01
7.116627264126108576e-01
4.013451160578901389e-01
1.429231974160843632e-01
1.638387783571479961e+00
1.096805770949235842e-01
-1.774046495871200446e-01
1.831536929587741280e+00
-1.252595173835705511e+00
3.269748488509112705e-01
-4.188015585680477521e-02
1.667384932174452272e+00
-1.443095809612880087e+00
6.277882459586529018e-01
3.045525204674839337e-01
8.894675559360383232e-01
-1.181455487856367226e+00
5.160916852953896239e-01
3.774092315813905030e-01
2.310935320264453918e-01
-6.319598946247421620e-03
2.759365519499094588e-01
-7.227380942338685887e-01
1.040030072300949460e+00
-1.173020765393698872e-01
-1.811945416094929540e+00
-5.720475411007837074e-01
-1.414912262333690718e-01
8.423307517873327432e-01
-9.908652928519344483e-02
-4.403053688038983116e-01
1.781205220168469605e+00
-7.261807091416672133e-01
9.044916679061145715e-01
-1.185679553986967116e+00
-3.389502289991123130e-01
7.310042272055156110e-01
1.217117534592811801e+00
-3.918277299531219143e-02
2.260869423564717984e+00
4.194794434878481582e-01
-1.122563842919133581e+00
5.710655205948550472e-01
-1.084337821146600378e+00
-4.833842449877867598e-02
-1.768388192956678040e+00
-2.215244479311378745e-01
-1.277366314779264211e+00
-1.035618507302794367e+00
-1.228815588496370736e+00
3.183270561678015476e-01
2.693376192722971574e-01
-1.607155836823770167e+00
-1.614939540419575881e+00
4.665570543713402074e-01
-1.351221286170370961e+00
1.956125022137668479e+00
1.390770946618520520e+00
7.579255260432833374e-01
-7.425568867996926517e-03
-1.476132033363199536e+00
9.927089528851688049e-01
-1.458797891898623522e+00
4.002942836725643661e-01
1.647573137930214537e+00
7.387110886633233564e-01
-4.893930031482201515e-01
-2.200185822918620804e-01
2.767435197783446599e-01
1.974803136363490363e+00
-4.440157347569347324e-01
2.026501919633180826e+00
-2.073718570870228817e-01
-8.064674343166078341e-01
-1.849434908026423852e-01
-7.671507985976341315e-01
-1.203357646045482426e-01
1.780438381593340447e+00
-1.105556408417476544e-01
-1.823534281435114368e-01
1.615366987180090863e+00
1.718911543052521917e+00
3.977796977485643093e-01
1.786919356815771742e+00
-4.629937337455175550e-02
-6.453193897389538636e-01
-7.054403175143350024e-01
7.298341504340184749e-02
1.649360428827323810e+00
-1.009845120436334148e-01
6.827505968521593305e-01
3.577551943753653485e-01
-1.157348239822990205e-01
-2.449399959590760345e-01
4.711698943133308393e-01
1.266685773000140180e-01
2.238207952404432710e+00
-6.194689729865483496e-01
-3.212294104276385287e-01
1.763949461893099535e-01
9.689074347837042245e-01
-3.774493583023267873e-01
-6.935729063265436145e-02
-4.517292363242439990e-01
-1.885237203337434053e+00
-9.454416848348595748e-01
-7.760665703531901549e-01
-4.434320058515575091e-01
9.444259449445713273e-01
1.143231369991838525e-01
8.423720865339197061e-01
4.217995585791043944e-01
-1.513803792448743746e+00
-3.384631118102801040e-01
-1.054817822470843991e+00
6.130159856450653200e-01
-1.280954322627405828e+00
-5.915081806147111099e-01
3.588605781779269366e-01
-4.978294973442782823e-01
6.848705464086720512e-03
1.091126665056660894e+00
-8.742603757115223473e-02
-1.876274568582202651e+00
1.502538597694414724e-01
-8.526997188230612812e-01
-5.099590638693060063e-01
-8.527698767712149630e-01
4.923506114308123238e-01
-6.908676691777757561e-01
-7.364564410015495000e-01
-7.864109880734013736e-01
-7.734495025789590583e-01
8.132738908378084330e-01
1.917853061955083982e+00
2.772752243271666139e-01
1.522149953999894834e+00
3.335462051708011910e-01
-1.787362909278932488e+00
-2.014917282785069416e-02
1.725191508404579910e+00
4.991464069885626770e-02
2.194789925290076549e-01
5.564791156013917384e-01
-1.253300572433203586e-01
-1.449097602864998224e-01
4.808744554296774942e-01
7.386531715180546520e-01
-8.360783702433773890e-01
-1.390839724701020685e+00
4.398342443574040916e-02
1.127618480683412638e+00
-4.730789161912855589e-01
1.138147792606582609e+00
-2.022860958219386163e+00
6.431598208655007198e-01
3.692034222839197244e-01
-1.062606407335185549e-01
-6.016657474633574365e-01
9.541784740193642866e-01
-4.386890959838540271e-01
-2.388320603036472867e-01
-1.182587251573954425e-02
1.951143598281433356e+00
3.094837404689072535e-01
6.050077134933612433e-01
3.560061361856353135e-01
-1.187049555022139602e+00
-1.617520184693836072e+00
-6.414747047581406680e-02
-1.114800926835733286e+00
7.034298727757287706e-01
1.510782476551018050e+00
-6.536533036549608822e-01
1.950144973604043264e+00
9.543872318148713396e-02
-1.562217916551253305e+00
5.610654614873528470e-03
2.857568047032815972e+00
8.236195078800336022e-02
2.279255198904880930e-01
-9.498429026523338425e-01
-2.147264003810267219e-01
2.130686788091957773e+00
-3.213741087573175892e-01
1.498747979518561868e+00
-2.289569789916218179e-01
1.727573206437503783e+00
-4.849821876935067611e-01
-1.529680621717969036e+00
-3.902410592422358299e-02
1.151862778280442479e+00
-1.156957858418125484e+00
-7.487141462792537006e-01
-1.058492914518214256e-01
9.343587855260246933e-01
1.446426563190313486e+00
-3.855483227592580997e-01
-5.696466175782746166e-01
8.607045374197492826e-01
5.980208536984314982e-01
-2.118871885367282992e+00
6.953126008298624594e-01
-1.612543378690499407e-01
6.612519239825315198e-02
-6.852481194164354583e-02
-3.949228122086452797e-01
1.488166025950234117e-01
-1.070128930767744624e+00
-5.442196437704049927e-01
1.299728478139987320e-01
-8.644594194637850171e-01
-2.305147754589791376e-01
-7.748873653667137651e-01
-4.052596494267200478e-01
-3.810984799182121074e-01
-2.685621704612322636e-01
-8.145230633446236546e-01
-1.714461683129678615e+00
2.564105304101074179e+00
5.369674373802705292e-01
-2.230755771273316590e+00
2.216340661396680733e-01
2.021194785841332886e-01
1.116385459524557866e-01
8.602205970477958541e-01
-2.109222596453673992e-01
-5.909656204214694952e-01
9.070457958583741931e-01
-1.431913325306400087e-01
-4.195106760578206501e-02
1.209880570989634974e+00
4.387531384740341878e-01
8.934869267699950823e-01
7.639935911267009550e-01
5.417728221620512485e-01
-1.476232340940185184e+00
-6.922579326994060533e-01
-1.728715925972068357e+00
9.077029740586491924e-01
-8.935865262104203399e-01
-3.928349563559055402e-01
1.382551293345332111e+00
2.182112968076072024e-01
-9.364188054444276821e-01
-7.353684463187681875e-01
5.200724721129363903e-01
7.564997962306527768e-01
-6.258686340915760038e-01
1.320324124165605406e+00
2.832158133290109125e-01
-1.203951580557240941e+00
7.621998378999290669e-01
1.255090339436019997e+00
-5.436124501389828501e-01
4.679232850626032780e-01
-7.682347610119563130e-01
8.186461645300696643e-01
-1.874217612850175296e-01
1.344875552016422171e+00
-4.118943750356480749e-01
1.571573345993345860e+00
-9.402447027550390191e-01
1.093173981428538166e+00
-1.241754257821847673e+00
-7.112113181193741029e-02
-1.307868629965623253e+00
5.268084544003544256e-02
6.732011109541936600e-01
