-8.508894759613084835e-01
-4.130402823928047695e-02
-1.863569752742804342e+00
-1.649002929101197834e+00
-3.863261025917624769e-01
4.441497915391930396e-01
-5.754639810291497515e-01
-2.929809778697763795e-02
4.782649388430443294e-01
-7.923913199267282881e-01
-7.130102476555814084e-01
5.751785927463738332e-03
2.185798894114168445e-01
1.835495540704386655e-02
-1.338579089318332693e+00
1.715670906182669153e-01
-9.408574228137334128e-01
1.915280809575138354e+00
-4.350622845268908856e-01
-3.526927301547226334e-01
1.884230623663580406e+00
-2.100250396260908925e+00
-1.550516770075542228e+00
7.009343695600591673e-01
1.280870150756020287e+00
-3.895559813669404736e-01
6.715922362509365584e-01
-1.057226229500160208e+00
1.542495141049062546e-01
-2.541884875568653168e+00
5.672422655330416896e-01
-5.096710431215362158e-01
-1.099262271883534536e+00
-7.346682911537517624e-01
-2.510704237326277094e-02
1.650392154328419236e+00
-1.385783276562339461e+00
-5.258625906094373248e-02
-2.370034787705806723e-01
-8.043687397123926441e-01
4.908082319157883733e-01
1.375699889802817211e+00
-1.988210344388926243e-01
-4.738222034798836302e-01
-3.883258820985780596e-02
-8.490496200576949093e-01
-7.483448886690762247e-01
-2.943937544165912690e-01
4.120642255963447020e-01
-5.899642384542093110e-01
-1.099688240941600892e+00
4.012457279413873534e-01
-1.188657725966035139e+00
3.185290447494872890e-01
-9.962669038879221617e-01
3.650487737784297582e-01
1.223139887736972992e-02
-4.790473157538370774e-01
1.446997733295149580e+00
-9.713005390057978528e-02
-7.476139370234676784e-01
1.893406609465250190e+00
1.087494860857940226e+00
-1.459961988043736669e+00
1.791948063613755471e+00
-8.147798725949717547e-01
2.243636550497625504e-01
-1.633363308809292480e+00
1.339760504494263538e+00
2.987022739938767768e-01
-7.207825420991865739e-01
3.722005374376666925e-02
-4.892836743088351675e-02
7.212697574046154081e-01
1.282278399944692060e+00
-4.254314493405830233e-01
-4.344558467713349192e-01
-2.232625632732109788e-01
-1.347288702774231739e+00
1.561757810605325369e+00
1.246044812920828804e+00
-1.053853810852724893e+00
2.907807327470748882e-01
1.816959760714034408e-02
-9.802530037988327338e-01
7.049468286695660391e-01
-1.197860269934506033e-01
3.128614651626487331e-01
1.430523362277481780e+00
-3.584268743535864998e-01
4.053238992724884221e-02
-6.857291512301431080e-01
-2.570645658356979224e-01
5.957321763779652724e-01
8.993080357668019609e-01
1.723838255566401134e+00
-6.028950095552876309e-01
-6.204512263771247982e-01
-8.188993961498434171e-01
-3.201343518487710926e-01
-1.405330939487202002e+00
-8.902272164319972036e-01
-8.377708934271110852e-01
-1.498083396265414424e-01
1.631962239898101075e+00
-8.494980258643575199e-01
-1.932566112973261196e+00
-7.198628326128747590e-02
-2.355648657387326150e-01
-7.926203578932627947e-01
-7.731166070027382098e-01
9.292024350211344208e-01
6.333428418129194437e-01
2.000767466721025123e-01
-1.433047487731980318e+00
4.569620448273969959e-01
-1.109361576731726466e-02
-1.685023292547609131e-01
-1.490684716597255655e+00
7.628279673636793046e-01
-7.260093545228694101e-01
1.224193458159409165e+00
1.295182230808701984e+00
5.282749372829755041e-02
-3.708548741774934099e-01
9.874464560855772399e-01
9.828811580465335318e-01
4.987243081653972010e-01
6.239814806465576041e-02
3.299259172897772707e-01
3.711204959836001960e-01
-1.301529703185126730e+00
3.980442509205858737e-02
-1.766081325423821818e-02
7.480563135261660834e-01
1.318487300957252584e-01
-3.304661231417631018e-01
-4.197311597500739261e-02
2.086048564435238062e-01
6.649968228635936285e-01
-1.166021441020462346e+00
7.526716533385749974e-01
-1.009301321211637958e+00
-7.012555449426706444e-02
-9.869915487172167268e-01
1.030063961234040537e+00
3.229838951716569317e-01
-6.351786156570813358e-01
-7.790408512899709148e-01
8.945947057061717222e-01
-1.709764293036848404e+00
1.424220668668551015e-01
1.202630574030867372e+00
4.429438117721198331e-01
-2.134203475403377570e-01
-8.105701777507996753e-02
-1.313365272503047132e+00
-4.360412970326361104e-01
1.744096873354850530e+00
5.094133043203095124e-01
3.052637563202817775e-02
-1.031771237987072043e+00
1.901233152947187310e+00
-2.930538052398133919e-01
3.470967230534148795e-01
-3.093320806354594998e-02
1.176772257388598364e+00
-6.575142244119840385e-01
-1.993877394433023476e-01
-9.307412398462394654e-01
9.938432136944076456e-01
1.150097319876131952e+00
2.088811782769525449e-01
1.106746328866230061e-01
7.468211842804504119e-01
-1.928308847407254722e+00
-2.083331053363136398e+00
1.022958373926184494e+00
5.970821073908275656e-01
2.904867110284691800e-01
5.622320562194580429e-01
-1.432414616892516257e+00
-3.433844083190464858e-01
3.659696660376078325e-01
-1.771916529079204272e+00
-3.490361940665426266e-02
4.003172625606737367e-01
1.209523689812410652e+00
1.048043632458448782e+00
-7.986791653211328113e-02
-5.704449746937285959e-02
-1.072892514170082245e+00
6.940158584620671756e-02
4.815736674097077785e-02
-3.155271084873867871e+00
4.317438668339889651e-01
-2.894259615196538293e-01
-4.949192828026511837e-01
-1.168766968907564374e+00
-1.543462958034993671e+00
9.423929272365146881e-01
8.634335505356992291e-02
-9.114548275616575213e-01
-1.655369071486208821e+00
1.617601826631618112e+00
-1.709797892234181382e-01
-2.018732173097679272e-01
1.470246330018363023e+00
-3.214266033784075050e-01
-1.088381653085247258e+00
-9.119287397518792693e-01
-1.172996688949246913e+00
-1.062381540676202274e+00
4.464201849644558462e-01
-2.077700669141042233e+00
1.172574805784010188e+00
1.083803035537413084e+00
1.726212625392299360e-01
-3.855355484607016492e-01
1.162431667808001112e+00
1.009420267409602223e+00
-5.118135581796072753e-01
5.710644113655007903e-01
-1.827806826616188873e+00
2.237022288970848649e+00
-5.391572583374745209e-01
-1.023518702527395074e+00
1.841815414115629101e+00
-8.065805846373812482e-01
-8.249857863887476439e-01
-3.916595222114169772e-01
1.967915969751907190e-01
-8.515308222556003948e-01
1.418973081266519332e+00
7.026522596682510668e-01
-4.383829403442044970e-01
-4.487659061694924123e-01
-9.874282037356215680e-01
-1.258995202692998749e-01
3.983460049906530354e-01
-1.436095359588616116e-01
-9.985922745115800164e-03
-1.557019541020115749e+00
1.646702620901821845e+00
8.834028364263361854e-02
2.424748193268951302e-01
-1.976358460906676218e+00
-5.246817934509551140e-01
-1.422938000350544963e+00
4.721463692281587243e-01
-1.277463330220556026e+00
6.163833635161868330e-01
7.659589679031270082e-02
1.418484282732999646e-01
5.302868734412811147e-01
-9.529529101718782480e-02
-6.920106394764613533e-01
9.961569007696902123e-01
-1.268389118271930238e+00
1.216787276285687502e+00
-1.029667605444370554e-01
-1.640172729125429982e-02
-1.136928645195730336e+00
9.988902923891500585e-01
-9.744173537401261687e-01
1.301718345751482264e+00
1.111440295607852180e+00
-1.504798729223287168e+00
1.196780930483839045e+00
-1.280057636290620859e+00
1.654719805399603505e+00
1.489567725936698173e+00
5.577732760801192846e-01
-8.631999207922569362e-01
3.852567361594819162e-01
2.168964718552186532e-01
-1.551961138661942963e+00
9.313931622531766708e-02
-1.524387919260749902e+00
6.593402098322103111e-01
-1.213736920793651447e-01
1.064776350589625720e+00
5.766581788110319851e-01
8.765807016461726331e-01
-3.338146948634459488e-01
6.094222731080471966e-01
2.679192093550185616e-01
-5.843662144511579948e-01
9.232335034803567098e-01
-2.400620343696334480e+00
6.584800213434627292e-01
-7.522993958782973056e-01
-3.424575039462879555e+00
-4.062970889839582767e-01
-1.925118953202050065e+00
-9.180654896804543164e-01
-1.418326925798903959e+00
-6.141966743536938500e-01
1.145549717172727799e+00
3.491339015350020669e-01
-6.151747020934852372e-01
1.501019451735813581e-01
1.017960380871782089e+00
-1.272227249166214269e-01
-9.943555846680857124e-01
-7.807065828506607463e-01
-1.826805318140295009e+00
9.175657915948154386e-01
2.425221412779405283e-01
1.592030597302736439e+00
-6.677270629189992202e-02
4.723875507433494270e-01
1.702607273081136130e+00
-1.195542839169634608e-01
5.180756975524603014e-01
5.433083241012389708e-01
1.705303032312144529e+00
1.343969433855324525e+00
1.429079743799532010e-01
-1.220407297142720671e+00
1.329773703984258593e-01
8.289874534108081505e-01
1.995738798517213919e+00
-1.002144187249878748e-01
8.229566927917373320e-01
-2.645853610049956117e+00
9.373537380623606641e-01
-7.304500131634643345e-02
-1.187328231691362035e+00
1.123755315665406540e+00
-1.384927816212495832e+00
-8.214961578972230782e-01
7.801251152550449097e-01
-5.225433725500726601e-01
9.000132416825287751e-02
8.425591377400497572e-01
4.087698966948490886e-01
1.104991984702691221e+00
-3.907742233936546683e-02
1.114425009561059721e+00
-1.134910049988151759e-01
-9.706631991167453954e-02
-7.751515753049530444e-01
1.097964328885605356e+00
-2.775474688218599884e-01
-2.131024363037183900e+00
-1.956003154551602397e-01
-5.547233581265874625e-01
-2.459178873242844898e-01
-3.023743048346093087e-01
5.389966107291040975e-01
-7.731818911747934120e-01
-1.417248854372345601e+00
-1.474988480627150711e+00
-2.244929695656345814e+00
-1.276403487360344258e+00
-1.123741633347034474e+00
3.643683629283780978e-01
2.806794414343017491e-02
2.112425658965663144e-01
-5.732635823307622447e-01
3.171026519580750769e+00
-3.816806133202710893e-01
7.594440670838594754e-01
8.830014955448517444e-01
-1.209702909758131550e+00
-2.897584585000417476e-02
-1.067631571738296481e+00
4.223116062749052158e-01
-9.084247643580135589e-01
-1.445720009585137911e+00
1.528959560555858410e-01
1.881504594286765197e+00
-9.883133950549369828e-01
-4.818174163847664948e-01
4.693345801325898292e-01
1.527216356233910000e-01
-1.745198723982378519e+00
1.187678627209433957e+00
1.002097265536933346e+00
-6.759353028591931489e-02
9.912212920230238922e-01
9.765345025637230947e-01
1.844581744904679299e+00
3.908923881970265413e-01
1.067716319723760687e+00
1.594974552152082614e+00
1.640183333496757045e+00
-5.512357073922999895e-01
1.195717093334641934e+00
5.836535363580362956e-01
-1.234753940814456774e+00
-7.914557363767040776e-01
-5.497221069619310230e-01
2.228303152928019781e-01
-4.364160762210944622e-01
-1.289506846313267951e+00
7.603089138014594850e-01
2.500551680672613575e-01
4.919556184162388601e-01
1.122451627635617566e+00
3.223589520430455435e-01
-5.668338143621649561e-01
5.608837285034612430e-01
-2.952936759752643470e-01
6.057657249391273924e-01
-1.371871705329503088e+00
-1.514779587306470887e+00
-4.749060313180454296e-01
-2.732610495860843258e-01
6.505594776077621155e-01
1.239277745660831487e+00
-4.238684259537930932e-01
-5.321536776094122345e-01
3.552388103771594169e-02
-3.720520408886476144e-02
-1.749057182731097448e+00
1.258377425327157129e+00
6.445105493857740120e-01
7.267574536533535356e-01
-1.325693862201317463e+00
-9.667504932551554964e-01
1.092232218337009675e+00
8.336546075559007896e-02
-1.895233460077186127e-01
2.165484331748391611e+00
8.651329401233501804e-01
-8.982840821877006166e-01
-2.673557328701380076e+00
4.334065885229144710e-01
-1.317782173272442403e+00
-7.263032553292278308e-03
5.219020444653692525e-01
-7.455320470137842825e-01
9.571701328167624423e-01
-4.258559137036886932e-01
2.074816701866025515e+00
4.573884351470905996e-01
1.876141851295092033e+00
-2.286206504952472962e-01
-1.216109120241419150e+00
-1.756227608498361015e+00
-8.201765779519026855e-01
9.945574809285687712e-01
1.425684250227375882e-01
-7.929676789426086669e-01
-1.924964862065866811e+00
-2.992330430929124666e-02
-9.220739308068858220e-01
4.796626829108732171e-01
-3.406678868632387336e-02
-7.452323077426735720e-01
-7.728612767098211878e-01
5.879749006766509245e-01
3.047358649094991656e-01
8.004622194285253567e-01
-9.002250922456864757e-01
3.364565787619510639e-01
7.097774207785201295e-02
2.190749507394878504e-01
1.063200121894400052e+00
-1.490401905656627335e+00
-1.834864441875739827e+00
-4.203514778366376214e-01
9.109465246154749840e-01
-1.355225895761153154e+00
1.455661481627751330e+00
8.368135401706556786e-01
2.322305358804281072e-01
5.932870013317566027e-01
-7.187294535204448165e-01
-1.069299516500496594e+00
-8.750123023133967726e-01
4.417362483291744080e-01
-1.335629640045311151e+00
8.133149413456780552e-01
7.730830069464228460e-01
2.175039230541651047e+00
7.811398183054831801e-01
1.509887092829787503e-01
3.292560663022200962e-01
2.027436147089086704e-01
-1.095045962353365043e+00
7.150405556352488201e-01
8.951589574964912144e-01
1.595696587948520762e+00
1.159339201651477413e+00
-1.641897826057430454e-01
2.675308546054400161e-01
-8.007059794704287636e-01
7.287762726711849437e-01
4.586070323037574337e-01
-1.660721338562591576e-01
1.097540212593593134e+00
1.222168866698718048e+00
-3.920821966886063326e-01
-1.258248650439283578e+00
1.201268669835319214e+00
-1.595371598264683916e-02
-5.908968668685091741e-01
-7.179392808321787278e-01
-8.078029592661311042e-01
9.823040972751194699e-01
-5.168626713448351007e-01
-4.858925600876596307e-01
-1.188327325467146256e+00
2.401965694297822029e+00
-1.547414304789481720e+00
4.111074324548412706e-01
-1.625047948848058033e+00
-2.269288143877292718e+00
-3.578715086989836536e-01
4.145453587855910671e-01
1.337439451150680636e+00
-3.385668571112813718e-01
-2.670722296558929454e-01
4.309085992163638190e-01
-1.608548806694934497e+00
-1.352904692445881185e+00
-5.240164717644441028e-01
8.757565146368727627e-01
5.440318418610599061e-01
-1.481966406052011687e+00
3.332343494903506897e-01
-4.912370739510210638e-01
3.048796437461842035e-01
-4.052074612661651365e-01
-8.149872889827934896e-01
2.820920499756359168e-01
3.020557104647616509e-01
2.379256731562237048e-01
1.304018618999356782e+00
4.213727797018990695e-01
1.215346477039986467e-01
-7.608435447706153321e-01
-9.305250339406354043e-02
-6.084629161053913826e-01
-9.761380682588033375e-01
5.492656380627581880e-01
-1.147209627069845084e+00
1.066491604969299622e+00
3.976467084753133041e-01
2.283122157175541123e+00
-2.846880531719999663e-01
-2.775917569438798527e+00
1.716918591813397788e-01
1.661771291655493643e+00
9.162009843893025307e-01
-1.890752233599146126e-01
1.648233121420984659e+00
-5.722411454943387987e-01
-1.429674175419811455e+00
-5.314877392951994350e-01
-8.972115167789863621e-01
3.502439560150331088e-01
4.146627117446812227e-01
-8.362655007255026529e-01
-1.165381854902378889e+00
6.821331024192690551e-01
-1.099757133700271616e+00
5.728017101322003812e-01
-8.450461317303339381e-01
1.392765198265651649e-01
-2.383701629930191912e-01
-2.800348653178723057e-01
4.872246538282504758e-01
-7.674766431309842929e-01
5.645754367264894658e-01
-8.001544148172649862e-02
-1.435534407381648059e+00
-1.607448589070247680e+00
1.842243962060338358e+00
-1.056625430645216968e+00
1.224247489492114926e+00
1.799315493882728934e+00
-4.953122051638528811e-01
7.336497087916957760e-01
1.182663577575401304e-01
-1.408416282597105607e+00
-8.306422701238094231e-01
-5.289166403444048870e-01
1.299514641882255350e-01
-7.078450435494576531e-01
-3.841480584323360425e-02
-6.837904761605028137e-01
-6.706674085034924904e-02
1.850635535347090244e+00
1.977365139662581039e-01
4.539795770547889187e-01
1.411686283986554324e-01
-1.567838785459853834e-01
5.954636786079144095e-02
9.254280887244903386e-02
1.204948804958248632e+00
-6.666934885954143297e-01
3.086209736013794558e+00
7.691969719056771515e-01
-1.038951093072981058e+00
1.108911372770747805e+00
-1.376907368010262811e+00
-5.450954562518642854e-01
1.011490012994094023e+00
5.458233524771953782e-01
1.779895532014180493e+00
8.411817701136559133e-01
-1.782944520199443827e+00
7.988758621050917608e-01
-1.490124282019753332e+00
2.907857467627830150e-01
-1.085607011851723147e+00
-2.584380525540643792e-01
2.085280809483025966e+00
8.994977493600746499e-01
-1.310652159102396963e+00
-1.156378485720946703e+00
1.404523427408487457e+00
-3.609502224167636109e-01
-1.101755951139569145e+00
8.735431683927908919e-01
4.129937543737741690e-01
-1.651631372846281920e+00
2.204632098596354783e+00
-4.573464543193125897e-01
1.758392077143105636e+00
-1.286163410227600279e+00
2.141572503579969311e+00
2.940472210225583694e-02
3.894039359092756752e-02
-1.053500073431063777e+00
1.350707315480264681e+00
5.569046354647851915e-01
6.482983420549269793e-01
2.235789944791998884e+00
1.655166739955572286e+00
-5.598017855394730180e-01
3.150969225663591722e+00
8.672735277495052797e-01
1.355774590054270146e+00
1.000203501332669553e+00
1.748209273575637157e-01
7.549698846497791827e-02
1.348272804161780858e+00
8.065009321929242914e-01
-1.671900959332481840e-01
-6.564193191313354436e-01
9.291076676328066108e-01
2.541426563089982937e-01
-2.682564846521723556e+00
5.786446504883282493e-01
-3.022209424215544504e-01
-5.377980115551883600e-01
-1.929828483788305904e-01
9.487623774002602595e-01
1.190595031596481501e+00
-1.330805554753229814e+00
-1.357133093833516213e+00
-5.888759927765488955e-01
-1.833663273347110878e-01
-4.201031937388342019e-01
-1.645431504737701944e+00
2.494643557965450675e+00
-6.023434244860648157e-01
-3.188356520261860783e-01
6.824194726492801566e-01
-2.367483999591342980e-01
2.230254509833700549e+00
1.258387202405651273e+00
-7.453643663743934056e-01
-4.587987618906290699e-01
1.228845994037724099e+00
4.453332280369292073e-01
1.113862525180245866e+00
-1.437004915068364141e+00
1.326889781413720160e+00
4.945970538445655929e-01
2.486117208405834167e-01
-1.509644933955435753e-01
-3.598672497207271257e-03
-5.981645237651556091e-01
-6.073670900434872122e-01
-1.382376841867251738e+00
1.571711387224378642e+00
-1.504912392986531122e+00
-1.088057785293310875e+00
4.202634720326723916e-01
2.034270295979774545e-01
7.744854225757397126e-01
1.499653178305518697e+00
-1.414105920493625046e+00
-6.000304368649755915e-01
3.478268090407539148e-01
4.151658704941070810e-01
1.852264439615977087e+00
-2.934250995468613496e-02
2.769269771251263723e-01
5.666337700060459781e-01
-8.115239394130900896e-01
-1.125322929127281713e+00
6.705289734565282878e-01
-1.644856951266924772e-01
6.468896698106446803e-03
-7.097884726573464587e-01
7.404249555970187080e-01
-5.085268395049116069e-02
1.250254247681384268e+00
7.722668490766493310e-01
-1.984240275749823645e+00
-3.692049095725125074e-01
1.215692143063773267e+00
-5.813343003996694902e-01
-1.331075527146787119e+00
-8.421386778737564027e-01
-1.717806866465693416e-01
3.215084111896741592e-01
-1.236876781577388673e+00
1.768677188385222032e-01
-1.889600984742307865e+00
2.648067517758767586e-01
-1.685555689064394125e+00
7.865720290224462730e-01
7.550492176386379706e-01
1.611348244860841383e+00
1.125804064431488866e-01
1.417323221986863002e+00
1.302315492745508285e+00
-1.056476518469902093e+00
1.503636290561735922e-01
-3.062441100855086695e-01
3.971841590294247770e-01
1.222100528280265941e+00
2.116922527086362027e-01
-1.764266085730394618e-01
1.101692581954862860e+00
-4.388592187851072524e-01
-1.432710850891479315e-01
1.605157517791552690e+00
-8.037980828225197438e-01
5.080284893110232902e-01
-6.560215166214572458e-02
7.294716279869342124e-01
1.148356584576210926e+00
-1.483485101862460187e+00
2.278114088679091681e-02
-6.884650494766498818e-01
-2.933613659127414786e-01
-4.154266387890350742e-01
3.619434692116684227e-01
7.449946161750651275e-01
1.454471925534212007e-01
-6.240663960522829790e-01
1.219347056160913212e+00
1.622816890706279658e+00
1.872954255415894220e+00
-6.648577878878724201e-01
1.412179040688992915e+00
-1.467394362643041017e+00
-9.317291078367395674e-01
-1.447201757799268629e+00
3.892264546927439728e-01
1.793950432135335449e+00
-2.142518466336725824e-01
5.355344790343311567e-01
4.751751996185057947e-01
2.744139611227815190e-02
1.011196901841236784e+00
8.346374438217334379e-01
-2.449888294901292340e-01
1.452986299606874310e-01
-2.562235273058463547e-01
1.260715225218586921e+00
-8.454917983087538724e-01
5.952516503116538349e-01
-4.609884922251460959e-01
5.103260866639746096e-01
-4.765615943755544537e-01
-3.240476135480012121e-01
1.310776404691709862e+00
5.524041966375998758e-01
-4.211214087633076142e-01
3.594181998927299393e-01
8.321804350263706240e-02
-1.260787891130882521e+00
6.276664744011215546e-01
8.423135270087084292e-01
