-3.560843641647007396e-01
8.517840080877135955e-01
1.495839053790188444e+00
9.723984328552249812e-01
6.657873495400957742e-01
1.101352845334114816e+00
-7.917804805259266721e-02
9.912595384160427514e-01
-5.476232368605925549e-01
-9.877249377336220215e-01
-1.008955423434818144e+00
8.725393790613673595e-01
-2.473313007980972422e+00
2.316536925562238947e-01
1.502829007433124309e+00
-5.746973579996380449e-02
-2.919736225385561879e-01
-1.146356932442533338e+00
5.538408160297186855e-01
1.689010107335343847e+00
-7.055369751114121124e-01
8.724832498710327622e-01
1.368045544495859467e+00
-2.016619656762644208e+00
2.235694948030801932e-01
-1.400384842242025529e+00
2.158530635110211815e-01
-4.835968329388043441e-01
-1.240994781644806366e+00
1.373746225556773393e-01
-5.924570375758068108e-01
1.085524009382491162e+00
4.218998528794001140e-02
1.034250973600186585e+00
-9.682764023894354644e-01
1.753965381516377903e-02
5.158989707308799799e-01
-1.586279287045288644e+00
7.113111534400171632e-01
-1.009449411350985849e-02
-1.965375181074980881e+00
2.756183207130015744e-01
-2.873331385361244106e-01
2.303132508796437994e-01
-1.094248121653190742e-01
-8.871079602125557795e-01
-3.633103626393106023e-01
7.199543846471387898e-01
1.455349516983638791e+00
-8.336329506779628362e-01
-1.805838373482128389e+00
1.042508152766632223e+00
-8.919528100787642577e-01
-1.897643810630310179e+00
-5.852655971858644612e-01
3.761092422378259359e-01
-8.183044853496052040e-01
2.559551157294456813e-01
1.491411554272902062e+00
1.546198903563694993e-01
1.124378441208822993e-01
-1.342773169507597598e-02
2.048286631855536499e-02
-3.429836614307762988e-02
-1.452171445239015979e+00
-5.122293055501525583e-01
2.122315174058362341e+00
1.348060301965267327e-01
-1.726583866195024186e-01
1.155362860201549324e+00
-3.830443215513033572e-01
6.596490891724634542e-01
-2.117445951860460696e+00
-2.748247097978099851e-01
-1.347580130718068814e+00
3.930726267944822938e-01
-1.038115117089880357e+00
-1.252871303541245762e+00
4.326497862692763596e-01
9.201309646007337362e-01
1.450941003247932626e+00
5.254713851886493314e-01
-1.001519050638175201e-01
-1.972426972157040215e+00
-1.434128328753842441e+00
-6.358004728554442764e-01
5.638293227724513468e-01
-5.277853841844734051e-01
7.737442068401035877e-01
-2.817871874464853432e-01
-9.413066994180693259e-01
-6.542277049649442011e-02
1.061132131866116407e-01
-4.442357286302409808e-02
-8.234757028792493161e-01
-8.098794303244945259e-02
-2.658407675638256418e+00
-1.539022825604863809e-01
2.278652326310641740e+00
-9.696998822362933312e-01
5.849564868401396778e-01
-1.734073241188077485e+00
-2.849735403341627782e-01
7.869594598990657941e-01
-1.408763252960128165e+00
1.477952942801354919e-01
1.209836830804913999e-01
-4.554703634034526494e-01
1.757454535639866533e+00
4.711233147640431218e-01
3.946130039324102085e-02
8.852935456275157558e-03
-9.895144502399459974e-01
1.511942622242707923e+00
3.320891889683785791e-01
1.522368612586787906e+00
1.477850976111111381e+00
6.161893200104692214e-01
1.138537895767950614e+00
-4.711913970231030868e-01
2.746293806964857920e-01
-8.110510233662949764e-01
1.222864923492830158e+00
1.342932672157711727e+00
-1.806791580708676292e+00
-6.212145015638348422e-01
-3.377913824798224884e-01
-2.845604545331451574e-01
3.101000089978296348e-01
2.041887386788554082e+00
-1.591440839554637776e+00
2.665469434147224592e-01
1.736550041946915757e+00
1.608005291628601284e-03
-1.323929979513447652e-01
3.688832893674509061e-01
-1.605022179461125020e+00
-1.044668630836364902e-02
6.269263232159330013e-01
-1.073361469435711646e+00
1.822876576088326706e-01
2.828948407085864480e-01
7.330387720844648847e-01
1.391992601421770281e+00
-2.818230065530608064e-01
1.052370144630051935e-01
4.322659597596226200e-01
8.965285952822520388e-01
1.427089619574515744e+00
-1.393225817745201045e+00
7.345425947960536328e-02
-1.076421911989700275e+00
-1.125367517855234256e+00
-6.193825264699814870e-01
4.617781715970239453e-01
-2.952114961416875127e-01
1.455981310757896274e+00
-1.521886632111348059e-01
9.669006235788774051e-01
-2.423547153313144742e-01
-8.957279973923070182e-01
-9.191339646110466832e-01
-4.278446654464223425e-02
-3.704279645496073581e-01
1.451932675871047129e-01
5.743501852614601999e-01
-3.050219425989820765e-01
2.307110231981819859e-01
1.569849378028709497e+00
-9.319458469562474923e-02
-1.294649645684481376e-01
1.092659197025206641e+00
-1.182440654795331003e+00
3.471266874202975916e-02
5.146991594107611645e-01
6.475393652432367420e-01
-1.121433095302786009e+00
-5.925122892036179811e-01
1.288617970962522952e+00
2.026089023192878091e+00
-4.958943429021823723e-01
1.306540269116727160e+00
3.979451818751815195e-01
1.047623756800736716e+00
-2.041820240652279850e+00
-4.652853756469705337e-01
-6.868819539202534186e-01
-1.174731113790806303e+00
5.207150634186437088e-01
3.531848904367198005e-01
-1.178785446789874625e+00
-7.950487871655846916e-01
9.359691242548870971e-01
1.199962554948403648e+00
8.850703686311971463e-01
-4.063149940152120387e-01
-2.037924303542985704e+00
-2.652640858379721189e-01
-2.686966168252098996e-01
1.713772874496247933e+00
-4.757895013696802344e-01
-4.866057059708616128e-01
1.134034571420312387e+00
2.017327251260479237e-01
-9.637954752050273965e-01
-1.149783105597872224e+00
1.196678686839687922e+00
1.583215926632311199e-01
-4.577141461338757322e-01
-4.956197681812210543e-01
-2.175627726428199793e-01
1.504685854186898819e+00
1.171005265749588409e+00
1.893801123850138879e+00
1.150066462602552075e+00
-5.352219064295998807e-01
-2.389839722742170547e-01
4.049286719946547097e-01
1.503059989773417371e+00
1.292019948565369614e+00
2.755086624666766570e-01
1.398190170407173971e+00
-3.766309790863288098e-01
1.596806341376215688e+00
-2.877938222938146093e-02
-7.651724771886821985e-01
1.691612971869278059e+00
7.557976416037454070e-01
-1.788256354856273822e-01
1.123167315530890109e+00
8.863144930314154069e-01
-2.622961241797155396e-01
-1.103305653722624236e+00
1.518135108638917652e+00
5.871870326735046941e-01
-2.498828153384520245e-01
1.350708974728521028e+00
-5.202418125594301390e-01
-2.119349706737474914e+00
-2.480451947979966043e+00
4.159002440327509709e-02
1.945336435671720376e-01
-1.099860522666750606e+00
-1.380572265647095342e+00
4.337423999204268604e-02
-6.891566711082344199e-01
3.844582483085489111e-01
6.251814139715649032e-01
-3.491293312559319295e-01
-1.718671296822834871e-01
-2.256105153470593372e+00
1.545166202329395944e+00
1.185607142336248199e+00
-7.464964064504829855e-01
1.541775799777338918e+00
-1.843788364810440727e+00
1.126129814373098226e+00
1.283227942473967209e+00
1.800396903714780006e+00
-5.158987623026419778e-01
-1.356595116293857428e+00
-6.212745671971620087e-01
-1.673785327302541315e-01
5.959047855585748454e-01
1.318375614519403216e+00
8.534820710190594850e-01
-1.139919676201914145e+00
-1.476035885032224826e+00
5.530130582496323166e-01
2.598726713884316752e-01
-3.095428643697102911e-01
-5.973561708640358070e-01
1.590400368008687837e-01
-9.681599789411329815e-02
2.891659966408164917e-01
2.732575199814605837e-01
-8.175193716493198703e-01
-1.542202955692042909e+00
-1.538700928245698263e+00
8.195404312802251345e-01
-5.785013900599120795e-01
-1.533686416144054987e-01
-1.117474769819965852e+00
1.374822287319902525e+00
1.528434330473255054e+00
1.067995972226896961e-01
-4.509835433801153703e-01
9.386828149167593116e-01
1.434855704297370582e-02
5.136544587990167221e-01
1.686455994587813034e+00
-1.481444368092174058e+00
4.860188754108549919e-02
1.068284398504825150e+00
-6.241231454741734685e-01
-1.978570883725909946e+00
-2.988950207103186485e-01
7.947970592601945050e-01
1.065034331912162902e+00
-1.733193421916954247e+00
4.487578525514360761e-01
1.057491736373408431e+00
-1.788565557878188106e-01
-8.978491101722243517e-01
4.513764747545300215e-01
-5.241932240991461489e-01
-7.084639028932775418e-01
-1.650713552414904806e+00
-1.276037925345876012e+00
1.716674429612293551e+00
1.074958152654571508e+00
-5.611611406442175154e-01
-1.910720535923892405e-01
2.280948331906902105e-01
-9.723546821130607531e-02
6.542288553539397922e-02
-1.008353439064537227e+00
-3.625271693320313710e-02
-1.659182161102207509e+00
1.532906974126027611e-01
-1.540660044780687299e+00
1.001603278294085075e-01
3.772928556089397145e-01
3.791557084843346082e-01
-3.501516918182733806e-01
-8.603643778484998395e-02
1.459469292129939699e+00
2.721036038980386706e-01
-1.699765176933163424e+00
1.967899667631176408e+00
-5.222837789225343030e-01
-8.641901694171771897e-01
2.106930628178007858e-01
1.170684900946385332e+00
2.305657760012984614e+00
1.609380833242925579e+00
-1.710294388167121205e-01
-2.335463313477613490e+00
5.231855218743635544e-02
-4.306312602751642682e-02
-1.801281065833581607e+00
-6.499232215727667183e-01
1.213972932606647737e+00
1.733780817825252063e+00
-1.541480697801501654e+00
-7.907837647883938503e-01
-4.878277946736494508e-01
-2.218246968667165475e-01
8.206287288459855889e-01
6.989064903540791462e-01
-1.115189856563681303e+00
3.077742375212352943e+00
-2.530313909966140917e-01
1.301425816358967591e+00
7.681810270890969683e-01
-3.545138916724894784e-01
-2.174506609654905664e-01
-8.436164586539065535e-01
1.395831275041553354e+00
-7.282888979172807975e-01
-1.716280964492636452e+00
-1.178162504133985378e+00
3.404798357918311091e-01
-1.485163229614964164e+00
1.039387036419190613e+00
-6.496787872880190884e-01
-1.390942304016960396e+00
-1.594266539205750066e-01
6.463112420820373849e-01
2.789046046927095013e+00
-1.291049408913456542e+00
-7.681822127424461355e-01
6.951676423007095984e-01
1.120718069387303256e-02
2.118746399724200646e+00
-4.379625658773335650e-01
3.775553953497491899e-01
-1.829473807154701648e+00
5.072480008891002701e-01
-3.444168937288436538e-01
2.389890909195645230e-02
1.623571115891793148e+00
-4.608118338840358486e-01
-1.228707013469992892e+00
8.961200776564687276e-01
-6.589150140554056456e-01
1.507672632080831743e-01
3.828929593045919400e-01
5.793075941381067295e-01
-1.633154992364971081e+00
1.141426617153711159e-01
-1.397713443464061900e+00
-2.881908248977151366e-01
2.251281391241649055e-01
1.202926474316140082e+00
6.640226618693978455e-01
-9.724511145134213941e-02
3.510817673556397289e-01
4.719166732660329822e-01
-5.234248342948976118e-01
-1.980473309636843871e+00
-1.840731630380559647e+00
1.115198311633661232e+00
2.948630054422907154e-01
8.683234745551412503e-01
-9.708949023442788040e-02
6.781775154339664269e-01
3.282930709742030162e-01
1.182121764079249848e+00
1.625483139093273355e-01
3.128841441217247166e-01
-7.841842026582152014e-01
-1.864517702662769283e+00
-8.818583042344122491e-01
2.834415416681074773e-01
-1.020542901743679565e+00
-2.292237947317031566e+00
-8.478512991346053296e-01
3.240175940634764523e-02
-4.724331176845684710e-01
1.747526160388560790e+00
4.693721978298238118e-01
-5.099476418502502106e-04
4.386259146689284738e-01
-1.444193793180097440e+00
1.045754353178774299e+00
-2.024257917811008500e+00
2.023171519645926786e+00
-1.071829908062980730e+00
1.007249264698450553e+00
-4.596751428321402821e-01
1.291659867309603360e+00
4.059719736546787971e-01
-7.229612647520202717e-01
1.361258837061416038e+00
-1.091201404018282917e+00
-1.434799503520541031e-01
8.276420402167771195e-01
-1.006489305693394565e+00
1.532077888909609387e+00
-1.978132822382662193e+00
-5.967484465995002152e-01
-7.624213741146160794e-01
1.035942243771475813e+00
-6.134105608307708346e-01
-5.599538446799848801e-01
7.521584460936601990e-02
-1.033728184813045514e+00
-7.821602824208651050e-01
-7.766458115935905848e-01
-5.186598885943126680e-01
4.998655865196586778e-01
2.416769228894395383e+00
6.967587170168006994e-01
-1.965148036538546736e-02
-5.285029245878896109e-01
-6.316007243017932593e-01
-7.502026140972740675e-01
-5.766318197129984835e-01
-8.566561532913589128e-01
1.082185604350298022e-02
1.613240036123143817e+00
-4.210292175437558293e-01
-1.049944327562054802e+00
-2.053011601797681163e+00
5.122791282288849946e-01
2.705650478139558501e-01
7.445749329343686052e-01
-2.451746620916903097e-02
9.625692642027561252e-01
-2.336790564017805494e-01
-5.196304694673816726e-01
8.936260986310474719e-01
-9.740895949760008943e-01
1.185952018896167248e-01
-5.674801071352800763e-01
8.446528354056077603e-01
8.271393932946681238e-01
-8.665080702141382263e-01
3.738035505193770258e-01
-3.255773421659943767e-01
2.520262040925268510e-01
-1.317815552720960515e+00
5.076823499498248071e-02
-2.346287140770457469e-01
-3.228091288562146000e-01
1.053153310069979032e+00
-2.722259368458349038e-01
-8.594703666260575803e-01
-3.003709987980232587e-01
-1.473718595365639539e+00
1.170301729370344157e+00
1.473439442746533601e+00
-2.555025187630706809e-02
2.131253788231157742e-01
1.096484565238478037e+00
-2.650234539162669295e-02
3.044389317091485747e+00
-1.251127846324552872e-01
-9.388080699704027809e-01
-7.037800372185636366e-01
1.521769836770221040e+00
-5.564831775865973773e-01
6.790030141316301115e-01
1.170711461674894149e+00
1.116377285104420247e+00
-1.277607452885505535e-01
3.398587271631610118e-01
-1.453425956015736986e-01
-8.365924842235055170e-01
-1.067128920882735255e+00
3.274413265398185002e-01
7.852951577892407498e-01
-1.208553364674150588e-01
3.282350700572932989e-01
-3.099095409166450765e-01
-1.233150814626566560e-01
-6.366874650467565511e-01
3.301017551124932337e-01
-3.492864412206614921e-01
5.376432468241593154e-01
1.088813812336564225e-03
5.861820661647346720e-01
-2.612650233213562045e-01
-3.050097486531627711e-01
-9.497463348390827731e-02
9.306456995019722900e-01
-1.277736999905440651e+00
-1.095972905120197849e+00
3.424118010217251373e-01
-1.346394312239742042e-01
2.631372403289010453e+00
-2.574295403207249588e-01
9.552848556103584743e-01
-6.855408285450765860e-01
1.153155751703944659e-01
-1.834520284181247796e+00
-3.754291607214705340e-01
1.862993710302955686e+00
-7.578018101063042911e-02
-1.274033881377414135e+00
3.854235219820142944e-02
4.321473419907592151e-01
-1.703340869061634288e+00
-1.748419963211687467e+00
-3.370135321174841381e-01
6.668818214240155307e-01
-7.527040895234399231e-01
1.326226989687332880e+00
1.024060880794637418e+00
-6.198280493462154928e-01
9.225937688638864431e-01
-9.507828999535468395e-02
1.255205994140693671e+00
-9.550183760775975417e-01
-7.901721757501097843e-01
-1.837848849903641835e+00
-1.150501885165443605e+00
-1.730159806144277557e+00
2.787783104773767562e+00
1.489706206983022474e-01
-1.146605984169265957e+00
-8.346089380867167673e-01
-6.167817816796689057e-01
6.395885144745246942e-01
-7.237010504716269166e-01
-2.869205607080623777e-01
-6.034540603190311492e-01
-1.230209944007516265e+00
2.241410346177971913e-01
6.297817309095934402e-01
1.298910471870856620e+00
-5.876517952877481354e-01
-1.456934385749593663e-01
-1.187645637728116516e-01
1.602438664713399241e-01
-1.053067687729258628e+00
1.648176408143015303e-01
-8.417729665925568483e-01
9.875977128286247408e-01
5.036259719654540001e-01
1.605808568811798009e+00
-9.220042977706299769e-01
2.293017064274220917e+00
-6.868934899771328428e-01
3.964516986158708733e-01
-5.950299075660095416e-02
-3.190485427688651010e-02
1.150342041123454173e+00
-1.027141366464650041e+00
-4.317892691093707658e-01
-1.189320654256451615e+00
1.774360343422853648e+00
1.868872291787877948e+00
-6.849344195719007100e-01
-1.724871339168198459e+00
-3.369682736280055213e-01
-5.463772224318135251e-01
-9.888946119828594394e-01
-8.241930472737398761e-01
3.416270924369013695e-01
1.034883504978870716e+00
2.587890049089183186e-01
-5.902781723892147614e-02
-2.642088316219469157e-01
-6.686461819336843027e-01
6.539243494145849933e-01
7.958525312834437981e-01
-8.029524035888406797e-01
6.174340398915088013e-01
8.769994379814208818e-01
-5.271209084673234013e-01
1.225996492772230412e-01
4.859939309071061864e-01
8.731507358603359803e-01
1.050107697502138837e+00
1.339885017391600153e+00
-1.085003306422497316e+00
-1.294183435321551778e+00
8.983684534519886800e-01
1.654542361721923038e+00
-5.909167384975065884e-01
-1.873619808142860665e-01
-7.180557121014535804e-02
5.233750707787913903e-03
-1.231216431297539549e+00
4.808734735292032325e-01
5.975010250201310269e-01
5.072352296322405474e-01
-6.557624626328562023e-01
-1.583090010135187686e+00
-1.967290431287056052e+00
1.125435615211968665e+00
-1.452126647371258183e+00
-7.245835135357535650e-01
-3.443858412021794102e-01
1.631770053341429660e+00
-9.697986846979237407e-01
2.844455546582081440e-01
3.393891392682361619e-01
-1.513700776810447790e+00
-1.895274562322583956e+00
9.337567915233727645e-01
-8.051559093370888043e-01
1.218859409771448910e+00
-8.308540194761387943e-01
3.143405234064100551e-01
-1.401229279486934765e+00
-5.529655483443005615e-01
7.760017844896738293e-01
1.400242709324103663e+00
5.551892436361628436e-01
-4.857509346302800179e-01
-7.015617723354454771e-01
-5.889363365925387450e-01
-8.249809404055912232e-01
7.044583212337703904e-01
-5.507856410613726911e-02
2.943711086977499614e-01
-1.587120131137755186e+00
-6.522894396700735786e-01
1.250477773634492529e+00
1.385412901195148816e+00
-1.077199163001416826e+00
-2.518108389656568136e-01
-1.277696396040336746e-01
7.630564270362535373e-01
2.048343930273499147e+00
-1.129108325022899706e+00
1.195577843134753682e+00
7.198822499396345664e-01
-2.983254607397656799e-01
-4.706038989512663639e-01
1.068277453676859112e+00
2.587761819907510752e+00
-1.410545125337581140e+00
6.300926244366731321e-01
8.757614062193279370e-02
7.031669098041366528e-01
4.558152119012586212e-01
1.046054512591455543e+00
9.017519789383360296e-02
-7.202146340363977384e-01
5.647393106003139041e-01
1.300859739495875411e+00
2.411602187272088749e+00
7.384934947945118733e-01
1.497034220564565088e-01
5.591981592734130979e-01
8.409976599925186314e-01
-6.583412364778119530e-01
6.924358215351471557e-01
1.681000542029552070e-01
-1.111552536307933936e+00
6.093662675063819117e-02
3.783900218925621006e-01
2.495372488514405074e+00
1.460857313297274862e+00
1.117475504152233047e-02
-1.162610683159096547e+00
1.108049313780738565e+00
-7.785750196275971202e-01
-5.295381092068618401e-01
2.674902953571914876e-01
3.101138690747497484e-01
-1.104953223550964925e+00
-8.984571605710907072e-01
9.264124944295514252e-01
8.713366903396448926e-01
-1.068053960355391130e+00
9.285319700056695602e-01
9.213388951604988275e-01
-4.791642166772948630e-01
1.268282173984991656e+00
-5.157027196190530072e-01
-1.714288552626231921e+00
-6.807638410298817722e-02
1.703093698309729787e+00
-4.033869880384393647e-01
-4.247048114083273873e-01
1.910249135683387278e+00
-9.573825886488195047e-02
-2.301915780846388149e+00
1.177658494232329267e-01
-5.204705326130263515e-02
1.156467383527326032e+00
-4.558015255195854154e-01
3.057649224979001046e-01
8.456184205000587539e-01
8.052675153603690017e-01
-6.841286177239706001e-01
1.268474703022351546e+00
6.006871002734132103e-01
-2.832928532330588056e-01
7.545671570513077242e-01
-1.561360985522846301e+00
1.613896418929589016e+00
5.226254778471309814e-01
5.858054617047073753e-01
-1.549416866261121184e+00
1.669943868964011702e-01
8.748864210840473499e-02
1.430830675987751488e-01
-2.044831947414528894e+00
-3.998077517265836711e-01
-2.229173108945292359e-01
2.890446444117655278e-01
1.264041856063815306e-01
-4.795300339021776326e-01
-9.908191888866485497e-01
1.327644766103193597e+00
1.205146640763963939e+00
-7.579401258333038349e-01
2.189915024857387316e-01
7.394498867318681778e-01
-1.352551866385638402e+00
4.941482999592393677e-01
-6.595130456609180625e-01
-8.895528693262837183e-02
-6.447383782440372357e-01
2.467255220957052519e-01
-6.833404703288665782e-01
8.705029382440801489e-02
1.392726118346543140e+00
-5.174117721645266066e-01
-1.263078007051751994e+00
-2.961649361838872285e-01
9.540000449849027619e-01
1.442021615921601718e+00
-2.185199278250812283e-01
-7.048981603475293900e-01
-3.631618280825465311e-02
-1.296675209750010938e+00
4.118686741067125179e-01
-9.799163298676978329e-01
-1.622965951154420106e+00
1.156227055618731292e+00
-5.115350737330436326e-01
-3.319642163813973923e-01
-4.692119193583838554e-01
4.547019232498788477e-01
2.201898634431819213e-01
7.179561183610827513e-01
8.342652661838408923e-01
