-9.184750206498487612e-01
-1.807152734441795250e+00
-8.441242077998483140e-01
1.481727107548809208e+00
-1.380244392045047452e-01
1.001557642579490981e+00
4.412252910113374504e-01
4.254220705921863029e-03
2.909784889069130909e+00
-4.102489917080404780e+00
-2.409282085420170638e+00
-4.066198861254366470e+00
3.599348015105203746e+00
-3.556704010709677011e+00
3.338550933397654852e+00
1.499589887003477395e+00
-2.501525057661068363e+00
-3.687557915077171788e+00
-2.912853366358401974e+00
-3.137157134893180932e-01
-6.931329277314537407e-01
-4.561394699427591348e+00
1.544737958348795903e+00
-3.741353221602801593e+00
4.497502552129416520e-01
-1.214029075458146201e+00
2.245703443719172299e+00
8.659904069815398397e-01
-1.378401520105766165e-01
-8.603071173817222750e-01
