2.678304942143514555e-01
-1.403303257380777991e+00
-8.253245769961353728e-01
-2.638553912814324276e-01
1.860522932858377221e-01
-4.442719766436748485e-01
-9.587225042826036381e-01
1.826907246476595081e-01
6.530481266871185353e-01
5.951797022692854044e-01
-1.276796231379618007e-01
-4.636538567237937780e-01
-7.186763116929218986e-01
-7.088267215415929856e-01
-6.501218943080308010e-01
-1.786581442139920206e+00
4.560473469309667127e-01
3.999181337720391083e-01
-4.832990358398290831e-01
1.438069761389894952e+00
-6.734953894164192878e-01
1.368117573067987980e+00
1.241954097648721334e+00
1.122082450972457401e+00
3.251735079657687155e-01
-9.114611392293494596e-01
-1.072064534627781951e+00
-4.457950493467332520e-01
2.099786361515384725e-01
8.499089432458283300e-01
-8.043023120594858799e-01
-9.320326171901069379e-02
1.907415289601030350e+00
1.824199642614754702e-01
2.536966352352733600e-01
1.484306314113543301e+00
3.208345677647246319e-01
-5.388820757779662074e-01
-1.336569027653798480e+00
1.087179343143272581e+00
-4.841673662116207089e-01
-1.254430451436631122e-01
-5.137990003779692172e-01
1.551782794947049494e-02
-5.384613840226235570e-01
5.389277985443071683e-01
1.334499137616368847e+00
-1.084648159975504678e+00
1.417339920376891493e+00
-5.658929329968797051e-01
-1.032981601287197709e-01
4.720225726498320507e-01
-1.471555803086709968e+00
1.236835316478596347e+00
-1.061456986357472765e+00
1.979172804569214073e+00
-6.320303672220536351e-01
1.027606524851266911e+00
-1.568372259062047025e+00
1.283057907141992970e+00
-4.440929322384486455e-01
1.731969928604784326e-01
-1.179685562143501822e-02
1.676656359388136286e+00
-1.535212395306804867e+00
2.727564439325970147e-01
-1.441552174809374476e+00
2.462127840719929406e+00
5.021933040431401096e-01
-9.300547106345067316e-01
9.127160358315480337e-01
-5.960821998929003440e-01
1.883210932495447576e+00
9.056446610391277741e-01
-4.647477770424201376e-02
-1.851894710328948701e+00
9.221415056929308518e-01
-2.740142750114575310e-01
-1.270986756280764740e-01
-1.266177965639466496e+00
-1.288945030827206295e-01
9.750228465437922598e-02
-6.315176446059035387e-01
-9.883435934103553810e-01
-1.926343001995102444e+00
1.306033759710628406e+00
-6.916613222427437924e-01
-2.228622443894481275e+00
1.335252739313840697e+00
-4.345840196537346101e-01
8.211931184681082740e-01
4.644462401177819055e-01
-7.145717190947110664e-01
2.326040787645120567e+00
-1.450510140898132239e+00
7.793352564674207450e-01
1.154812985531609160e+00
-1.017063660970621841e+00
-5.348258938193854728e-02
2.033100076642702092e+00
5.786710486307603540e-01
1.971943816129799298e+00
-1.355378772196214054e+00
-4.218365000808325660e-01
-4.909054341266880783e-01
1.366140341402236835e+00
1.484106266685327080e+00
-2.102267626322352090e+00
-9.448335098115409059e-01
-1.208027394073879934e+00
-1.419244316802171502e-01
4.962796664498430599e-01
1.067498958060126180e+00
9.449759133469510797e-01
7.457612933717120730e-03
9.086076510413876317e-01
-8.522054175888844618e-01
6.623778198830189423e-02
1.206525259721515475e+00
1.906813897739024100e+00
-5.684150417986967296e-01
-6.490784571769988576e-01
1.424460893582334853e+00
-4.512876498710635120e-01
-1.189769708458201292e+00
2.106588831362329994e+00
-7.121273197524116139e-01
1.004330990388626832e+00
-1.399638464376407709e+00
2.022382901704782299e-01
-6.223955098243753037e-01
4.498686777255496705e-01
-1.468984973663967075e-01
6.068584402260039923e-01
1.208694149692466913e-01
-3.807690950580351896e-01
-2.493372140077099175e+00
4.573962584249380292e-01
1.621240785162561648e+00
-7.815938453186683788e-01
-1.447390660376522753e+00
-1.103507953125242524e+00
4.945361914802583470e-01
9.321269731904325839e-01
-1.670605799139565639e-01
2.388961164790116776e+00
-1.728249235248092486e+00
-1.209393752978868974e+00
1.082280132343832246e+00
-9.425809699181315615e-01
6.407386209443864944e-01
-4.938477489983855162e-01
-9.198926779505594009e-01
-1.611745596861466900e+00
5.265432912220964212e-01
1.260412967175418730e+00
-3.976363064345832948e-02
3.984494195930579075e-01
-6.511299368536035415e-01
-5.376698979079458374e-01
-6.290281261875483310e-01
1.040935195391464507e+00
-4.439501858230651687e-01
5.868052998329441605e-01
5.552474292493638774e-01
5.244862030312100881e-02
3.267865509691956771e-01
-8.961840370555920754e-02
3.451016728804224276e-01
6.618527966528543471e-01
-1.916798041492940863e+00
-1.265537641229106169e+00
-1.607815300083531851e-01
-1.032267671313551460e+00
4.607594843694024500e-01
-1.408829553517707001e-01
-3.081298881384417321e+00
8.781613199395396085e-01
-1.519320131878448166e+00
4.839950891107357434e-01
1.989759163089935279e-01
-5.212048750849401779e-01
2.639281878519824653e-01
-1.854106186771804277e+00
8.648074523208411080e-01
-1.641235737711959908e-01
-5.341324241414687757e-01
1.990396616712712063e+00
-5.024491731975484488e-01
6.497169692390938334e-01
-8.134985789492452657e-01
-1.119780445156986159e+00
-7.253216324008261440e-01
-1.102073812474698933e+00
1.889923083938803927e+00
7.004010261757126488e-01
1.195299985359139949e+00
1.209613849307735300e+00
9.156963186362576668e-02
-1.259101621675619231e+00
-5.783797182648621193e-01
4.423215957273465143e-02
2.954389169461053566e-01
4.803576555258887160e-01
-1.172534552229261562e-01
-1.124568676108908871e+00
-3.652303838936234115e+00
2.701689002685476321e-02
-2.131699563754864690e-01
5.369650719967825614e-01
-2.922714098880827005e-01
3.494926226268057490e-01
-1.301993028898312532e-01
3.300031075315053020e-01
1.448070215792065518e+00
-5.915861386544571388e-02
-1.277116002144742968e+00
-3.049155115998357646e-01
-4.725446068757695461e-01
1.027640127905846912e+00
4.763601920969021131e-01
3.191065665843038079e-01
1.154611042582879055e+00
-8.488038583070439680e-01
2.349286157605463554e-01
6.451019742846707539e-01
-9.403309848489912470e-01
8.222961529560248728e-01
1.335666308291135085e+00
-6.684769021921115051e-02
8.303072229930038572e-01
-4.594432283642541637e-01
1.140073590163027673e+00
-7.213613389420756583e-01
9.552798625862477522e-01
-1.384914327840949921e+00
3.581828976898798755e-01
-3.821716587057796127e-02
3.314340297796637969e-01
5.850540090038839347e-01
-2.036256376140912483e+00
-4.781227191572001711e-01
-1.695527722741823617e-01
-1.014062917655514040e+00
1.716931455794934447e+00
2.917160738044222712e-01
9.479550689335179969e-01
-5.844348620745163370e-01
1.422432140331357509e-01
-1.050482098941222242e+00
5.791708237830588413e-01
1.735314533313515872e-01
-9.697218547880528394e-01
-2.934749663556799337e-01
-1.558903879130884851e-01
-8.263493623701749780e-01
8.821734043194593422e-01
1.416784192055542180e+00
6.316491833201218764e-01
-9.632720614511754847e-03
1.385390128487625550e+00
6.251591398278524281e-01
6.070045993413092367e-01
-8.890167312349682716e-01
6.203320704915891298e-03
2.465102233216008187e+00
-1.530626646534136159e-01
9.543638441121538030e-01
1.723803261646072726e-01
-5.469221037723388523e-01
1.638217484028241966e+00
1.027284797889801871e+00
-1.064462187659548809e+00
1.751991705819258005e-01
-1.848599798908758363e+00
-1.418253506169182554e+00
-4.934665329737159857e-03
1.256261734456947776e+00
8.205562423780171644e-01
-7.696255302041441482e-01
1.062753738644142354e+00
-7.488566871051860474e-01
-8.326113699382763356e-01
9.274857013658974192e-02
1.687931923647689958e+00
8.724593363214399044e-01
-1.462879729042889876e+00
-1.290608894887093960e+00
-8.296665749033660386e-01
5.022968598040817856e-01
2.245668726128084991e+00
9.416584681284952962e-01
-1.111766789555889146e+00
-6.675382792975725899e-01
1.503796587558852593e+00
-8.657897106354710548e-01
8.054634617946261343e-01
-1.308243489279481420e+00
-8.978371904575317419e-01
-1.709986644733232919e-01
-1.276127640558978760e+00
1.793629715393012525e+00
-9.016560530601177570e-01
1.727677262431286831e+00
8.086151884271787216e-01
-7.305833775905654637e-01
-2.134700038800707023e-01
-1.167779822284111813e-01
-1.002434246637426085e+00
7.873634302373179461e-02
-3.838990594771974352e-01
-8.419632778621437552e-01
-1.155037941639783128e+00
-1.921064315065781347e+00
9.952022296083827824e-01
1.238477759011096913e+00
1.299970500142049845e+00
4.536563940781373483e-01
1.334290079603670243e-01
3.150122092444246347e-01
-5.813071436846791729e-01
-5.393356894595700002e-01
-1.569196474707511557e-01
1.279287514373923296e+00
2.411292549559817644e+00
-5.763026367890508594e-02
-5.304889905503723524e-01
-1.326421030003824164e+00
-6.947809663953427584e-02
1.636756345879325059e+00
-1.603233762284195230e+00
-5.678279609497883795e-01
1.802160091051946758e-02
-1.304496157977909077e+00
8.138682472690559333e-01
2.619361476117310072e-01
8.995678931493092945e-01
6.491102250269941143e-01
-6.268206613716150732e-01
-1.465972612795215957e+00
-2.955048595256556249e-02
-4.565555549461121632e-01
6.212927823593968890e-01
1.704743055392103912e+00
1.269046661485820238e+00
-1.474677110257702983e+00
-9.925237080628032116e-01
-1.260410601663506158e+00
1.146139773115845584e+00
-6.165642404193815151e-01
3.234896613323423598e-01
3.904991819601567049e-01
1.236099561953776682e+00
9.417774301752261934e-01
7.628022714177418173e-01
7.364917175080892831e-01
5.758684318976594607e-01
1.728564926575865357e+00
-7.897465994150307256e-02
-7.417023014740013742e-02
-3.431626488839258915e-01
7.699205061924396798e-01
4.832730737066943671e-01
-1.523854529443033901e+00
4.983375221950037681e-01
5.031669867828105769e-01
-1.797663835397753929e-01
3.352984296843988798e-01
-1.296505797072729227e-01
-2.746038095901556231e-01
1.659097037054899859e+00
-1.302673197084767809e+00
-1.917234490816424275e+00
-9.724632560425128247e-01
8.532999932431030166e-01
3.624503405359699726e-01
-1.502404076870990979e+00
-8.464974962604498998e-01
-6.873266071663296506e-01
-2.060115315803543456e-01
-3.107692237575609973e-01
-8.166376566023066941e-01
-9.099048328174326461e-02
-5.276379047328365601e-01
-1.015424089944283903e+00
4.735604954681522094e-01
-1.584683263945922294e+00
4.435977124606683281e-02
1.087835368170785966e+00
5.236034032874765654e-01
6.647857476714848224e-02
-8.304885786520147528e-01
5.751647278413624109e-01
2.320651285591261992e-01
-1.421915510531017945e+00
-9.784949165272948113e-01
-6.180680181545941121e-01
4.190524176599318418e-01
-5.516294965423115121e-02
-1.587077156921619547e+00
-3.875890924420802297e-01
-4.214831628356304760e-01
-1.067526468730848332e+00
1.055363366201484299e+00
1.147821235455922240e-01
-1.235552568959182862e+00
-9.211451326437231080e-01
-9.709536435776677799e-01
1.672695832577825392e+00
1.285574078347166083e+00
-5.917506794508449186e-01
3.572755420526017578e-01
6.818131305166290623e-01
-1.940236485937903765e+00
1.768565612170355905e+00
1.073300366533360695e+00
6.102305751856524907e-01
-8.040023515453423308e-03
-1.415072754920925491e-01
7.630859516148256194e-01
-7.675358206539698580e-01
6.023943304226223594e-01
5.230829271130467140e-01
-1.367087702171920105e+00
-4.655856764158809447e-01
4.393844162864678493e-01
-5.795565896320972188e-01
-1.181292637669273837e+00
-3.451946399791540054e-01
1.047997989735801383e+00
-1.047932183608493162e+00
1.773739503966458742e+00
1.842546864773627391e+00
-5.218317301103919670e-01
-7.736219727176797678e-02
-8.973352330915772557e-01
1.477478133172591912e+00
1.265782530487393309e+00
5.883604203463222992e-01
-1.235749697001135461e+00
-1.007488319934866983e+00
-1.620565000977963299e+00
-7.589348152338958320e-01
1.272812034645032508e-01
-6.868175367691067290e-01
-6.324464575039011605e-01
-1.102303315701477437e+00
5.974155818226544179e-01
2.183224547528008763e+00
-7.711522144938917078e-01
-9.995148809079358321e-01
-4.599056665442982084e-01
4.602042219081379781e-01
1.417993339658643603e-01
-7.214631074073808437e-01
-5.297431825938198058e-01
-8.139659384384068108e-01
1.417596466935379551e+00
-4.374295149591685833e-02
-1.059070367456080186e+00
5.892289957455993932e-01
-3.742121440665650556e-01
-1.235218676565334572e+00
-1.186172455098981060e-01
-5.241835962955573303e-01
1.869702156452213437e-01
-1.082630487687481935e+00
5.195379956660616250e-01
2.116290102395347095e+00
1.228235356091672559e-01
-2.925184245993688315e-01
-4.162086279899658292e-01
2.229910465230283412e-01
-4.339857796911952281e-01
8.160794229819312573e-02
6.198056366926121274e-01
9.211592927490168670e-01
-8.201434534788707431e-01
2.268037441963014766e-01
1.184017120592110617e+00
1.787313679003263767e+00
-5.535975695581214495e-01
-1.890119474021393131e+00
-1.093287359511576184e+00
-1.668633462123165767e+00
-2.459368535603400741e+00
9.334644595546630619e-01
-9.231657950777509558e-02
1.058088744230242240e+00
6.807365211690962203e-01
-4.777485368277135103e-01
-2.361633784749504195e-01
-3.211955520080284066e-01
-9.119159202697409150e-02
-2.926907758062592957e-01
4.358202846571226363e-01
1.401358029955059037e-01
-1.424952655994079879e-02
6.245919731355639160e-01
-1.172614591134552464e+00
4.759222806564425978e-01
-3.425556306105528165e-02
4.338471725749923902e-01
1.472109229958926013e+00
-3.070962064446617568e+00
8.509066544695468304e-01
-1.462204479279812785e+00
-4.613593043688081208e-01
6.078979941838739132e-01
-1.026689342092070301e-01
-1.570102983987370360e+00
-2.874490729742691375e-01
1.569613368104101347e+00
8.904535095595600414e-01
9.867902876871585682e-02
7.718967318021969781e-01
-2.485985922002994231e-01
5.318690471763370953e-01
-1.852325671165357068e+00
-2.779944205848402294e+00
2.674270320884378105e+00
-2.323427887428850813e-01
-7.262666698578044977e-02
2.123425212476581503e-01
9.370812639494014995e-01
-4.620699917607368756e-01
1.560293942830280445e+00
-2.671928846464579621e-01
-1.708818804063586327e+00
-1.931408974371115583e+00
7.388355293707136173e-01
3.611046355731998281e-01
3.159637193188085114e-01
2.845913895418806239e-01
-2.239974392756357291e-01
-1.605014379189193985e+00
-4.014924265978626061e-01
3.243990588133527364e-01
3.546790827157766945e-01
3.831790455189180711e-01
1.268087590646536367e-01
7.778835473852828697e-01
1.228680822038331177e+00
-5.685391200575313775e-01
-1.633293700359476963e+00
-1.001407953448121974e-01
-7.658039889000736178e-01
-4.635121212045758554e-01
1.582434523212999933e+00
5.641731884417091614e-01
6.927933969861305163e-01
-7.144034680732246345e-01
6.053206387013441159e-01
6.861530411015190900e-01
1.661734021148893181e-02
-1.319429417986192732e+00
-6.601006160819536950e-01
-1.013683963402154609e+00
1.209802366435530629e+00
-1.613576988286273384e+00
-3.953420303131366387e-01
1.314075883423224456e+00
1.872314388651814987e+00
-1.897206966691969532e+00
-1.771830321612992920e+00
7.807523737268983188e-01
8.491104007982899216e-01
-5.140372439955394057e-01
1.335017261118538225e-02
-1.380031566013786959e+00
-2.152490349879878084e-01
1.434023797931122113e-01
-5.089405534136701159e-02
2.935084042345501715e-02
-4.645296581558233107e-01
-3.026990706368393180e-01
-1.893675154032152808e+00
2.570548368781198079e+00
-8.629783782442455031e-01
1.111763996375985997e+00
6.174255908188219788e-01
-1.003377421279351145e+00
-1.537008995078698592e-01
4.872687321263338145e-01
4.836518793315607717e-02
-1.043261720608804899e-01
-1.406282739319750563e+00
7.031957519555400715e-01
-7.713306299050238790e-01
-1.238952362235191895e+00
5.278500683854840947e-01
-7.236674911145529743e-01
8.522521793632785725e-01
5.832426556302374721e-01
7.132561267095089974e-01
-4.788719313176092451e-01
-2.548578885735356958e-01
4.323391987262101277e-01
-2.259633799088290596e-01
-1.060890482512154120e+00
1.289193428525500451e+00
-3.810286461548436088e-01
8.272848043005057161e-02
1.115524749096181711e+00
-9.175609647756981235e-02
2.635795994623898464e-01
-1.065125009650936594e+00
9.007089913271160153e-02
-2.751145249900286416e-01
-2.010371597127085797e-01
-1.126039410938519447e+00
-5.880397314318309698e-01
-1.544153664899963196e-01
-8.746936943571008705e-01
-1.850264634969006616e+00
-6.645481383893567795e-01
4.067476515702401763e-01
-1.102114276688987704e-01
-8.104403213287859897e-02
6.291310109280860985e-01
1.420214329245980789e+00
1.182631326574556274e+00
-8.488688041612312274e-01
5.185513125054441730e-01
-1.359659278300044294e+00
-2.332242430336069372e+00
1.231382989554202334e+00
-3.478121275334511431e-01
-5.776494196196017006e-01
5.138974261891179202e-02
1.955332654592170982e+00
4.659445538570627376e-01
5.417560335286388806e-01
2.147620720587062770e+00
8.367062678345607019e-01
4.330986670295646213e-01
-2.982802696367015671e-01
7.155132825797854146e-01
-1.653915378385436341e+00
-1.404544194208586783e+00
-1.162282706821857969e+00
9.085781260458916098e-01
-6.399601796420335553e-01
-9.141444770319404611e-01
2.525324292031892459e-01
-4.058260186503144240e-01
4.561796820944795661e-01
8.812291858724090599e-01
-7.221945751447452766e-01
-1.527075646342097359e+00
-4.998079645940965987e-01
-1.726739636965167191e-01
1.016343153952154132e+00
1.103107435017325472e-01
3.498824957869178798e-02
-1.487267915169051102e+00
7.109404858472677669e-01
-2.065913052645422798e+00
4.775781451147221301e-01
1.939857502032083514e-01
-2.403443828544639393e-01
-2.422967605609813724e-01
-1.181152851114507740e+00
-3.907287511225411847e-01
1.621199092597846336e+00
1.913129406763926399e+00
5.546861706431169825e-01
3.971835977181495947e-01
2.664479494865534814e-01
-6.682803870274935942e-01
9.693437816646388594e-02
-3.729108020474792284e-01
3.739125130429298838e-01
-8.573199654231909994e-01
-2.938591355296622076e+00
7.742181654198779794e-01
6.639613673031569130e-01
-3.123257001394484700e+00
8.982195352708360891e-01
2.831684588074906972e-01
-8.442854508199395536e-01
-5.424870667854007900e-02
3.828241838873129854e-01
-1.844157478988352139e+00
3.127746106562903639e-01
-3.325262486384982785e-01
-6.288016887993511661e-01
1.179807364565370886e-01
2.012084111704292244e+00
1.746358031342591710e+00
-6.960093412530346524e-02
2.715315957103643374e-01
-6.744327381072496852e-01
1.904368948735091660e+00
8.770769001516118824e-01
4.344655940860025489e-01
5.150597840732806798e-01
1.376770322896963272e-01
8.713125425686532033e-01
5.264227595384172176e-01
-7.450900355184805202e-01
1.360478653660938786e+00
1.026956584388419191e+00
2.670460829239173495e-01
-3.162184990447092225e-01
4.838277751987789532e-01
5.651841780560874495e-01
3.113772466789733739e-01
-6.211920855021881710e-02
-8.471670761634856328e-01
-1.695043323985373940e+00
-1.245871595891444139e+00
-1.223898340947279895e+00
-1.429623094112010551e-01
1.059535738780396308e+00
-4.832789135339847775e-01
2.069600551622809093e+00
-7.535108833650158711e-02
1.420281348023829215e+00
5.740501194727926082e-01
5.492452812508105131e-01
-1.491592994320340759e+00
-8.253238088054801747e-01
5.255864617814874906e-01
-9.231624001916511890e-01
2.318892481719027343e-01
-1.364913606512425881e+00
-1.114685900157260656e+00
-4.413916464733532719e-01
-2.463315634081539862e-01
-9.443267683830035564e-01
4.100275071405938832e-01
-8.771195322842596509e-01
2.384340854584990690e-02
-8.308146325791568865e-01
-7.666963305578303745e-01
-2.191562699012496729e-01
-1.349511041941967304e-01
1.036026810475291077e-01
6.023807491373667916e-02
5.403203428042548939e-01
6.770126715783729709e-01
1.083701190036833406e+00
6.021015920263219634e-01
2.541241770269793698e-01
-1.034195393591328949e-01
-1.256077460069296770e+00
4.145620707261288840e-01
2.160136801268939699e+00
-6.505350269181773282e-01
8.212392236440795301e-01
-7.858645570395115243e-01
9.867042916472031910e-01
1.404732140858969247e+00
-1.003855466422380327e-01
5.649010430605152511e-01
-3.040598401769483150e-01
-1.134531823576299780e+00
-4.309947789319283351e-01
-2.307011992142847523e-01
1.014352197260613098e+00
-1.836317645674571786e+00
2.493414872589748421e-01
1.974405196595253820e+00
-5.054126466436691806e-02
-8.831297974574793264e-01
1.411159250286506406e-01
-7.353638928302775879e-01
-4.090605612263591984e-01
1.563481554038505639e+00
-3.460307431844369952e-01
3.645449707882278401e-02
1.076370289455903739e+00
-3.834185380930613118e-01
7.515709748238077470e-01
1.432668463272733561e+00
3.271708635929349018e-01
1.831916614721612380e+00
-1.613187223447799745e+00
-5.334061866778465610e-01
-1.603722694140781391e+00
1.007245538375042049e+00
6.460400991703438844e-01
9.332545886232090915e-01
