-1.776543745295813548e-01
1.875195866306085479e+00
2.047486112431521565e+00
1.593849132021504023e+00
1.998477105634643758e+00
-2.022317903481732626e-01
7.761337235138484614e-01
9.498046150861931824e-01
-4.597614734025555205e-01
1.236472868533457614e+00
-2.897422784121791439e-01
-3.995047075669185682e-02
-1.888023729913475446e+00
4.102499183081920187e-01
-4.673990893633516164e-01
-1.735629907570146901e+00
5.395366045342189221e-01
9.805021212213737014e-01
-1.362698129456613394e+00
-1.277162218219532352e+00
-6.405021200348310906e-01
-1.278137714461531571e+00
-1.100627201984896164e+00
3.167638512514449611e-01
1.007253428575268561e+00
-3.119621731482898341e-01
-5.377055702601397646e-01
-1.930436435408863893e+00
-7.263988044476664685e-01
6.099400251347716351e-01
1.479723417570842636e-01
-9.185456747180938963e-01
-6.447053523838462974e-01
2.909231226863538966e-01
7.835998255866315487e-01
1.225650933044186930e+00
-4.056211093540866286e-01
-9.731303519435136051e-01
-9.205496310503110680e-01
-5.979112871663100348e-01
1.934175900918504443e-01
-1.421933733486808737e+00
1.334555925617317840e+00
-6.554965912600487776e-01
-5.246782625920286963e-02
-1.087769655553982195e+00
1.119202962613042196e+00
8.068432465917362295e-01
1.731623290293912376e+00
-6.753887955483242056e-01
-1.479977386679543483e-01
1.968867933564577344e+00
-1.187115158286660588e+00
-4.821970390626483804e-01
3.144287334828357761e+00
5.549780588332232645e-01
-1.619288280654290313e+00
-7.420656495798850782e-01
1.162867486317957111e+00
3.993323755161249378e-01
-1.205561845868259041e-01
9.223900601367411856e-01
5.713539464898153425e-02
-1.318174853011026659e+00
5.464854165693093790e-01
2.654493395851698634e-01
-1.997233579664958292e+00
7.996045214216058739e-01
-2.124229022107312070e-01
-7.856644118677631461e-01
-4.850578443932077044e-01
-3.733760459240063612e-01
-3.322500459428524011e-01
-6.015171805099989166e-01
2.074836280791828302e-01
1.747673941550870885e-02
1.097213831012219698e+00
-5.950714617958409169e-01
1.639094914389074842e-01
1.994567263868776585e+00
1.450792174226171127e+00
3.713524115879686671e-01
1.122578811288548417e+00
-3.762777281488654535e-01
-1.183240963616066121e+00
2.443241524727086667e-01
-8.033554452295799120e-01
-6.596539571281235803e-01
-1.504572393919330620e-01
1.836599442034010155e+00
-3.674776725175357139e-01
-1.323799731693551252e+00
7.997374670024549603e-01
8.627535130174980305e-01
-4.854493597334316179e-01
1.665448236954226058e+00
-4.276907817936541623e-01
-4.941433452260043380e-01
-3.561553571922971284e-01
-5.622057993796073516e-01
3.770523022280531378e-01
-1.134669254032344199e+00
8.565854435482900264e-02
-9.798926078112110138e-01
-1.243790476160292618e-02
-2.649725084576396661e+00
-2.040160482252024732e+00
4.850262616015470485e-01
-3.757024908295608090e-01
9.584397941755379291e-01
-5.441718012989202879e-01
-1.043238006651611149e+00
2.057192575231418796e-01
-1.095257878146650654e+00
7.131665275641229096e-01
-1.450684852798429736e+00
1.871719543063933844e-01
-1.079828813023241185e+00
1.606060611014904493e-01
-5.251083154878538606e-01
-2.450818208007674581e-01
-5.414403528881590599e-01
1.368470523284262441e+00
4.224930704459753938e-01
-1.070312689669327577e+00
3.276017183433281854e-01
2.175485554206099403e-01
2.175567321875827020e-01
-7.109371026302623298e-01
3.666772641636348862e-01
1.867003441059979230e-01
1.800036179957492655e+00
-3.562759830792723292e-01
-7.173676489145651702e-01
-1.675040265001257911e+00
-9.435564550382801174e-01
-1.904062146743496164e+00
4.002399808600552444e-01
5.877438134231524058e-01
4.505402561389396654e-01
-1.073770132327864779e-01
-1.810070902457677489e-01
7.412443556876997519e-01
-1.928715829334758380e+00
-1.405232431400187110e-01
8.352563787287482500e-01
-7.605338506276774213e-01
8.069418651743959225e-02
-3.034289548099626255e-01
9.711967709566933227e-01
-8.214038304788888745e-01
1.341161081544463451e+00
1.294134782191856070e+00
-4.680719087085307706e-01
6.454573736665870642e-01
-6.473933410090829677e-01
2.355014455281783103e-01
-1.697157438510737693e-01
1.190182047078237382e+00
-2.009105620739459752e+00
1.040916866701467214e+00
-1.279397392475318362e+00
-1.133480525996476418e+00
-4.164066327153903013e-01
3.201950675574786742e-01
2.167765597644284448e-01
-1.403851336591275034e+00
-8.046830801055040450e-01
-3.316221712530163512e-01
-1.127856022019474436e+00
1.366049303317720343e+00
1.085270187719005408e+00
3.949004129944425068e-01
-1.348025206843530777e+00
2.701499199827054554e+00
-6.248594443983006563e-01
5.443599869528769064e-01
1.116467525589713849e+00
5.983543827749451260e-01
1.613754104652368460e+00
-5.622581710926669585e-01
-1.067551952061297271e+00
1.584249185145365502e-01
9.749614481280827194e-01
-1.495088924975820799e+00
4.449477428638164977e-01
8.850038126858277010e-02
-1.400355079192744601e+00
2.941459936450957491e-01
3.007080580559909344e-01
2.229955209467697763e+00
-3.534318807817502517e-01
6.512069691863116294e-02
3.797059062577883837e-01
-5.699494035053057767e-02
7.288947925375510728e-01
9.663207151132979789e-01
3.423419865576489141e-01
1.794371863926200517e+00
-2.042119808452262375e-01
9.271171553247276043e-02
1.067081318950859892e+00
-5.524549079269732710e-01
5.680067128344855609e-01
9.117390147536904577e-01
-1.696669164253344686e+00
-6.985901578963652492e-01
5.895689175785290281e-01
3.589957682499784197e-01
3.336832512834738140e-01
-6.426396373313150168e-01
-3.006840981767513465e-01
1.240748487232463670e-01
-2.741156818855693955e-01
-6.752247721798650959e-01
1.305626244023648574e+00
4.666320513077966137e-01
-1.035349726523314695e+00
-1.052986505455039135e+00
-1.542569260503650341e-01
-9.668028882475814267e-01
-2.383335557764597878e-01
-4.117047956550972665e-01
-2.476191692850706061e-01
-5.069233964845143436e-01
1.950988498991816700e+00
-1.231204925564830521e+00
-9.200708355770856883e-01
6.336139144524179923e-01
9.664492966642835858e-01
1.037795303803353608e+00
6.194293222089870543e-01
1.287886010271082293e+00
1.424837514998739785e+00
-2.392368862377408367e-01
2.040506013853718770e+00
-1.022982689110029653e-01
6.455733829572184168e-02
1.194974256900056542e+00
4.901809774598728797e-01
-1.729555675000137072e+00
-1.169626448362797166e+00
4.833772720673320533e-01
-1.209521404966715119e+00
-6.760387904184401719e-01
3.172978888427917532e-01
7.690098297291845242e-01
-4.716776130343076079e-01
-1.257532613810556477e+00
-7.696735009980374409e-01
6.419676859394934931e-02
-4.820377755007128617e-01
-5.023540716056971167e-01
-1.107227725661421358e+00
-1.049976773551309250e+00
7.921539786307549846e-01
-1.252952199740536288e-01
2.298138615387089745e-01
-1.990342783599502896e+00
4.835263174510149309e-01
9.967837395380766408e-01
-2.322966992332936575e-01
-6.124592325612489008e-01
1.643143543687454633e+00
-4.972857981245376036e-01
3.357373302980441565e+00
1.234999041136577880e+00
-3.688105520411522620e-01
-1.941252429119830758e-01
3.211361597253368783e-01
-1.150552555853450398e+00
1.497677290198481392e+00
-1.110196291861601292e+00
-9.437427056998031194e-01
3.159722946782920761e-01
-1.022540654905776808e-01
-1.547542694482152870e+00
1.297294300157822433e-01
-8.166581954906289020e-01
-1.809041969762029411e-01
6.656441072350074428e-01
-1.906700012771159525e+00
-1.712745744712181217e+00
-7.631793922797254215e-01
6.710293330334287099e-01
8.024986306631567423e-01
5.893900159218375956e-01
-1.776589361849784998e+00
6.855947981423768378e-02
1.519200591736994621e+00
9.141229082198504274e-02
7.814187504065340795e-01
6.519889905275159103e-01
1.131190303513567530e+00
1.592936535168470780e+00
1.112898170143171495e+00
1.510873047214460030e+00
1.768297535656212283e+00
-1.069865927601850064e+00
-3.156872344657744578e-01
-9.821381801612989459e-01
2.080410786362218156e-01
-1.114643129215165729e+00
6.956473009707202504e-01
3.711071736782254882e-01
4.757032068854962215e-01
-3.834503282469828300e-01
8.833886468536047420e-01
-8.458490316676391396e-01
-3.091813122072065156e-01
1.308817018938748244e+00
-1.716872961048631074e+00
4.628662658083738668e-01
-5.626648871778769934e-01
8.762381367510808650e-01
-5.271640024357349130e-01
1.020388395999494158e+00
-7.556807837037626818e-02
-1.391581528988956595e-01
-1.698560671360408225e+00
9.860397575471808729e-01
-3.796251260588406340e-01
3.757097295584145846e-01
8.778953739184788274e-01
-1.630653463396960046e+00
-1.577382290889120631e+00
9.667693384954164637e-01
2.782210643644176806e-01
4.607361364573015483e-01
-1.185919995610430488e+00
9.911059809609648052e-01
-3.608314540503205353e-02
1.499286153512947584e+00
9.033359510977839735e-02
4.618306182382971303e-01
-1.312620329296942501e+00
-5.802253758086957092e-01
6.960925730422222735e-01
-2.775353777961072410e+00
-2.232981690805540820e-01
-1.245840487172791944e+00
-1.299034497753905226e+00
-1.757771004416709415e+00
-9.506472359862637722e-01
-1.107692101746917013e+00
-6.651293279391636837e-01
-1.320598583580118834e+00
-1.848070520441711384e+00
-3.923254262019552741e+00
-2.851612179308283146e+00
-6.599903484768384621e-01
7.168113143083859259e-03
-9.131985163524977134e-01
1.246965240650330653e+00
-2.386974039125202562e+00
5.669294059725010770e-01
-5.736469583172590925e-01
1.250878347886299258e+00
6.731645656621443319e-01
-2.073715284383096658e-01
-1.908369295873034166e-01
1.082062851958519589e+00
1.012153242125385377e+00
-4.822258571215043421e-01
1.703357780543458544e+00
-1.566023220253367709e+00
4.838599702052723828e-01
5.439495506715437134e-01
2.076378960852768574e-01
-1.744917281527760933e+00
-1.902031995677006426e+00
-3.645107273139730264e+00
-4.159083580567217275e+00
-3.417717824165032336e+00
-3.799178044312954583e+00
-1.221076260390114410e+00
-1.706745710448931197e+00
-9.271854597420203792e-01
-1.927005665171596938e-01
-1.806984814826601227e+00
-7.474917765090817179e-01
4.285589567888836160e-01
-1.445872784938596167e+00
-5.214446176618334761e-01
-1.159967469673051227e-01
-4.981656769670541607e-01
4.731599859266963359e-01
1.288368722322104976e+00
-8.707247578838207547e-01
-5.635585146112902927e-02
-4.822037920793214028e-01
-3.299038263897439704e-01
-5.147565619334562026e-01
-3.083131737180130338e-01
1.036916006305426130e-01
4.988952947797273829e-01
6.963633799199658858e-01
-2.257562005766119206e+00
-4.215259006102551886e+00
-1.752221672002050923e+00
-3.783086577491967528e+00
-1.761429329022748069e+00
-2.126586491351415198e+00
-1.114762661209593775e+00
-2.408652905383969589e+00
2.250949494810010609e-01
-1.689510298607833638e+00
-6.800338078614394099e-01
1.655800723961449450e-01
-1.078765399240537937e+00
-1.771551813682217702e+00
6.920603344775722032e-01
1.421438509197801847e-01
5.458281242974266645e-01
-1.439202489520996053e+00
-9.274094592803819870e-01
-6.088995994177539561e-01
4.846960715791115426e-01
-9.464198472065734613e-01
2.388815128036120949e+00
1.743864946910391955e+00
1.896428015608258688e+00
3.449697800879423237e-01
1.028194673419280392e+00
6.799009045212089930e-01
-1.527688864561126625e+00
-2.570375961480170446e+00
-1.311298238746802847e+00
2.391886371570513536e-01
-1.115283988460186393e+00
-5.021563392904483392e-01
4.539955793363993908e-01
1.129094214302319266e+00
-6.070691112600472561e-01
-3.014250436266484590e-01
7.294087091269629841e-01
5.346798877365033231e-01
-1.887211557888416047e-01
3.446171875792782835e-01
3.745910333302578943e-01
-5.468955017035339594e-01
-4.239547189668517180e-01
-1.414399740568819397e-01
-1.172669368658975086e+00
1.406132582057013858e+00
4.902073669212782536e-01
3.496449496717637384e-01
1.341310645672573187e-01
-1.987999974224540500e-01
9.256006460227862442e-01
7.465879518683337102e-01
-9.735414123612989856e-01
-9.272618894043880289e-01
-2.004210031127888314e+00
-3.940958162407918186e-01
-2.130837141694172043e+00
3.261020693818630911e-01
6.147440923275839797e-01
5.064293640236354754e-01
3.859344522313014614e-01
1.437660348973786306e-01
4.361946034311766085e-01
5.880269809071918541e-01
-1.737332667530094854e-02
-1.286163598895397664e+00
2.965079323290542579e-01
-2.270672252685170367e+00
3.851855170731380285e-01
2.208181459600901397e-01
1.278608901330049896e+00
-5.376864714095634934e-01
1.425221715100142061e+00
1.432419803889855237e+00
1.623394124270657324e-01
-1.354314069588867353e+00
3.205536390842423922e-01
-8.665739148596022234e-01
-1.164433058455065062e+00
-1.146290041826060646e+00
-4.205136307656647809e-01
-2.962828486295390196e-01
1.044748712272803859e+00
6.109517046401639062e-01
3.439895395766743857e-01
6.885668407644945921e-01
-3.209084928226786371e-01
1.408766183161189289e+00
6.964627829820743132e-01
6.155938881262674744e-01
7.070631026437267375e-01
-8.957211064348000740e-01
7.503113113999803074e-01
-1.269214428756713309e+00
-2.372706367878417433e-01
-5.554149352713724785e-02
-9.178575777599335961e-01
1.163161585803611058e-02
1.576227939215136820e-01
-1.005061297122684105e-01
-1.984481777321771279e-01
2.426279875182705936e+00
-4.064623653297759209e-01
-7.536254321624806796e-01
1.366766110296419479e+00
-4.563204037364168575e-01
9.747059364168310092e-01
-3.331631294679235911e-01
3.015017489788011096e-01
-2.839560252831282439e-01
5.295935759087634365e-01
1.092890127378168819e-01
1.850282106063620091e+00
-8.299074178388385348e-02
9.921089530745296203e-01
7.778870298339795042e-01
2.881836060490622575e+00
2.009693726070375774e+00
1.540762515903423724e+00
1.421264921020854333e+00
8.406194408357994252e-01
-1.198060911145227614e+00
8.808744671467141352e-01
-1.559992778119775325e+00
-9.790658764477044862e-01
-1.177367262515008672e+00
-1.465683186121668369e+00
-6.042948537968555467e-01
3.347205985659433836e-01
-1.561700606483681364e-01
1.794256318675671869e-01
-5.401728225307173004e-01
-6.086920820293532097e-01
3.199558336546837189e-01
-9.890187532498437850e-01
4.948345777666283696e-01
1.098725202276428670e+00
1.141319290539817288e+00
-6.118273518018925161e-01
-5.084134661905249652e-01
-9.473026346590439628e-01
-6.940593106143528868e-01
1.453813988174832872e+00
-7.518231332086761087e-02
-4.144024685985656653e-01
1.090954029548307558e+00
-6.463729653249391527e-01
1.055405072895465812e+00
6.414235939770265293e-01
-2.633744645451679967e-01
-2.189446519008537706e+00
-2.398626347910867429e-01
4.193342720867050955e-01
-6.142715796378594995e-01
3.853476330603686217e-01
-3.491293535491958311e-01
4.971915025422403156e-01
1.703002206582763911e+00
3.992703420369213552e-01
6.342299521630433423e-01
-3.352329807252640292e-01
-9.148608582978601245e-01
6.289413368842486918e-01
-5.305744343572840194e-01
1.553632104983738049e+00
-6.908655364544358246e-01
-1.407156688017603408e-01
-2.582692642598552468e-01
-2.499426538344570042e-02
3.562792650369261960e-01
3.747812077084199944e-01
1.134064635381746955e+00
-5.921924934381380679e-01
1.354271897226410060e+00
-3.429808887527870942e-01
-4.591382549423854709e-01
-2.600779671188948039e-01
-1.258667421273825138e+00
9.090462454519683266e-01
-2.323047631990229345e+00
-9.166404114219706134e-01
-8.018119205855133158e-01
-4.952119595866671387e-01
-1.163716265855617715e-01
1.536598116735135688e+00
-2.429616209836240326e-01
1.481639548555323760e+00
1.216232017119568187e+00
1.419338296354491824e+00
-5.637759707227859574e-01
4.649055070344849105e-01
9.232174628418617912e-01
5.198916914857321103e-01
7.318057738242743637e-01
-7.798238743898294745e-01
2.068047164253539183e-01
1.623869150651836568e-01
-4.068920951449920831e-01
1.893737854480636029e-01
5.029148979943715014e-01
-2.726507433956818494e-01
1.320874970536136894e+00
2.819243497972602763e-01
-4.696384413369651400e-01
5.537295040425862513e-01
6.053260040381074347e-01
-5.895566033436250297e-01
7.438911291029937090e-01
-7.834761361534946511e-01
-1.394424722531242278e+00
6.768187585895134584e-01
5.127389878393344702e-01
1.381181881484538354e-01
4.681887164980494398e-01
7.411836463747027981e-01
-6.919313497373098532e-01
-1.131191829662322235e+00
1.271672326931215791e+00
-1.094926424648580365e+00
-1.273953195433648045e+00
-1.241920976078886074e+00
-1.209288939002024499e+00
-1.549999243292582873e+00
-1.002934808524160948e+00
1.848692088661592958e+00
-2.569774065211135050e-01
-9.491716955812001810e-02
7.742805972830090200e-01
-5.706053598769327273e-01
6.311486237233751573e-02
2.726481119499827785e-02
3.607344444850403842e-01
-1.226812029910906571e-01
-8.352288555569341577e-01
1.901456190838986648e+00
-2.126277647272875604e-01
2.171442192011582492e-02
-6.535132984124746303e-01
4.203038926233698680e-01
-1.340635246720638829e+00
6.419292599269643684e-01
2.580215425222351477e+00
-6.136535728593158767e-01
2.639275237134532937e-01
-7.118861482882307690e-03
3.645868865323375618e-01
-3.983761724779299324e-02
-1.591691183481055150e-01
-4.391592983467784705e-02
-1.498995903371166394e+00
9.593643849824070591e-01
-8.168514511754133567e-01
1.232231900856338935e+00
-3.241956040386114735e-01
1.230400682010589941e+00
1.029220349361584574e+00
-9.922378645067637670e-01
5.736493732419634117e-01
2.983682121807805787e-01
-5.457342948614752887e-01
-1.610799566707984409e-01
3.575919288817298591e-01
-5.632181727633839285e-01
-1.061680581856353917e-01
1.597501218477664464e+00
-1.584641435759272854e+00
4.233132400240698368e-01
-3.959794126851611251e-01
6.318260036014672343e-01
2.256925917830167050e-01
-9.681814892321751742e-01
-1.713941748334442128e+00
1.007838053108555565e+00
5.595833601710474836e-01
-1.970255122721855878e+00
-1.190129912690359865e-01
4.774453582110494421e-01
2.119264210179503671e-01
8.236109456777715998e-01
1.771821461851528889e+00
-1.489627744932952913e+00
1.401873380476949538e-01
-7.766299076800315948e-01
4.276298022937701226e-01
-8.567566812105243956e-01
1.707122617795924224e-01
-8.746319509126203595e-01
1.246619016883507847e+00
-1.051697175249092453e+00
-1.042964662939787290e+00
7.733565188954625302e-01
1.425374836508999765e+00
-1.452458831462895672e+00
-4.743114271272215743e-01
-1.154146614328630083e+00
-3.317263995973356305e-01
-4.267510227462998351e-01
-5.494418579977246309e-02
-4.881678043946231088e-02
9.049889527949904755e-01
-4.357229585562805152e-02
-1.222295168114660990e+00
-6.806172730622911393e-01
-2.425895782847573012e-01
-1.879616725195144833e-01
-7.246025871923233996e-01
-3.992352686474075485e-01
1.564341143925313427e+00
6.995780996343921032e-01
-4.657916259962481265e-01
-7.767646409760460280e-01
-7.989063772403420804e-01
-9.857475668119223267e-01
-4.503622018067819921e-01
-3.096711239696594009e-01
-7.607830946655492754e-01
-5.251269515196593796e-01
1.184061498095473119e+00
-9.717694688335367648e-01
-3.776108826872817681e-02
-9.182478223601074629e-02
1.197856202085730848e+00
-3.075108780354277038e-01
-2.453406982722865781e-01
4.982014474777930468e-01
1.859615814200194506e-01
-1.097682190983047201e+00
-6.219983360743465139e-01
5.533465089976984386e-01
-1.372517947308403929e+00
5.116308528422862656e-01
-1.014864823287663809e+00
8.784083472499990553e-01
2.033488424076506984e+00
1.202729750917156171e+00
1.466652339371881553e+00
-6.880267474517112181e-01
-3.783704505662159878e-01
1.262332065716333718e+00
2.535924027649730239e-01
2.573400855162448209e-01
-2.283324772379811962e-01
-1.449373852240220639e+00
3.166552870362757122e-01
1.156020816563045894e+00
-1.369041040478205185e+00
-6.900103219008902888e-01
-4.653581887988262888e-01
1.117271022629993532e-01
1.862030627396236149e+00
-2.104961219534903505e-01
1.117388425568115462e+00
3.850717203937856215e-01
-1.909157506817833916e+00
4.788949916998305745e-01
-1.415460079527495418e+00
1.045564860659205619e+00
-8.547101966957709740e-01
-6.301457671107249525e-02
6.401263597745010525e-01
6.401340015274854800e-02
-3.578726446168467579e-01
4.734175915752785735e-01
6.476146889308148635e-01
-3.297012078644238620e-01
-1.529056192817051629e+00
2.006956366880673914e-01
1.208487608376195427e-01
6.321033008745089443e-01
-1.033992566889459619e+00
-1.858017890311071563e+00
1.473542918383557825e-02
-1.364733071618288440e-01
-2.561336029671382519e+00
-1.100149969601571964e+00
1.616507087589842850e+00
1.997166216477638534e-01
5.683835239787817795e-01
3.835429418614926811e-01
1.184757399769243574e-03
5.778374106427509593e-01
1.333539807012790179e-01
-7.476238547670664980e-01
-1.146075473501853459e+00
6.226817978638169437e-01
