-1.158169298968019234e+00
-3.917769513969494577e-01
-3.785588521056167388e-01
-2.064070818118745709e+00
-2.120402182747476605e+00
1.889759140352491318e-01
-5.413698726914683013e-01
-1.355745491859451646e-01
-8.076945908679754593e-01
1.582300330548293443e+00
3.180198739109727502e-01
-1.751407156441099122e+00
-5.662472215596510150e-01
-3.144640466793947597e-01
-9.538596679639869125e-01
1.539342284889953838e+00
6.108809377228305859e-01
6.281709695678142635e-01
-1.444868883794491188e-01
1.066514743251870234e+00
1.345582030769141735e+00
3.402146927688506350e-01
-5.223526016605984923e-01
-2.236131541271731304e+00
9.793508396278204353e-01
2.395794411907749277e-01
-2.414681518282651151e-01
1.229613822356359520e+00
-1.155248504847812274e-01
-4.209133872397155529e-01
-3.986275743826544482e-01
1.534799158099898531e+00
-3.095875082678501422e-01
8.453038580225420429e-01
9.345854802080371115e-01
8.231277517818261780e-01
-3.288863365718016074e-01
3.831766572771028723e-01
7.596848773859959936e-01
4.365354040444996975e-01
-2.868886957446001862e-01
-1.222379275662493381e+00
-3.671973790723317865e+00
9.094109709908452244e-01
1.839322930312832005e+00
1.012303140832330889e-01
-1.970534665724879564e-01
3.299476031371375018e-01
6.814520795474854342e-01
3.745536305685583378e-01
6.196186011943448646e-01
9.016925489110105829e-01
3.456445307628331493e-02
-9.812196144882231463e-01
2.073847451311729984e+00
-2.763948013786832747e-01
5.141043971317483807e-01
-2.069185737950397508e-01
3.551943241687616215e-01
-1.065360775454005759e+00
-3.193710474796307430e-01
-1.792901877423233703e+00
-1.852966460716670483e+00
-2.074062399983361560e-01
-1.209315061091261745e+00
-5.211359792144990566e-01
-1.301614586001971441e+00
-5.555372585337385594e-02
-8.235064591641966247e-01
1.370314451057691230e+00
2.218500231570918191e-01
5.617284627896551585e-01
1.594150637819304883e-01
1.729227962137752650e+00
6.046917009839873902e-01
-1.096170272620510033e+00
1.784999650734296894e+00
-2.252889031181453949e-01
9.976983103119400065e-01
-7.982153030913155534e-02
-1.019877838996321229e+00
8.511169399934237489e-01
5.327097473573643160e-01
-3.405682376956858382e-01
1.500067657079980021e+00
-5.203313435370412465e-01
-7.739118192403202645e-01
4.136612896105394399e-01
-2.800642230793567444e-01
-7.362556342695866229e-01
8.065050966515175945e-01
-5.131081600005226173e-01
-3.589916085087511699e-01
-1.634391004795379354e+00
-3.846989621535978898e-01
-5.232599406081095417e-01
1.077334825776451899e+00
1.289276540685412586e-01
-3.945350281857084584e-01
2.035697169168835252e+00
1.369080719651192712e+00
1.118564666363898175e-01
1.991896643470824138e-02
-2.110675336202156860e+00
-7.194326823547329830e-02
1.083970212832168878e+00
-5.530296461885585851e-02
1.219817252318332157e+00
-4.509639711876337054e-01
-1.288746630202137977e+00
-3.277008321941269897e-01
-6.263071854291274443e-02
1.170120617054802414e+00
-9.334681294346826030e-01
4.028135813954896172e-01
-1.058488896153415793e+00
7.962604660068609563e-01
2.348526336441099982e+00
-1.165834051595038973e-01
-1.600344005775778289e+00
7.767578290512054950e-01
2.380152040937790203e-01
-1.084616457071926332e-01
-3.595624354958728564e-01
-1.550240358912337690e+00
7.736673880584730156e-01
5.715348663909649574e-01
-7.213474732306303094e-01
2.460848382818550117e+00
-5.971409532162334777e-02
8.208397250435636172e-01
9.925006701623997896e-02
2.378311976884930345e+00
1.643678702223271726e+00
-5.083994253637659222e-01
1.879096691541805308e-02
-3.563096782009169683e-01
1.444788033321596110e+00
-1.330296086920239595e-01
4.056683745677461261e-01
1.159123727492355205e-01
5.130142061808686815e-01
-4.219160659667248736e-01
9.528670375138963422e-01
-1.976264461236731718e+00
4.867270936062533665e-02
2.060845441298963798e-01
6.629978813044370423e-01
3.330377167425919299e-02
1.353298088341858385e+00
1.907060714619459585e+00
-1.617168503292401249e+00
1.508861560373367106e-01
4.037166002057602787e-01
9.073649630069375860e-01
1.041651812745083561e+00
-9.386317025794974067e-02
-2.837859899644439299e-01
-1.477515651122169593e-01
8.308884945343205514e-03
-1.209349160192394246e+00
1.590002059885523567e+00
-5.682785549217238552e-01
-4.609852940804978205e-01
-2.924455374361946691e-01
1.790983132100893771e+00
-1.470904407306545369e+00
4.331692799610137312e-01
6.229399092264387150e-01
-9.476904024706293006e-01
-6.799068557856119410e-02
-1.352770313722517992e+00
7.240492592637997049e-01
-1.992016040036629798e+00
-2.656387603407984188e-01
-8.313345669754539091e-02
-1.052654327435345705e+00
-1.572276408948943383e+00
9.588994480805478338e-01
-7.308705210966641719e-01
1.217684774619884475e-01
3.219213530359959496e-01
1.628267366780280057e+00
7.720776083854546945e-01
3.008970765479787590e-01
1.496687107862396671e+00
-1.146138957668706881e+00
-8.081657479562681656e-01
2.456468178397851476e-01
9.715042954649358853e-01
-3.667026417887355172e-01
9.525244277782320967e-01
2.374726205758318776e-01
1.260352024216812583e-01
9.323070908816126767e-01
-1.940126985777576030e+00
6.670916750472239976e-01
-8.132174412322735746e-01
-1.821229557888718986e+00
1.486598219659558406e-01
-1.997974759027878189e-01
7.378653012065988781e-02
1.230888712066525725e-01
-4.791086892748041559e-01
1.461150888683053761e+00
1.370398171046410818e+00
1.219354835350407118e+00
7.392721174299384801e-01
2.156294351596813874e-01
2.276290126745095926e-02
-1.972199052488637472e+00
5.156945323057182673e-01
-1.007711945077967242e+00
9.195531840418518232e-01
3.350155023764124218e-01
1.136829870098364920e-01
-4.435629601458466187e-01
3.777785493072488010e-01
1.591987485321804952e-01
1.252003548550679746e+00
-1.374251414818468353e+00
1.139716451106136397e+00
-2.782797335056101939e-01
9.310855513061803146e-01
-2.011623177977704735e+00
-9.570542827090158244e-01
9.166120653056911705e-01
-2.829805646001140040e-01
9.818698529729591451e-01
1.211089959754145656e-01
-1.552471877450832816e-01
-2.009255624207877955e-01
5.495773146969714640e-01
-1.120781441273478007e+00
1.005988438610907476e+00
-4.702025220995152410e-01
-9.298019803854115084e-01
-3.217564024128170136e-02
-2.254913883296149613e-01
4.496302041480930156e-01
-1.956006150595612780e-01
4.852432494784008066e-01
1.323163251355941705e+00
1.449491874880685538e+00
2.152551083964766576e-01
1.017224085367752773e+00
1.566523534239057769e+00
-9.576615580435721142e-01
5.820676988688017195e-01
8.655713992505116305e-01
-3.292570108947473484e-01
1.369587608391908073e+00
-1.868075804844005205e-01
-5.745522344810922721e-01
-1.047987847940861528e+00
-2.879184793905283923e-01
-5.811598239225351792e-01
9.903874057468412540e-01
-8.922622389917981289e-01
-2.573219929918303325e-02
1.466288840746916788e+00
-5.054159643334656948e-01
-8.052559117111748321e-01
-8.021025019072457463e-01
3.736275184349171496e-01
-1.902322832061158764e-01
6.425061066705488599e-01
5.063898393896735239e-01
6.460273207098942150e-01
1.763882229515421729e+00
-5.969572021885372060e-01
4.720535306490642458e-01
1.007053863844180747e-01
-1.239078806715458780e+00
-3.023645075949043526e-01
-2.199889082294622517e-02
-2.831481851572929531e-01
3.933196793527725665e-01
7.522212263403343924e-01
3.171348440245122524e-01
1.212893895019234947e+00
-1.352348154781446210e+00
-2.959865943885626183e-01
-9.789861081157182898e-01
-2.720400086866457734e+00
7.726074033934621221e-01
6.856763019624656508e-01
-7.458481414642583740e-01
5.423835807227809364e-02
-1.452055303775756923e-01
1.858667634069735008e+00
-4.031925167298185952e-01
8.977941091043760702e-01
1.355633517822349310e+00
-7.816946154367184763e-01
-7.082947164508917037e-01
5.164292843738714500e-02
1.270731341834615336e+00
-5.036415522253153698e-01
5.735276233137062141e-01
-8.262624877806528101e-01
1.512770609628345531e+00
9.093989557812517388e-01
-6.172235512358483639e-02
6.993515501104174970e-01
-1.294626909705114182e+00
-4.533808279520946116e-01
-2.660683542520675404e-01
-1.786362955175053058e+00
1.896637112110383994e+00
9.668465933831572601e-01
1.233413518412601606e+00
2.201880948605630106e-01
-4.647167158701323575e-01
1.092486232808469904e+00
1.435786961824798480e+00
8.256771507981724989e-01
3.746706216291187386e-01
-8.490277556187196817e-01
7.897128690702300835e-01
5.579523716079890505e-01
5.641198941919102205e-01
9.065663971068056437e-01
-6.744838402978645120e-02
-1.829727621401578075e+00
-8.700829296589881467e-01
5.674654755459800359e-01
-7.923952836345375950e-01
6.683384673913670415e-01
-1.026774621883943944e-01
1.137860369446842990e+00
-1.651324034387936734e+00
5.920676387551241371e-01
-1.638575158414505184e+00
1.141994461656754833e-01
-1.547471311801227545e+00
1.203339264478084703e+00
-1.489433649266688475e-01
1.391548367225553973e+00
6.568770543566013753e-01
-3.259528133006803774e+00
-9.393053546991916303e-01
1.226317327741559993e+00
2.642944713396678580e+00
-3.776052633054950980e-01
1.223655558324387549e+00
-2.007807448399493211e+00
1.135306645418290072e+00
-2.661812050929851514e-01
1.118438866601289439e+00
1.762252748279441450e-01
7.823763164670544112e-01
2.599684131482828953e-01
-4.955849829245674854e-01
1.615685395575168840e-02
8.702817480979200271e-01
9.607743770272828554e-01
1.594582169908675739e+00
5.975820560371553070e-01
-5.710816357490973161e-01
1.322632406146565742e+00
8.103403560399475847e-01
-4.497482233631701076e-01
-4.278280384015997195e-01
1.212594185749543918e+00
-1.152136883947989965e+00
1.706570313844489317e-01
1.704016453682236434e-02
-1.369434594780125192e+00
1.866175606691518676e-02
-1.672876695881665710e-01
1.151327620766784188e+00
-8.794069964245037063e-01
-4.006169644023868659e-01
-4.255103589432728262e-01
-8.481478801946268353e-01
1.372377833718467555e+00
-1.208625527577112058e+00
3.343638114890168378e-01
6.789058791469084753e-01
-8.425382768079927587e-01
1.238646414654543948e+00
4.944325497971022165e-01
-3.398184963776541556e-01
2.103322377942012711e+00
1.347464995255158504e+00
-5.692746120693048528e-01
5.878959531156666696e-01
2.089421102525590608e-03
-1.368597026083632651e+00
9.745610180385416710e-02
-1.951425174834696685e-01
4.299310050295292451e-01
4.715053138514849751e-01
-4.412391711004361450e-01
-3.874974805213929896e-01
4.050558171025025467e-01
9.442058608858103774e-01
-9.472278844442179324e-02
1.492937430922918862e+00
4.840713080452520023e-01
-7.053679815535013331e-01
-4.610776596324336341e-01
2.289562296115249251e-01
6.375069157934768471e-01
2.171552028381463106e+00
6.186341677259890592e-02
4.620216268217307576e-01
2.182624402998362800e+00
-3.266241420045169069e-02
2.902413277949289494e-01
1.071033406538412613e+00
3.981107149761264896e-01
-2.559125817577226902e-01
-1.121313531405242925e+00
-8.362735027740429983e-01
-7.848679821136358425e-01
-1.498377985285077374e+00
1.856111585689019725e-02
8.370034033006541752e-02
-8.112582152996850038e-01
2.723172021476727434e+00
9.379443620139853444e-01
2.390491395603732805e+00
-3.177569252903147956e-01
-9.233575251435683917e-01
7.792024436727268411e-01
-9.407879361371386251e-01
6.240095332917358073e-01
1.150353840311593434e-01
-7.290013944263881163e-01
1.627178880854716347e-01
-1.694472413863855331e-01
4.520746889682856207e-01
1.612827156508681858e-01
-2.308100629362243861e-01
6.127487850850054096e-01
3.860926498923026307e-01
-4.464363942772616584e-02
-1.009177334098702916e+00
-2.723761497688302891e-01
-4.032557878755548830e-01
-1.378155561823469544e+00
1.381544978916413036e-02
-1.888381758801638000e-01
-5.075530493390167930e-01
1.713151579031731542e+00
7.145752970387980740e-01
-9.346286142127953056e-01
7.830295192273053484e-01
-2.698706213061502712e+00
1.220074491334620544e-02
-8.786578578585254595e-01
-3.202897458473249470e-01
-1.113319469548671448e+00
1.170934408418475181e+00
-3.122699920307577814e-01
7.332068327373437722e-01
7.012279391817771712e-01
-1.418799590576265368e+00
-1.950314149104637185e+00
6.814330162898748489e-01
1.679008387302981742e+00
1.114025380881278338e+00
3.771034275600245178e-01
1.525016632739689015e+00
-2.491810255566829363e-02
-7.524581114664617987e-01
9.182349151295514378e-02
4.404209612735487250e-02
-1.720277475076130935e+00
1.239861589379921192e+00
2.358708465005736887e-01
1.855322537608027567e+00
-2.798684408537873147e-01
-1.391025796013955818e+00
1.277804923556588923e+00
-3.667974993571865294e-01
1.854055188242572205e+00
6.307866749816472274e-02
-6.805527567418855062e-02
-6.815485263945333938e-02
1.103752838490773103e+00
5.367911933232702992e-01
1.049150725777045601e+00
1.200070270735199784e+00
-8.833720848255481872e-01
1.564469471417157198e+00
-3.454603227381111141e-01
9.219393082245262994e-01
-4.237231773707039184e-01
1.320045396051715003e-01
-1.814254936891377623e+00
4.129651885859266791e-01
9.849829784943106015e-01
1.182493266065038240e+00
-1.404384664159613605e+00
-2.851785512767791575e-01
4.723585605755030170e-01
-1.620655607269191778e+00
4.986445021463087879e-01
-5.442757116089076419e-01
-7.808298237866014846e-01
-1.667013737867652390e+00
-5.321128833057546803e-01
1.915073360910391376e+00
-5.798908841339064368e-01
5.178936006221444011e-01
-6.480952761769384063e-01
1.786591533005899568e-01
3.784584396043567112e-01
-1.195266133835199973e+00
-2.617393273996544353e-02
6.889885724514950571e-02
-3.458928266226120596e-01
-1.581439069497118100e+00
6.833267905005765419e-01
8.858850981443714412e-01
-6.786350681965082066e-01
7.635871950919799200e-01
-5.216847773263374455e-01
2.949807802691988279e-01
4.657711861757297678e-01
6.084950303599118149e-01
2.679460907599114927e-01
1.056518163528444187e+00
-4.411701013498616764e-01
-1.314434144812244298e+00
1.882994103795775642e-01
6.325211705981552690e-01
1.097193223055926925e+00
-8.117901605010718891e-01
1.331676806688520287e+00
-1.876622131721234210e-01
-1.377849030485220672e+00
-4.499734562328959186e-01
-1.180096108288424706e+00
3.712681888852724099e-01
1.713476942990073582e+00
8.687201162706246205e-01
9.212048358076919685e-01
6.370302986482156982e-01
1.136013303746853609e+00
-7.208173588284205735e-01
5.936681753250236948e-01
-6.637401014862298609e-01
-5.977055633998867856e-01
1.855199491608977125e+00
3.484982815074983975e-01
6.334758313552528719e-01
2.248008007047929135e-01
4.909672637958909514e-01
1.542586894992476143e+00
8.839371183555719824e-01
1.187181530273772462e-01
-7.125548082093270397e-01
6.736794465891087214e-01
-4.957711801631650705e-02
-1.133045803060865442e+00
-1.516429672030062542e-02
5.972649762660379169e-01
7.765261820466157205e-01
5.018707122021004441e-01
7.247012044216721849e-01
-5.120451473724502156e-04
6.955671156458489435e-01
-7.794253829138249046e-01
-1.083989954826553248e+00
-1.531600517855731258e+00
4.503387082360920113e-01
-5.042300986978447419e-01
-4.594290506381183969e-01
-2.474712359365644973e-02
-1.054033642990237940e+00
2.453614550640316749e-01
-4.107191262193432557e-02
1.436211279771744787e+00
1.316765233336728347e+00
5.042791101442211099e-01
8.231717412863385208e-01
5.603190543047951166e-01
-9.260799363120683081e-01
-6.506943804748985816e-01
1.068999809234729259e+00
-3.875500799710620004e-01
1.299518465902720799e+00
-6.663351470728634540e-01
5.405615017490631447e-01
-6.212864946833027702e-01
-8.924072772241854468e-01
-1.735216819097329832e+00
2.306091631269780173e-01
7.233659104818992436e-01
3.018151538294240321e-01
-3.093239700817526638e-01
6.380014533141470379e-01
-1.956401024862095550e-01
4.871034483423203887e-01
3.573722138500664558e-01
1.272305165843077734e+00
1.838350343650856145e+00
9.460521122492113744e-01
3.874891134001123283e-01
1.885644292606474481e+00
-4.470522275107887689e-01
1.732894489201541044e-01
-3.728118267558429566e-01
-2.238895867622042457e-01
2.656867937418351477e+00
-9.560300423142562565e-01
5.200135104593532898e-01
1.486894800031755004e-01
2.329686542991543430e+00
1.972315045053329163e-01
6.667809251942339310e-01
-7.407759625413046223e-01
-2.563278823817841112e-01
-9.250699405681568344e-01
1.288900875229403553e+00
1.697105431321793922e+00
1.265677154287931483e+00
-1.066664748288823183e+00
1.508240387523231835e-02
7.397820631491950349e-01
3.984320815531642301e-01
3.726201455161062270e-01
-5.031432882696533770e-01
3.633952297386127683e-01
-6.117542083676281717e-01
-6.008028310151414253e-01
-1.223107916509935666e+00
-1.272220149900170183e+00
2.314233767564013167e-01
2.065420500085435318e+00
5.475944381850289533e-01
-2.135061133009387380e+00
-2.715496037463441259e-01
9.906618636372145348e-01
2.284929194845652656e-01
-1.673453984808962458e+00
7.315567843681742843e-01
8.394984696912756172e-01
-1.231171421195686566e+00
-1.497264558943029455e-01
9.023023832050091064e-01
-1.621035596502956588e-01
-8.677058220826601165e-01
2.452025459889364822e-01
-2.009815309392609883e+00
-3.450005558637329051e-01
-1.235381532566206253e-01
5.643060047640033328e-02
1.067218034521135311e-01
-6.022333205901412301e-01
-4.563846611735024594e-01
-4.692746087300734281e-01
-3.409794397718290959e-01
-4.051628184261660826e-01
1.051744704372508110e+00
8.662981672558574264e-02
-6.783080475549359001e-01
-1.203880422662371608e+00
2.060993772164621429e+00
3.834098192095646285e-01
-3.190451003802717844e-01
-2.253785314127806638e-01
1.127428229130902071e-01
-2.336706134042787930e+00
-1.727930046276592857e-01
-4.605080720319983945e-01
2.063430020348532956e+00
-1.124803622315092427e-01
5.629110074822709642e-01
-4.579274051706247461e-01
1.526398124052029959e-01
1.399342707103010008e+00
-7.488330818006083689e-01
-1.280571911644776240e+00
-3.860223387073943857e-01
1.479537870992910509e-01
1.753253252238889282e+00
-5.216859786071876837e-01
2.533418178327885920e-02
-1.417936904738873183e-01
1.343434664331187411e+00
-5.232999765539110282e-01
5.770915990458237443e-01
-1.064125899157029265e+00
-3.336200772358926536e-01
-1.574396341785042841e+00
-2.225742249858814192e-01
-1.224797454355283088e+00
4.213004107099061479e-01
-4.312393405889655695e-01
-9.644217637374338237e-01
3.651332887431222862e-01
3.563839691461112014e-01
2.000755173705505818e+00
-9.077311409257201591e-01
4.023582915244515168e-01
-2.967530874446211442e-01
-2.386211744322199735e-01
-1.667402095442741983e+00
-8.579608369732467654e-01
-1.980087395703590269e-01
5.711154272404579402e-01
-7.254632789907543566e-01
-1.413079213986202287e+00
3.070821641651564349e-01
-3.658153974234146233e-01
-1.008136610147799761e+00
-3.475365741002467979e-01
6.027908666053182207e-01
-5.847098744210085242e-01
-3.032406788880633863e-01
2.177810985505037877e-01
-1.222882336217592680e+00
-1.691899353378608917e-01
3.057783089838377322e-01
2.490293454841029097e-01
4.786199238920414989e-01
4.087619956431274293e-01
-1.024519154010100408e+00
2.468395330718943792e-01
-6.808088018233965366e-01
1.598999802048787222e-01
-1.351960013531706917e+00
-3.184756048950083684e-01
3.164887337689173408e-01
1.518870190514926000e+00
9.130467589792384819e-02
1.418972630159032189e+00
-1.039670751448871888e+00
3.254349675760958571e-01
-4.894444576052182083e-01
-2.361641545674312767e-02
-8.884369892809916847e-01
4.340119493306092147e-01
-4.969338148279914824e-01
-8.177743343163106360e-01
8.957577407708914308e-01
2.104405316648012558e-01
-1.067951795133535581e-01
1.056315854182520608e+00
-2.577422769860870377e-01
7.694494391321844429e-01
-5.608020771099401225e-01
-1.741957156366340964e+00
-7.564966297830049147e-01
1.652774827521833023e+00
-7.334988055850374389e-01
9.131807998854571951e-01
-1.707654412247173514e+00
7.837395627291531275e-01
1.836555705165793473e+00
-2.999157765834465916e-01
6.773865921701162085e-01
-5.768276104069193500e-02
1.379616311142089768e-01
1.145827148735668155e+00
2.126999002121186422e+00
-5.332176139617049726e-01
5.829246463058685990e-01
-1.184491455234806701e+00
-5.884997510845048074e-01
1.062797633029221922e+00
1.394830523375687026e+00
-7.155486132916967223e-01
-1.789560771397836092e+00
6.585594538042014445e-01
1.180850664684069545e-01
-1.238823337981271200e+00
4.939175563111813383e-01
1.003696177904310982e+00
3.642291568906128041e-01
-3.268877949131760996e-01
-1.013792278972281080e+00
-9.682953596174337374e-01
-9.666217550542808290e-01
9.653105212640004096e-01
-8.956543251593920840e-02
7.398435587975067396e-01
6.816539067047848732e-01
-1.171358336635392794e+00
