-3.240782098607746686e+00
2.705049992414863436e+00
-2.787206324227219589e+00
-1.756586759198738301e+00
1.072901720239602730e+00
-1.359460127752096792e+00
-4.233734337070589326e+00
8.975811135562282717e-01
-4.433915300457055508e+00
-4.229015169298551702e-01
2.232223085793984652e+00
-4.950087492274710677e+00
-1.845820521298384254e+00
6.453950936840049390e-01
-3.080976978174146397e-01
-1.059559366759303158e-02
2.700476691088251613e+00
-4.155935231369294769e+00
6.998421915036590057e-01
-2.189816521606021138e-01
-1.710513124736475543e+00
-5.208064256010651594e-01
3.028194917586358947e+00
-4.009632597960353095e+00
-1.764465981353587898e+00
1.763642351657378926e+00
2.464030224782708167e+00
-7.653633946026743295e-01
5.045316485187845146e-01
-3.287063132113977049e-01
