8.366561440342602518e-01
5.400419071626988421e-01
-6.366773279725034262e-01
1.589990036103564042e-01
-2.332211629846008341e-02
5.795687485285033747e-01
1.161759870731381566e-01
6.076925978400919970e-01
1.715024493874412470e-01
9.506110259949331898e-01
-9.807087221903505458e-01
8.185082344871222881e-01
9.763720371703310530e-01
1.440102160540611687e+00
4.991821090019382678e-01
-3.432944955446034369e-02
5.364139644937719886e-01
-2.737585970389781465e-01
5.623979257255461439e-01
5.400637716605487526e-01
1.451788698504878683e+00
9.450299518706864466e-02
3.034649938905863986e-01
-7.739244257066835164e-01
-1.756277648645550693e+00
-1.834544352727576877e+00
-3.137811927029052761e-01
4.263194828516326806e-01
-6.186237334503994489e-01
1.206394536361952818e+00
1.620697241865668159e-01
1.578746783726368452e+00
6.291517952879570608e-01
-1.533437863278869884e+00
-1.317608073152661818e+00
-1.349560813384865499e-01
-1.044836216359328773e+00
-1.631894880913650411e-02
8.096675600240280657e-01
-8.263037120300388561e-02
-4.482365726607493578e-02
-8.831947947872655913e-01
6.931176783469894520e-02
-8.571915577761485272e-01
9.912169183916785808e-01
-1.007941569277761795e+00
-1.041153260647200041e+00
-1.091098677298871777e+00
-2.411795622852155874e-01
-2.887771603188076797e-01
-2.112020683894866746e+00
-2.464445792104848487e-01
2.893287060020352866e-02
-1.509992856976826836e+00
5.879450063738687060e-01
-1.156632005374017114e+00
6.857835446186634210e-01
6.324975300625884644e-01
3.407391246839954757e-01
-2.160472426533171397e+00
-9.798611376361016090e-01
-1.116910575871858269e+00
5.737928367719421496e-01
6.749071941421481702e-01
-7.516762488940499365e-01
1.360636174161038880e+00
-3.537095059951114173e-01
5.950077850912035560e-01
1.443544794202462622e+00
5.183911782524054379e-01
1.368722734189624868e+00
2.618486451845786211e-01
-3.743308547436811906e-02
8.793807886995013146e-01
4.113323763257165644e-01
1.123194619775301328e+00
6.244218580716109912e-03
-7.432286197651496451e-01
-1.513925243569252399e-01
4.512945518180476734e-01
1.620507365317060078e+00
1.273287505217953197e-01
-4.230644784884977083e-01
-3.758736405119182389e-01
-3.600011866854482268e-01
1.565567644899667155e+00
7.703416345912572627e-01
-3.190400123663720278e-01
2.492687079551023643e+00
6.011843558389752262e-01
-2.313435946725699743e+00
1.884936912805485365e+00
-3.811308085432005277e-01
3.261576530350657754e-01
1.456714967280200446e+00
3.578252687208416383e-02
-1.299719337724600354e+00
-3.647470157367561638e-01
5.166950273810488881e-01
2.233391898068203929e+00
-1.192676557088500289e+00
-6.268588578823667268e-01
1.183979335582967085e+00
1.022950551624797866e+00
-2.292317868772625999e+00
4.372593081955946648e-01
-1.063373977817234500e-01
5.084795605437474331e-01
-8.622143531270849703e-02
1.068884266056337351e+00
1.276861683856279628e-01
-1.161308509852250898e-01
-1.636939923766592253e+00
-1.304278621566474193e-02
-4.172975656988665571e-01
2.174783449285608294e-01
4.544263739962210030e-02
-4.656587339151442850e-01
3.380294946457552963e-02
-8.469088139387310754e-01
1.173562826405594395e+00
2.315371061446600542e-01
1.117205688192032476e+00
4.179365574886877988e-01
1.778830020562988112e+00
2.363938584595539905e-01
-8.703939124655205029e-02
-2.231432769607577804e-01
-7.094581769469195942e-01
1.155012586238324701e+00
1.170425893182227249e-02
1.251043749224761026e+00
9.023462122600353075e-01
5.894595819187712360e-01
1.418594355759338788e+00
-5.208526988462805485e-02
7.067534288367814943e-01
1.065387540013545520e+00
-1.094254960323747694e+00
-1.186269281266424169e+00
-1.417762376392170121e-01
1.051005712304448947e+00
-1.595602124481068917e-01
6.606926950813040156e-01
-5.863771713723278101e-01
-1.738139326515762972e-01
1.417294391844977186e+00
-1.421655124984450902e+00
1.293780702493420698e+00
-7.278324699172951107e-01
6.295668184690480507e-01
1.097680218101295235e+00
-6.571341143168123455e-01
3.648883226154585602e-01
-3.713448447901233629e-01
-1.683470577049861250e+00
-1.165492321598420311e+00
-7.291485506772681369e-01
-1.469159095338991472e+00
2.181338428446746303e+00
-7.875303092855296949e-01
2.576576520136995896e+00
-1.018980261101654516e+00
4.699947647377912818e-01
1.814377066626723378e-01
5.136712202413155071e-01
-1.138572718311312570e+00
-2.028356839223405039e+00
2.896634409309329694e+00
1.404882529580945283e+00
1.811088366550982931e+00
2.412473016666249581e+00
7.480773864385901195e-01
1.613171351496783146e+00
-3.696452599884971768e-01
-2.013304406616019726e+00
9.480763776026873701e-01
-5.997436941016083267e-01
-7.142521904698859725e-01
-1.202151300136417023e+00
-2.253785828376463130e+00
9.254407099866512887e-01
-3.638411949282459590e-01
7.451230806792499273e-01
-9.879658034992728766e-01
-1.175889931154938450e+00
-1.136075817620864958e+00
-9.996619578530386852e-01
-5.734929822658040022e-02
-3.458209745891993037e-01
1.161606383870042558e+00
1.473254173568519398e+00
6.769900429152269083e-01
-1.282541814796472890e+00
-5.934567352283893760e-01
1.284578772507721567e+00
6.837349692219578667e-01
-9.710639469699199333e-01
1.078979130623248572e+00
-1.267700501490837350e+00
-1.271706983906643940e+00
-5.170585740681044734e-02
-9.828231938063134443e-01
-1.823388139558284271e+00
1.918657644904232518e-01
-4.583508032530383414e-01
7.274014399123467089e-02
8.725787284255830389e-01
2.680094372245336865e-01
6.343850474052111776e-01
8.104610011612473075e-01
1.568803072290295919e+00
-2.620393541659866710e-01
5.741414812635126097e-01
8.777317700285640623e-01
7.245246108784326733e-01
1.354121665901693250e+00
-4.252107879686080061e-01
1.167334151665926800e+00
1.135466913506584463e+00
1.381432236850409279e+00
-1.263872602777352583e+00
9.889502199796176840e-02
1.855341889184736193e-01
-1.288156552892416595e+00
-2.348040757256175115e-01
-1.068957994437316428e+00
1.263699652615113411e+00
1.315073885409432597e+00
-8.533077645018993795e-01
7.835781035315997345e-01
-3.437533777695319648e-01
1.689514326206787320e+00
3.851436187862150584e-01
6.450151707735712892e-02
2.606227799900524000e-01
-8.802334673664790055e-01
1.421730542188093249e+00
2.525722933172025453e-01
-6.615376631219154202e-01
-6.158497244660997572e-01
-2.097820201168733689e+00
-1.711418831159337017e+00
2.407903690767939919e-01
1.631516071946406687e-01
-1.032849085216927865e+00
7.073252955000224329e-01
1.069713582065928481e+00
5.467540748284474006e-01
1.535237734123047482e-01
9.362326061646794040e-01
1.349804091714744914e+00
2.804658946123378405e-01
-1.387272721216761928e+00
-7.948629421630802883e-01
1.750694292433178534e+00
-1.229231078024765056e-01
-6.463770659666889795e-02
7.070445683189386932e-01
-1.650572569487518682e-01
2.355079579060502526e-01
-4.729462488191216174e-02
2.566211975464591233e-01
-6.073467598131925271e-01
7.815160347471193647e-02
-1.227951943238581478e+00
1.573105106944319820e+00
2.160361123429951125e+00
3.073226414715979349e-01
-1.640674379346353851e+00
-1.074991429694982514e+00
1.452677293383374924e+00
-4.918319444500640625e-01
4.663292665936203396e-01
1.467428824959028155e+00
-1.003261997611313960e+00
1.810538371891652565e+00
-3.227566449531820564e-02
-5.845595588558374356e-01
-7.508247722468140983e-01
8.224260795989252193e-02
3.340536003391265663e-01
-8.809377762650340005e-01
1.232754608466187785e+00
-5.321298890688334060e-01
-9.972617123845129994e-01
1.966773677585701430e+00
-1.354545158741006672e+00
1.031086423062131496e+00
-8.271787176258127428e-01
3.040291913459620132e-01
1.164866291123594078e+00
-7.349167466443720098e-01
6.330232600735355986e-01
-1.251230025630650257e-03
-1.304775906537280150e+00
1.389155635940640288e+00
-1.637972578557425951e+00
-1.757379564944247241e-01
6.622540527601335214e-02
2.279760931065411889e+00
-8.167177649875355661e-01
6.564984382374713934e-02
-5.205879758868423718e-02
1.701105960665654449e+00
4.680900447505362827e-01
-1.640909449934577768e+00
-6.274926897067308884e-01
1.295059574766602051e+00
8.810952238229706746e-01
-1.037085279370111524e+00
4.463032143300152965e-01
-5.229828540466960884e-01
7.135317266770092592e-01
-6.377815509017042972e-01
-5.018039994524277070e-01
-1.257928610394533964e+00
2.103976750963609810e+00
-1.717911571036221177e-02
-1.995336333756947411e-01
-6.478417568437340457e-02
-9.410721159687381876e-01
2.957700890129790205e-01
-2.520225148020969249e-03
-2.987764860106674747e-01
-6.493649619673717496e-03
-6.917743817297619113e-01
2.370161225606295663e-01
-1.698242021320112982e-01
-1.734260425791807336e-01
-9.915353001076390171e-01
-5.621596703388783700e-01
-1.296321290362397556e-03
9.338811087751893725e-01
-2.608679499651291867e+00
4.055254349546735249e-01
-1.167158481341360243e+00
1.675031189800985976e+00
7.381771236948245773e-01
-9.276640661887147754e-01
-3.484217443529668418e-02
-7.857852588903224689e-01
-1.683821816008117311e+00
1.718731312543865020e+00
5.976124302958097934e-01
1.038159927945732752e+00
1.459792856731191080e+00
1.031851322793140069e+00
-7.199907883225716843e-01
1.457108666373604589e+00
-1.693715010111909447e-01
1.480716449233095977e+00
-1.640393608798252689e+00
1.400688582424453599e-01
-9.155455367814306911e-01
-3.327022008263111896e-01
-3.843073961634501656e-01
9.660655182422518417e-01
-8.210315734211116601e-01
7.190450574230972114e-01
-1.471658371938044718e+00
3.376343505195580907e-01
-1.126141324873296767e+00
1.556757639975048013e+00
-5.126826262954208291e-01
-9.953009409256485807e-01
-6.985550188387215087e-01
-4.611989486590630238e-01
-1.411451605897707795e-01
1.629594275035063933e-01
9.238410847762023037e-01
-5.630324629431792127e-01
1.316456069495572923e+00
9.256659575895421765e-01
1.328399845905877896e+00
-4.260964917687778408e-01
-7.580598985409849888e-01
-3.066889757087225277e-02
1.635153842590191475e+00
-2.709234277828133086e-01
1.478866174434000813e+00
-2.600876460257977585e-01
5.226946138841626066e-01
1.490681168261335787e-01
-1.166355997303826886e+00
6.292527278368775789e-01
-1.351918956387027748e+00
-3.630894202598406451e-01
1.428969501701478073e-01
-6.144027874562536795e-02
-3.640401869357762776e-01
5.721682864532322971e-02
-1.375040299458336335e-01
-9.440165084060180289e-01
1.411184641850570243e-01
-3.847118634366810119e-01
-7.717036771432335129e-01
8.334826987314688518e-01
3.031455815231858253e-01
1.224881274887806404e+00
2.694697055617316650e-01
3.110486251301166488e-02
-1.818891558190283142e+00
-2.127196781458267349e-01
-7.670003246736403213e-01
-1.289980993493434314e+00
-8.921746500135047109e-01
-1.462748242991062764e+00
9.226442064668421983e-01
1.212096780598163726e+00
-4.298407205416671095e-01
-4.099854063841316676e-01
1.910985288635397961e+00
3.526838726418906611e-01
2.605804420932650300e-01
-1.355065449300228098e+00
1.479173723971134891e+00
-2.217425892283267252e+00
-1.250318453095831117e+00
-1.260997367254622914e-01
-9.553865391937600426e-01
9.632482763673018145e-01
6.718338473513030262e-01
-5.611031341902238401e-01
8.781643638501035465e-01
8.099331373348180874e-01
-3.690119490428976912e-01
1.397038116216708037e+00
-7.415890252887555323e-02
4.785517044229103956e-01
1.947164774744304605e+00
1.145651311067476197e+00
6.122403458675695215e-02
-1.873420993430704673e+00
7.411775776492273149e-01
3.428747898340422373e-01
1.678392934829625038e-01
6.453816186785044096e-01
4.542169622644902649e-01
-8.043548756217220319e-01
-1.576427044059081906e-01
1.381246965853481778e-01
6.650914704473351868e-01
1.568067544815294312e+00
-3.614259980077062506e-01
-2.077173201284065573e+00
-1.718753400340897464e-01
1.044758711367444581e+00
-5.788300618077486526e-01
6.573910384900292225e-01
-5.222330638174521589e-01
6.099871644978344110e-01
-1.046277029028845895e+00
-4.337084635158084400e-01
-5.416994494946988370e-01
2.319744440916129691e-01
-4.443508921839461889e-01
-4.443421234759837302e-01
6.387238820633079905e-01
-2.034136144008895641e-01
-1.128013819264784834e+00
-2.203713004622982918e+00
-1.632433978124296914e-01
5.616422316544527060e-01
6.219492369630398310e-01
-4.589034997869113064e-01
-7.489393135850023198e-01
1.451361131351084799e+00
1.613002750698073473e-01
1.429431646239612386e+00
1.192344070116014398e+00
4.282818665810741443e-01
-1.325440510229663360e+00
-1.019577505098715919e+00
-9.547964746947249504e-01
1.193591910412697743e+00
2.279088154523666310e-01
-1.190656182727384937e+00
-5.614100824183464455e-01
-4.059606599483892575e-01
7.897502114052443734e-01
-1.880302809358265659e+00
1.375815213695387840e+00
-4.548993071506206021e-01
1.660836532587075809e-01
-7.289990968163780893e-01
2.971154667325033305e-01
-1.111563188293868652e-02
-1.903736612102591708e-01
1.026570165654756339e+00
5.078889347478954264e-01
1.386851837787706154e+00
1.188364452671806681e+00
-8.322983763363538123e-02
-5.890554765812175964e-01
1.300863221139301418e+00
-9.901873857762798492e-01
-2.459296350082905425e-01
-1.312757299125782318e+00
4.097572358963550987e-01
-1.041407563580003248e-01
-4.503162508480754861e-02
9.841811819542779782e-02
8.952499966004530130e-01
1.129868432197122852e+00
-3.294696645716085892e-02
1.594304494858324928e+00
2.191970336496525673e-01
9.297722652941189381e-01
1.265645682379595294e-01
-2.400632971459121245e-01
-1.091015297635991699e+00
7.600209343280552032e-02
1.893890130028468288e+00
3.535031327491612863e-01
1.389052592673144293e+00
-1.365334620343202410e+00
1.232256640063357445e+00
-5.239654336802870294e-01
-5.693931956528627270e-01
1.502723914762403634e+00
-1.548139719682074977e+00
-5.396922976334820321e-01
-1.371746899603674130e+00
-1.012255499809211756e-01
1.265324295364381291e+00
-2.029941966480502291e+00
-2.818542128713890538e+00
-4.759432074242302968e-01
3.715101184800070899e-02
-4.566911980601344456e-02
3.790324548790598991e-01
-5.817787028445524644e-01
7.615668059071072360e-01
7.539617341604208933e-01
-3.539410727073679513e-02
1.608093038894665927e+00
-2.282334797022542994e-01
1.312620064563344124e+00
1.141931375212928312e+00
6.864407773398997215e-01
-5.867350601209311289e-01
8.635542506581435074e-01
-6.042500893802428275e-01
8.140066105705635602e-01
-2.263774892924701909e+00
-5.415244916598701552e-01
-1.581132934338332074e-01
-2.153189178246420976e+00
3.654772046457825385e-01
1.178631646195157784e-01
-4.920744072494536159e-01
2.116773524158424291e-01
-1.147726632975093475e+00
-6.234724708260917792e-02
-2.059164218253347389e+00
-5.487882845400081366e-02
-1.267422275859926950e+00
5.837901835275182139e-01
6.776847211857669473e-01
-1.475145180972858183e+00
1.681264056223018555e-01
4.919739641231009597e-01
-5.937386633063036073e-02
-2.447309287213642326e-01
6.084364247325458885e-01
1.181490148539015239e+00
-8.852341962576637524e-01
-2.673994529953148458e+00
-2.690568158058737946e+00
1.005479881761135896e+00
-1.952219616208859421e+00
8.407737092394467204e-01
-2.059359591549427271e-01
-2.922067089986360999e-01
-2.992259686117430539e-01
-1.490965368230146693e+00
1.482905820740023417e+00
4.636873902644443879e-01
-1.371360178936056551e+00
-4.610107509388771674e-01
-1.503314490364089151e+00
1.407448010463382415e-01
1.557532858375445750e+00
6.668135958780604389e-01
-1.247249670473302569e-01
8.883594408731604330e-02
-1.461252687959862240e-01
9.297853699572704578e-01
-1.220696335828168611e+00
-3.233523815827877179e+00
1.546962131143760244e+00
1.425214658093010511e+00
-1.316079572235161255e+00
-1.923012422775469243e+00
-1.056506594431589480e-01
6.892352343079095611e-01
1.075183276969134516e+00
5.064606838300733660e-02
-7.281653621284617239e-01
-2.330672208240611998e-01
-5.804439517512323121e-01
3.766208576206882541e-01
5.228165660079180377e-01
3.374591052510468869e-01
9.198338705709652174e-01
5.850299847591425850e-01
7.164065102013186248e-01
1.089662871789929932e+00
9.637051973119069581e-01
-8.774021332946740914e-02
-4.538444676849315851e-01
-6.110405077731031476e-01
-4.179268430527413036e-01
-1.959016329878337181e+00
2.620774665164716133e+00
-8.285349786874173228e-01
-9.017709337818364812e-01
1.053405997131474203e+00
-3.908265934313123191e-01
8.789165778115622940e-01
-3.817666045838039590e-01
-1.241200727897550760e+00
8.677471337287164799e-01
-1.453863932205119891e+00
-2.082603290901305082e-01
3.532660484324826045e-01
-5.852546740110377010e-01
1.651139120829528739e+00
1.245674525174090608e+00
-9.372295154418561758e-01
-1.142039981284557859e+00
8.362322400890072061e-01
-6.324284262193440309e-01
8.108618203277077885e-02
9.736851072057837175e-01
-3.363247676209625836e-01
1.234317345746974937e+00
1.486546158596930622e+00
-8.103852703160463467e-01
5.180278431483700263e-01
-9.350034072844041200e-01
-1.570397372454330087e+00
2.333508515080962298e-01
1.204116043700902194e+00
-2.375302767670073589e-01
-2.383076206256209140e-01
1.170187156398201145e+00
-4.002091630434585490e-01
-6.988057434048258187e-01
1.148632525714976982e+00
1.098147049382412588e+00
3.614723884702386592e-02
2.020544956024304117e-01
-1.293778547370652454e+00
-7.526537321716931794e-01
3.304376373339263928e-01
-2.212892389663458637e-01
-7.719633340204578031e-01
1.968965885515881586e+00
6.918028133552730496e-01
-2.389680158493934781e-01
-6.975369609963036899e-01
1.077509981274332507e+00
3.787346202749078405e-01
-6.122593244769134468e-01
6.843074813780414267e-01
8.217089396771686260e-01
1.299922258955204801e-01
-4.416794292869276051e-01
-1.092330555231575628e+00
3.038719856725641266e-01
4.670307997188147819e-01
6.729443700315786980e-01
-2.300537359792996506e-01
-9.148271968787240471e-01
-2.727798222907696357e-01
1.406243432038271290e+00
-3.611397130096701269e-01
-6.561278237562735427e-01
-9.673850068684907155e-01
4.101347478073753550e-01
-1.993317021663577382e+00
8.203779550045371405e-01
8.141971744413450951e-01
1.087573886543321766e+00
7.170901798363092938e-01
-1.002549365678296001e+00
-3.215381710465530229e-01
1.089708015820925358e+00
-2.087831653095558737e-01
2.128656479033442378e-02
7.967577475734781700e-01
2.976980599117450277e-01
1.609053456286947181e+00
-2.216563567901888021e+00
1.926540577139927435e-01
2.124826282242733289e+00
-1.165019626350636051e+00
7.700977658862947495e-01
-5.358991268071353620e-01
-2.545512884889072236e+00
8.406434281690645660e-01
-2.167756278640572631e+00
-2.743080699004845635e-01
-2.167117112070727547e+00
1.144625147391940212e+00
1.792133221463192982e-01
-1.093440327611868573e-02
1.331324666573520998e+00
-8.827789460708893587e-01
-8.063590462269432102e-02
1.225363133730161813e+00
-3.874855300049231954e-01
6.521857666754466987e-01
-4.882749376013665321e-01
5.847739321205830398e-01
-1.119906990673106284e+00
-1.615226696094075320e-01
-1.248385594512170169e-02
-4.569810144894704829e-01
-1.137581608990268778e-01
4.075120054712257911e-01
1.504885761769985342e+00
-7.878075370036077274e-01
-3.449060832690614142e-01
1.410775596138154730e+00
1.960267852915368980e+00
1.785246868773901596e+00
-6.432621323103016042e-01
-1.825711003106770702e+00
-5.525536632634173717e-01
-5.367289856289233496e-01
-4.355998924952048657e-01
-4.754274621475448881e-01
-3.101571448878945314e-01
8.764583338798137557e-01
-3.772739063451037711e-01
-3.669992249011840291e-01
3.087652841085642419e-01
8.139226768661342870e-01
-7.205512816582562152e-01
-2.531082958541620576e-01
-6.925224113505684675e-01
-1.543482566031967096e+00
4.700390271743515314e-01
-1.519719415327062950e-01
-3.510165020722398888e-01
3.743171479548999536e-01
5.742403597092053946e-01
1.976727747196742380e+00
5.366272455408732656e-01
-6.456300776756227489e-01
-1.636081976668482818e-01
1.285020699725396565e+00
2.055573361086752704e-01
1.196056776229394714e-01
9.550678596037548429e-01
-9.386706416110127127e-02
-4.119530151539536611e-01
2.768221551176751616e-01
1.317978998617434394e+00
-7.683630432415514688e-01
-2.588809592024499562e+00
-8.337252668905145159e-01
-5.665508903638446503e-01
6.829331397997666642e-01
-6.611453585713340519e-01
3.373319525442216027e-01
-2.670688605487893663e-01
-4.861656321006542214e-01
1.129863682891697030e+00
1.014913503168016318e+00
-4.227897468874936004e-01
-1.344437041325447391e+00
7.592247189673129171e-01
5.847329531636277222e-01
5.530776349828404603e-01
-1.165431909914282693e+00
1.217751024262332393e+00
-9.779322756946251527e-02
-1.216239291732512245e-01
4.120715040163215881e-01
-2.816461358961508954e-01
