2.813234416822450457e-01
-1.019678479988137321e+00
-6.144018248812566085e-01
-4.842104639370806707e-01
1.522634322294295961e+00
5.696809410007696028e-01
1.767969724159263456e-01
3.864403377057522571e-01
-5.476415077339725768e-01
1.339623810053280906e+00
5.052267574789423010e-01
1.518539049993300027e+00
-1.661679375445585805e-01
7.739657997956772562e-01
1.424102010199836732e+00
5.371921509078496637e-01
1.135005128766923832e+00
6.256926155824028557e-01
-6.775268979525194135e-01
1.008743102552585924e+00
-1.298961658194384583e+00
9.909146085341781207e-01
-1.411701974923227354e+00
1.820696799869699012e+00
5.529103630518322765e-01
-4.980817664386332222e-01
-4.957552411451495167e-01
7.772103904702194477e-01
1.683465289531176357e+00
1.528516777842325425e+00
-7.176378208049394303e-01
-1.074411052127609123e+00
-4.121975865682993567e-01
2.749632837701919019e+00
-2.134578402614232484e+00
1.075644324481466851e+00
7.617804642313882324e-01
-6.198443975777386816e-01
-8.374866642666810579e-01
-6.108416080708308771e-01
-1.435485439158881826e+00
5.605031489068994510e-01
-1.379928061870869360e+00
2.734493885926695539e-02
-1.216408109919983271e+00
5.547940785997386159e-01
-1.458896648916911509e+00
-1.669482981574410774e+00
-5.639413225080566194e-01
-9.176564313942656703e-01
1.908056424401649298e-01
1.412042625531124251e+00
-1.644309415026798282e+00
1.588195444012017399e+00
-5.774545845444847281e-01
2.494153200611592514e+00
-1.475097512278738865e+00
-1.466127806195480332e+00
-2.289670516279585510e-01
-1.469067047147497307e-01
-2.328712213262573161e-01
-1.012493026713036981e+00
8.595416799416322196e-01
-1.192212707353108359e+00
-4.655790714003029684e-01
-6.916241892573709027e-01
4.120551068746888812e-01
-5.663535555742561511e-01
-4.440812217452791422e-02
8.580786686979305009e-03
-1.573902414787761828e+00
1.168550953673620496e-01
4.754470043873942897e-01
1.230194853989903109e-01
-2.047237426220445577e+00
2.784307215565554605e-01
-5.830511926977288706e-01
-8.120455485155171349e-01
1.106605689490220090e+00
1.695080397780382553e+00
-1.037920221582722347e+00
1.286230221929790085e+00
-6.740503598101769134e-01
-1.226719170155020008e-02
1.453471222117016071e+00
1.457308826037349569e-01
1.412512016145400340e+00
-1.273880612479851404e+00
-5.784457429472668055e-01
1.682754479376499246e-01
-1.288322812276885276e-01
-3.190617031477309129e-01
1.429318530321351144e+00
-9.399027098557836135e-01
-5.064616377489453702e-01
-2.647436338869879058e-01
7.158514559629950424e-01
1.093770562049963591e+00
-1.010162836745884529e-01
1.249230957430170985e+00
8.411538220760534923e-01
-6.763554455086960571e-02
-1.142359450066680326e-01
3.784737436381144238e-01
-1.151373687786094058e+00
1.886994885451070969e+00
-1.501228313131032666e+00
2.319379022552167768e+00
-7.024061955826805814e-01
-6.511461751078613247e-01
2.197954194642354753e-01
-7.916593673942183829e-01
-5.043604558753369549e-01
5.463842644965458684e-01
1.194518882981823044e-01
-3.066637853216466203e-01
5.872958082420782766e-01
1.347013999261630568e+00
1.378130259360916821e+00
-1.726302681401281403e+00
1.764694904337141546e-01
4.677942852852827182e-01
-3.596247104927629556e-01
1.509602104740507267e+00
-8.265931844482853064e-02
8.227353074329872840e-01
-1.489102132294795600e-01
-1.124368151115120895e+00
-1.867274625225642248e+00
-1.785155761580352052e-01
1.233623461082836492e+00
8.897693918654403511e-01
-6.716728499356225957e-01
5.140958190202739031e-01
4.413884774847031123e-01
-1.022256072994018217e+00
1.751486038512606869e-01
2.132521762552326561e-01
3.479368712607815994e-01
-1.265143727082131075e+00
-2.553165950345711588e-01
-8.385764905658629198e-01
-1.309358950318144421e+00
1.539981187260458739e+00
-6.942940155747796549e-01
6.229619355096418509e-01
-5.025794371515664993e-01
9.832391140958908482e-02
1.371075943620129856e+00
5.528648639187393465e-01
-1.080226082862847603e+00
-2.803911448435582598e-01
-2.498509621387797960e-02
-6.771718047231658488e-01
-1.420764708187641223e-01
5.031884693779808959e-01
-1.081110383406434172e+00
1.671233601026219651e+00
-1.060537928313952938e-01
-9.860990406572880396e-01
-7.223645026082090581e-01
-6.953757363005846903e-02
1.428446719857604519e-01
2.534282773237777064e-01
-7.920419481734388700e-01
-9.311134898566471030e-01
1.644497407083133522e+00
1.268488972470248388e+00
-4.199552337286195924e-01
-1.507429520388508415e+00
1.506003568571070705e-01
-3.153222580955104132e-02
-9.362252478621108098e-02
1.550751479917044096e+00
-1.011991342075535538e+00
1.251513057712013433e-01
3.784748760479653695e-01
4.233549455446887211e-01
3.826250920579209458e-01
1.230438102393952571e+00
-1.151278203782632792e+00
1.307226705695615776e-01
-4.322023219785621206e-01
-1.237247844830507981e+00
1.872639540138115385e-02
1.469980018118465459e+00
-9.886140744536568992e-01
2.643087064290843835e-01
-1.233335253098046952e-01
1.077353594993955416e-01
3.898172744222005992e-01
1.020203530956048876e+00
-7.975261620311591138e-01
-1.001248887513141866e-02
1.033481172475628762e+00
3.758514050473332063e-02
6.890236345489402225e-01
1.476319930509639056e+00
-1.050417240617245840e+00
1.735795025571575501e+00
-1.391341278710493068e+00
-1.471486473639330272e+00
-2.001609485825777579e+00
1.546164323298050203e+00
1.161549616002343299e+00
-9.457565755733211843e-02
8.815168282718868209e-01
9.799276021911409451e-01
3.647839277844681649e-01
1.836995035712398971e+00
1.530919345291676392e-01
-5.433242409659733152e-01
-6.551874398698647080e-03
-2.396279717339258042e-01
-2.076008476956171800e-01
2.373419306123709660e-01
1.880557455469592298e+00
1.025213275798326495e-01
1.642082822793857089e+00
1.094387297961488814e+00
-1.115362405162801052e+00
-2.437357985567908170e+00
8.630911340062052961e-02
-3.618473154341265707e-01
5.595745802222922283e-01
1.512243985221842502e-01
-1.937365324225016394e+00
-6.798642449426842149e-02
-1.112928262705792787e-01
7.080690867343804040e-01
-6.618648555351190899e-01
3.575497969344462179e-01
-2.551488113032615579e-01
6.133825603308209473e-01
1.498243611070353865e+00
7.746363732790223500e-01
-1.214162243627724180e+00
7.881631251593886889e-01
3.946664158593301552e-01
-1.087922201150760992e+00
1.670497951684570548e-01
6.012023579024386999e-01
1.581498909801595909e+00
7.985328973743435199e-01
1.623897106225042020e+00
-1.578776159262168244e-01
-7.172195186688280488e-01
1.050315611217568446e+00
1.104184440634550901e+00
9.392590401474391892e-02
-6.839592753740665609e-02
-5.969301023825012154e-01
-1.184779100654085870e-01
9.567615976436587566e-01
2.387455469336855485e-01
4.679540364861788926e-01
-5.046392873495193498e-01
-2.498633363243129846e-01
8.639964581787742404e-01
1.163249382151194444e+00
-1.449930578854132124e+00
-3.354236007727486313e-01
-1.275733627149970628e+00
-1.415689371891997395e+00
-3.056800689248360681e-01
1.212697527383422430e-01
-8.075449928109325048e-01
-6.068805870999094410e-01
-7.581645673004020480e-01
-1.610482830399405874e+00
-3.333195105924986468e-01
-9.437249294647892528e-01
-6.790732670125803061e-01
-1.928499144348577943e+00
7.410358525663047757e-01
-1.154119699904786689e+00
3.615788006137151678e-01
-1.598863404626280071e-01
1.725772821791525524e-01
1.497303766899702016e+00
-5.002495140522799089e-01
-5.362915286773169976e-01
-1.311698245864177270e+00
2.127759255986151621e-01
-2.145335851720813203e+00
-1.079862381535195093e+00
2.088571419490351744e+00
1.037041665540865409e+00
4.400434718247277499e-01
3.377125818704186933e-01
4.021610148563334319e-01
-2.426489469075869543e-01
2.509156995993601647e-01
-1.312705599078108076e-01
9.920702270504443421e-01
2.232694742228925833e+00
1.697983207857722165e+00
1.148089206124880413e+00
2.175465599721055021e+00
-8.802703703117028544e-01
3.209832579226844507e-01
-1.078985066782009561e+00
9.155214267090259206e-01
-4.595819480468190110e-01
-4.215364116200897016e-01
4.827875286925990550e-01
-5.880495571515420572e-01
3.430934798550659415e-01
8.225238924245640293e-01
-9.900943329596997300e-01
-6.742509898597980333e-01
-2.801701769362368033e-01
-3.107068334731704629e-01
1.770934266828148029e+00
-6.795406728797864782e-01
1.555229385658233543e+00
2.595168564999389971e-01
-3.964328405084041607e-02
4.073211174647464183e-01
-2.171858171357258782e-01
-1.366973892079619557e-01
4.774145952099118073e-01
-7.341764848612076788e-01
-1.309327093996101032e+00
-2.040365237981972335e+00
1.750239961011843981e+00
-7.239486146870975913e-01
1.075006898875297434e+00
1.064827093496570454e+00
-7.591069750476334699e-01
8.253403578630853499e-01
-2.738653402097799769e-02
-6.277086845615310606e-01
-8.793134509803106624e-01
1.734610305863828195e-01
-1.286984504709208776e+00
-2.352656384970608916e-01
-8.139814233379313313e-01
3.617557750347827339e-01
-1.365843096106122534e+00
-7.297642825858504656e-01
5.887216556173481274e-01
-2.366002463502409336e-01
8.677283038271171867e-01
1.271742145276134384e+00
1.598313587360923604e-02
5.852864194406193210e-02
9.113914858062878155e-01
-6.504265709214639146e-02
9.658529781251086188e-01
5.873195142969692695e-01
3.578339734933648764e-01
3.852337631846822208e-02
-1.332044181815169814e+00
-3.308250977222231271e-01
-4.797599430214849470e-01
-1.229876756320382070e+00
9.687865612017199091e-02
6.454706422058443804e-01
1.152003971607607813e+00
1.257761119743956435e-01
3.982687257975711104e-01
6.129328525725231680e-01
-2.617115851145690453e-01
7.253847625450018377e-01
3.861321505093084361e-01
-4.112977642126639521e-01
1.337689597576377787e-01
-1.284187524352205845e+00
-2.801357837795241945e-01
-5.680737844435026496e-01
3.642572982431681039e-01
-4.854361648140214092e-01
-9.751685666128888652e-01
1.731282251283793094e+00
-4.329712660841226746e-01
2.065882040129824126e+00
-3.904493656437634241e-01
2.214200934019808997e+00
-1.897663239499871868e-01
1.191638471250613840e+00
-1.263140646476992694e-02
1.531669512572980674e+00
-2.139793507660357363e+00
3.958257137300626449e-01
-5.158328975477171063e-01
3.532474169065722425e-01
-2.067623217713630002e+00
1.934865258835154478e-01
-1.531130644548252873e+00
-4.085937334806157284e-01
-9.899385013431006852e-01
-4.798051446048390845e-01
-1.056852775779008186e-01
3.856989063757726988e-01
1.881253365601470162e-01
-1.200913704964575279e+00
-9.179743275033295236e-01
6.542825889297606556e-01
1.225794971134326117e+00
6.029202052182703470e-02
-5.108925203813541316e-01
9.302754429344307630e-01
-1.198388306912469448e+00
-1.209648217523711544e+00
-4.570199428757979465e-01
-3.522659111198787607e-01
-5.026087528794461606e-02
-1.978966608646957281e+00
4.019192939398214537e-01
-7.534940850837350546e-01
-3.232007336693730193e-01
3.561129979793692391e-01
-1.312003264173239536e+00
6.815573398334758004e-02
-5.047202974292805955e-01
1.777156003962974129e-01
3.184051569581305419e-01
-1.085125671051917040e+00
-3.579656114205843065e-01
-7.875613991095168354e-01
1.303685998644015138e-02
4.068934906128869877e-01
2.052485820183696519e-01
-2.075124308258658790e+00
-4.490916218908402868e-01
-1.105963605547041761e-01
8.985366791729617608e-01
2.622538024942079882e-01
-9.380942531472686863e-01
4.430631361532552104e-01
-1.472756190632252826e-01
-2.453368910014180226e+00
-9.403510565488384376e-01
-3.117318473073482088e-01
-2.904536326418155623e-01
-1.693693832286477186e+00
-2.998268608457793638e-01
-1.819402943678301576e-01
3.384133472194688630e-01
2.086718657766479801e+00
-2.049140635664882915e+00
8.989921731774327407e-01
-1.653173769457155773e+00
6.258650857807337431e-01
1.161743353531688783e+00
6.871490444746269910e-02
-3.419525235620007320e-01
1.845793594773500468e-01
-7.298976988115609688e-01
-1.631409204315585448e+00
7.051593073385742372e-01
-5.124020393593782252e-01
-1.259742465514758436e+00
-2.329760743385203281e-01
2.207271284627530250e-01
6.461052285750438218e-01
8.880474557426822901e-01
-3.471196166235223646e-01
1.296595845218108334e+00
5.092941017720871155e-01
1.124877966488253556e+00
6.609424932106798822e-01
2.153807021695886004e+00
1.185830800533342055e-01
-5.402024161447934736e-01
-2.563470216675358127e-01
5.807746268776874110e-02
-1.711135104239457361e-01
-4.729356497912780011e-01
-2.607001570828651804e+00
-8.842028908668128628e-02
1.448342180037015758e+00
-1.427554593219082069e+00
-7.994108702243165610e-01
-8.933914553159758576e-01
1.402534965149948798e+00
-1.483618316282955540e-01
-1.030180403326686589e+00
3.284232027691624256e-01
3.787804780569510310e-01
-8.312394694724126731e-01
5.486958217099459079e-01
2.361844276064118286e+00
8.282264824231178046e-01
-6.449742023421675130e-01
-1.499714686284884468e+00
1.627249158469746826e+00
-1.204441255486754070e+00
1.089368040968238471e+00
1.421978944812977430e-01
-1.634883484331842496e+00
-1.678147523239904571e+00
-3.717505994538254921e-01
-7.979602037510045154e-01
-2.802331467265883336e-01
1.902361331327293847e-01
1.633901228492123492e+00
-6.236214890155514917e-02
2.143596765375218371e+00
-7.838305342420752719e-01
9.627413449007604651e-01
-3.534180660716675915e-01
4.514200013719358306e-01
2.108281799630592201e-01
-1.657478953930473925e-02
4.413583413752758533e-01
8.662943322179393890e-01
-1.787874576806178228e-01
-5.335064281662385555e-02
-9.209970216571873314e-01
-7.504985284052548278e-02
4.297115748863036266e-01
3.141799515787992991e-01
9.199835577724277957e-01
5.355562906828253977e-01
1.589326566624946757e+00
-5.837607643016597299e-04
5.292602659819140021e-01
1.998150671446790705e+00
1.132418674629448868e-01
-1.149602741258074934e+00
5.886355693196420047e-01
1.718322476018686040e-01
-2.460805312271730771e-01
-1.123938880227316917e+00
-1.135955766625178942e+00
6.214629971740669445e-01
1.425164099777320059e+00
-1.062865535985787036e+00
-4.890254045991415111e-01
9.997411386906932540e-01
-2.322664227367800260e-01
-4.212371522067959173e-01
8.447634227022301490e-01
1.950296986519410192e+00
-1.236876001027084060e+00
1.459952927906621012e+00
-1.428443949038338490e+00
-8.580064646251024385e-01
5.453967724160173614e-01
3.175185564404199301e-01
-2.977894748061804542e-01
-6.559154629577658158e-01
3.099668072178864975e-01
1.865234725195684451e+00
8.145823462573971163e-01
1.029855415979331168e+00
1.574699526459072185e+00
-1.123058614944877132e+00
-4.310972933804180229e-01
-9.545497000875088345e-01
-1.263476016486286824e+00
6.565495886494355782e-01
5.330264847841520437e-01
8.531036384768673209e-01
-7.823423148165389307e-01
3.222194991025043587e-01
7.133814400389265620e-01
7.413251909945887119e-01
-2.935274587197893026e-01
-3.604092760797861228e-02
1.166916062211703187e+00
-2.576791641847974379e+00
-1.212414345547911720e+00
1.146630357219865060e+00
8.673874464400340711e-01
-1.993488162673002329e+00
-1.388116340352610889e-01
-4.313163734586804993e-02
-2.166291776430346427e+00
1.726279938601220199e+00
-5.692057158687764407e-01
1.182563769655105013e-01
-1.355916942434092443e+00
1.980419460884768279e+00
-1.730683741662804032e+00
9.310173092715522403e-01
1.023653157691466253e+00
6.375117581402258704e-01
6.292277757318215370e-01
-8.425967054594614147e-01
-5.921062965504558795e-01
5.798564133161375755e-01
2.272436699657809367e-01
2.685122980927876490e-01
-1.007639814566046343e+00
5.032698441241230114e-01
-1.799385452811627761e+00
-1.260926089719518695e+00
-1.754028052222387501e-01
1.192089605121864210e-01
-3.042249506536448544e-01
-3.077905285520851075e-01
8.493829805514274689e-01
-1.359933319792308581e-01
1.300611725776646077e+00
7.175596569191946550e-01
3.151470888008198745e-01
1.021199068507685270e+00
9.345274366597738913e-01
1.004557390309943399e+00
1.456911571075985679e+00
1.832416173135778426e+00
-6.257420189525071397e-01
1.811287857840391702e+00
-1.424161263263657551e+00
-1.344157508578667448e+00
-7.278186114870573986e-01
-1.065654821275903386e+00
-1.109915822666007079e+00
-7.016035216404121755e-01
5.032895903352555544e-01
-2.705831226508690346e-01
-2.441428796457594252e-01
-1.106923196842004797e+00
1.185296430569452886e+00
9.556903277601372926e-01
2.262302352959084661e+00
-8.648657058518477436e-01
-3.191191667998010129e-01
1.558017391711616628e-01
1.326636527545987709e+00
1.201048448047219219e+00
-8.600448557224669166e-01
1.162941946829463946e+00
-3.557040443751205427e-01
-1.077950530235656929e-01
2.457649514776818478e-01
7.738283086637659514e-01
-2.768567370287831952e+00
-1.358887148606487294e+00
-1.254425812960109576e+00
-2.078911758293848333e+00
-1.482547177149805828e-01
-1.440965440856139534e-01
1.785107786252534856e+00
1.021666934496573198e+00
1.683352075672901238e+00
4.688866672331913898e-01
-4.312493109864693440e-03
-1.728812320409359171e-01
-1.460493578107110002e+00
-3.938085193360878478e-01
1.367351442876811429e+00
-2.602269598740702961e+00
-3.426902013149035198e-01
9.790904942307979697e-01
-6.139676191496113988e-01
-1.178399049539799875e-01
-1.616494205090645231e+00
-3.291140733159802489e-01
1.079141456632518592e+00
1.657968580677496861e-01
-1.007002043344796149e+00
1.283689098577792453e+00
-4.115519401877765215e-01
-8.986711307182306818e-01
1.429129950943066385e+00
-1.856738987109119110e+00
4.910803414589819949e-01
7.846217922277003431e-01
1.775775663641574686e+00
6.364792725532596174e-02
7.563686944770461329e-01
-1.527029711455815564e+00
5.605119578764260480e-01
9.077401972655518847e-01
-7.443762507401735506e-01
-1.408769614065514542e-01
-3.498012445408758553e-01
1.073018930591282283e+00
-8.564836441803100886e-01
1.869242005214291624e-01
-1.240621748895482934e+00
1.328878788538736533e+00
-1.891296447964196381e-01
-4.547609418357787536e-01
-7.544290567815846449e-02
-9.083017129823065527e-01
-1.062710534865292544e+00
-2.236499256149466486e-01
-1.780098159794353929e+00
4.394276299963831289e-02
-1.359605406740511446e+00
4.051640421385491742e-01
1.439081688244854051e+00
-2.324550301957652998e-01
1.935284045703568878e-01
-9.081719749223937654e-01
1.369227851449834388e+00
3.002702858010551368e-01
-1.229210197872202981e+00
7.129133757391856729e-01
-4.075508783999532425e-01
7.240157534063305401e-03
2.627361201368609289e-01
1.607354320602677689e+00
3.918399323445821425e-01
-1.231424073074483205e+00
1.620682680279395660e+00
7.314542189814556006e-02
8.537102914662701991e-01
-1.407996800833396511e+00
-8.715544400324688468e-01
1.545720261453620015e-01
2.843028683498712850e-01
1.626913602194021147e-01
1.718563861427797823e+00
1.509225216238973405e-02
-6.976604348440011705e-02
7.047528164873372303e-01
6.171445603235600208e-01
-1.114559660571984301e+00
3.592029232109962833e-01
9.725338348129513033e-01
-9.278811999055923687e-01
-9.474503060321853853e-02
-4.125732337826585883e-01
6.367502157208081437e-01
-2.696210515880095748e+00
1.064245061334347486e+00
-1.520106298927074995e-01
-2.938054293197270628e+00
1.409339560371531373e-02
-1.046313073103007918e+00
-6.606528455625523266e-01
-7.770199801069358481e-01
9.492804184177121574e-01
-3.442493363283547492e-01
-9.824608347261676311e-02
3.071150362742840478e+00
-3.467570817998394395e-02
-5.320271434210497100e-03
1.171170478300660039e-01
4.454407777038373317e-01
-1.076430730435145477e+00
-6.978105872085647032e-01
7.406772278247347741e-01
-6.567276789500504641e-01
2.093347608449114272e+00
-9.434636669027754996e-01
6.160438829495863411e-01
3.450569073442141255e-01
-6.911962581936371697e-01
-6.580290020259017547e-01
-5.360062694577988340e-01
-8.859994299969800591e-02
6.259243677078324408e-01
1.098654537912716167e+00
1.467200483149596613e+00
-1.183627794782365017e+00
1.417862205235280726e+00
-1.244048662210476053e+00
1.005497490011435735e+00
-9.632578632462877044e-01
-2.042310597900694469e-01
-6.131118805004297512e-01
1.212378467090278189e+00
-5.119530862406843769e-02
-4.398788315470261723e-01
-1.026255294029892573e+00
8.223236117420804625e-01
-1.542726735654109671e+00
-5.632034202849866000e-01
1.030327747176002839e+00
9.382729281195426596e-01
1.303301851861843053e-01
-1.013899162865856018e+00
-3.404146755198901309e-01
-1.597672389843401763e+00
-5.857732622394707933e-01
5.371985591820779282e-01
4.117727551099249067e-02
4.353745106124572439e-01
-9.950474875506959416e-01
8.593422755138407920e-01
-1.924826106311956497e+00
7.493960128332852744e-01
8.446706863305607493e-01
3.017843590173195645e-02
1.069943661053929240e+00
4.704154893739618815e-01
1.013868837200439410e+00
