1.449355976463880591e+00
-1.915488408082606508e-01
-8.380634538729593297e-01
-1.861079714275983843e-01
5.614292605057837893e-01
-9.250274297488187969e-01
-1.178584854755756250e+00
-8.973709653852450785e-01
1.386721964884452651e+00
-5.344866544570628375e-03
-1.203967349000390374e+00
-1.688365401528673537e+00
-1.046143310215206651e-01
9.125615062171168468e-01
1.406427177581624166e+00
1.832227964403693399e+00
2.329021677031200832e-01
1.222400407023664926e+00
1.993685989417290694e+00
2.659385503108985915e+00
-1.445861460489631600e+00
-1.646164668078719862e+00
-4.480077496266652859e-01
-1.211165727316884932e-01
-1.088062836222981389e+00
4.137878173752676525e-02
-6.803923978022231589e-01
-3.724418947737163088e-01
9.478868067900537708e-01
-5.699114290912401515e-01
