2.538210418107269550e-01
-4.381722745776949202e-01
-4.175207572412867330e-01
8.420937503822168990e-01
-1.054432834852842421e-01
-1.759014464509706333e+00
6.062424700038284708e-01
3.099315556990597798e-01
7.843667994282157441e-01
-7.084520790908869214e-01
-1.850617079681370070e-01
-1.860986687241926507e+00
8.266635279112596324e-01
-4.353056129785394801e-01
7.661001618537077729e-01
2.130539934168449889e+00
-8.762290956223416361e-01
3.453203595352722366e-01
2.532766484262880535e-01
1.781692197584012094e+00
-4.958535533428594655e-01
4.459017897754961879e-02
-2.456737170900642031e+00
-1.682125860397507111e+00
1.196354735117766577e+00
6.959043405507128743e-02
6.585318024968543904e-01
-4.464605061147982057e-01
3.512686687650686257e-01
7.094041031371147721e-01
