4.512652020390097163e-01
-9.041709254111145455e-01
-2.052749126150438252e-02
-1.344032892019774605e+00
-1.213054280777923877e+00
-7.874772965293489468e-01
1.207344012124619503e+00
-1.808502367504570829e-01
-2.909913502110549333e-01
1.193082203921402407e+00
1.206777527534231620e+00
-1.320481412656667297e+00
-1.916602579722141098e+00
1.008669664957594359e+00
5.578667808453650068e-01
3.170521796231635103e-01
-9.411689458463390334e-01
1.005970547284008143e+00
9.842682045529251855e-01
1.266277366894265899e-01
1.856563153096067564e+00
-3.052756281023784601e-01
-4.387914744974555359e-01
-1.996313205869644503e-01
1.195723521608464290e+00
3.071832005304365731e-01
8.072142427397842601e-01
-3.927971515576876849e-01
-2.394121852937146910e-01
-1.165963940763720397e-01
-4.283801079849627325e-01
9.960813256166195506e-01
-1.584383170278887698e-01
1.476692406405537783e+00
-2.487552162593510197e+00
-2.853226555488804772e-01
-4.137174810095290978e-01
6.045423091708501673e-01
7.347245517207112719e-01
1.755686644811980335e+00
-1.521340329929451451e+00
-2.791888979110171976e-01
-4.763640526410660714e-01
-4.225632899721106228e-01
1.484358289288794319e+00
4.011716764421589809e-02
-1.590474413708651946e+00
-1.844335239636199608e+00
5.666938257821011460e-01
-9.704505559952216753e-01
-2.653005862557628269e+00
-2.212159575840724202e-01
1.394199408509370741e+00
3.933400705551928223e-01
2.433591808754023145e-01
-4.531247773919894750e-01
1.272627665726312696e+00
-1.849087067804967566e+00
2.452893997215397637e-01
9.033523562173291221e-01
-2.465794048651090531e+00
-1.726137934040642197e+00
3.396442805101209106e-01
-2.291446420554200114e-01
2.731381557304093821e+00
1.066771034065064905e+00
1.615869026705752720e+00
-3.211718814547805945e-01
-4.409251560668266956e-01
8.473543078470709977e-01
1.270352486903820521e+00
3.922537223589213085e-01
-1.827861527885209503e-01
-6.104062981391545906e-01
-1.162726002789035151e+00
-2.083499286524882255e+00
8.384858734016472637e-01
-8.668664591599585245e-01
1.045480585786225713e+00
1.029270250388354624e+00
7.077988246423279062e-01
5.958183027137894383e-01
-1.318599667563558064e+00
7.280404250171710334e-01
-8.069708397562550539e-01
2.264498495273471690e+00
-1.993958445011587255e+00
2.759548844509507326e-01
-1.256680476451964790e+00
3.706212013803977245e-01
1.211715821983736729e+00
-1.559809717872563950e-01
2.593071763291566745e-01
-3.753209364899883771e-01
1.075307168166509175e+00
-1.304906713477720137e+00
3.738116531151114974e-01
-1.382626952917783925e+00
2.243146705966469756e-01
-2.338600774925240766e-01
-3.397619379241911264e-01
-1.592147147621953904e-02
-3.302454701670768933e-01
-2.568121045665251456e-01
1.453166749231524779e+00
4.093072023263398806e-01
-2.225285237755798284e-01
-2.066725761729490685e-01
6.515337072763955906e-01
1.181183815499867729e+00
8.385355706928161734e-02
1.415922157909730306e+00
6.534879346779082221e-01
1.322085563474729719e+00
-3.332208116691151023e-01
2.253779333052252642e-01
-8.519336691747676493e-01
4.517117629784395683e-01
-1.303674596952569598e+00
-4.724339315985859322e-01
2.094015964711111732e-01
6.941147764315970248e-01
-1.170468311262566008e+00
4.324546304994241752e-01
-1.515862444839853662e+00
9.914430162420211357e-01
3.702102828017068137e-01
-5.261785968055172624e-01
6.729026922399714561e-01
5.927165980089548203e-01
-2.068096055078049444e-01
-1.839767519843822807e+00
4.127757953691075232e-01
2.566919389646644234e+00
-5.223409242063251634e-01
-3.012501465636165388e-01
-4.809055319515064819e-01
9.935121636464580019e-01
-2.818957700539209688e-01
5.003554431446650685e-01
-3.249939448259410169e-01
-8.553447568887051489e-01
5.679316233597359043e-01
-9.058269742075256703e-01
5.572090908641059714e-01
5.305751485070597795e-01
-4.880976039590133597e-01
-8.413283322972872069e-01
-1.024625679872092521e+00
1.610941633345045254e+00
-7.652135237545089341e-02
-6.341677565603440758e-01
8.274773071157328630e-01
1.245675954516739931e-01
9.382826020787212729e-01
-2.556782203277278009e-01
-4.670452358227512590e-01
-8.868974288664970285e-01
1.768273960665357025e+00
-1.753938936909580082e-01
3.865259244556442098e-01
-2.477069299932923019e-01
-1.991742390130338825e+00
5.449352022234340565e-01
-1.600157923592013365e+00
-6.909308419802803192e-01
-2.273243062264537429e+00
-1.526367335760486776e-01
1.069737812777739272e+00
5.386127429003572109e-01
2.169728042104428489e+00
-6.093838356251581878e-01
-1.712494307441768226e+00
-7.539210911961264916e-01
4.044503372505605099e-01
-2.854737303505963109e-01
2.647257340324664088e-01
-5.424575481736922944e-01
-4.587155358566503693e-01
6.971862253370866291e-01
4.113625836984310391e-01
-1.455891898578485000e+00
1.448088892221550905e+00
-9.940357110430332321e-01
3.215104710686751688e-02
-6.862517161892303652e-02
-8.857675112170276810e-01
-1.615218557586411308e+00
-4.490289842866919678e-01
-4.300400664158198771e-01
-4.551654608475096397e-01
-2.944108271140670752e-01
-6.507201108894877795e-01
-8.132348215186553375e-01
-1.232713000486652888e+00
6.178947648475351384e-01
5.741443918449388173e-01
-1.400572549120122634e+00
2.577411766636937607e+00
-7.351121106681023365e-01
-6.274053489209283629e-01
-1.032313900494308267e+00
-1.217673085241936848e+00
-1.820699086483755558e+00
-6.628584558922065995e-01
-1.116684450559977559e+00
4.730837066348735354e-01
-6.000148704924039844e-01
-8.939137715154481523e-01
1.341538210274218490e-01
-8.249667575002285203e-01
-3.875453696685225435e-01
2.175751308024244379e-01
6.050561100312735752e-01
-5.630176519615806008e-01
-6.194142549415356802e-01
-4.159047638639990496e-01
-8.417387922096336572e-01
1.020202373606595936e+00
-7.945811962202176115e-01
-1.629414486804716899e+00
-1.646858657414388638e+00
3.178767595856424877e-01
-3.428338021047893647e-01
-6.223817860258985535e-01
-3.172034400502623530e-01
-3.264666690212961186e-01
5.744004669078113245e-01
-5.455000611583697978e-01
-1.306184969820464170e+00
-7.473002819646046291e-01
-6.772851934760291126e-01
-5.786310825184819429e-01
3.244860740463186011e-02
-1.040004078079165284e+00
1.820464250968190367e-01
-5.296352258780011590e-01
1.198823306449044557e+00
-4.104267358392789111e-01
-1.844012877351917101e-01
-1.254013476372882296e+00
-1.163784276588698985e+00
3.609189218365018714e-01
-2.704924558820163139e-01
-8.811817095606041539e-01
5.099793914205383860e-01
-8.761416382945776959e-01
-1.597930009005645025e-01
-2.381452075333747587e+00
-1.583766259472993765e+00
1.797856726423473939e+00
5.225747275963673472e-02
1.008729736007709654e+00
1.263520520517588501e-02
1.195445895349058096e+00
9.715150920545368995e-01
7.370991893546043894e-01
-3.512114600235070605e-01
3.690525031291714830e-01
1.509792704887828574e+00
-1.530911189530817618e+00
8.537932482497965214e-01
1.533028649534031507e+00
-8.337705508125833331e-01
1.153960265362548476e+00
-4.316198916945376274e-01
-1.596127419080027310e-01
4.680518427226982858e-01
-7.810561875726352854e-01
-6.795926277268737881e-01
-4.960164486714868093e-01
-1.203572893156912071e+00
-4.759255002412749458e-01
-2.013235085204869712e+00
-2.655945411571533077e-01
2.724939685115692622e-01
-2.703876133647590496e+00
-9.979176216513351294e-01
-5.292911452425743679e-01
1.164976664654035821e+00
-3.563449421300785014e-01
2.027863001423966249e-01
-1.682830225119962275e+00
1.755302491077422380e-02
-2.470964516604521322e+00
3.740223484550336264e-01
9.038973858926130367e-01
-1.613135521674194106e-01
7.817939889670822984e-01
-5.338001885204128882e-01
6.532239549612017804e-01
1.384674105970643998e+00
2.370263601975131362e-01
-2.808238822367796206e-01
7.566038565676056482e-01
-4.451863899486041554e-01
-1.077948788492851251e-01
-2.086516185986680760e+00
-5.409340613902553496e-01
6.012178224903031998e-01
1.197547859341417720e+00
-1.672618467314460622e+00
7.921104167204868762e-01
-1.962511024843093810e-01
6.218621393637808747e-01
-3.819821260201319846e-01
-3.493115917311573337e-01
-4.645011488079438949e-02
-8.629187743070264316e-02
-1.086022870318357425e+00
4.340660400381458200e-02
2.947069857679187610e-01
-1.441786441665257879e-01
1.478411085907218592e+00
1.859694596599739125e+00
-1.606584192052040450e-01
1.511224061022206300e+00
1.534421000600105112e+00
9.419091870221683038e-01
5.064622975199317700e-01
5.414486123390820360e-01
8.646797822490122076e-01
6.528613046141009679e-01
1.120962590695367134e-01
1.021324669239952465e+00
1.787287386653496180e+00
-9.569514065654847190e-01
-6.326490988683700079e-02
2.426649110671095677e+00
1.621992612759783015e+00
6.873752419719709739e-01
1.738540580075578434e+00
-1.583216489358129309e+00
5.257272879450789471e-01
-2.751892412713449754e-01
4.121815598866822028e-01
6.653072662122017089e-01
2.663391219958987088e-01
-1.508609786030439825e-01
-1.850502266733200507e-01
-7.133921836619342427e-01
2.184093918423773706e-01
2.524444254318607417e-01
1.956466152249091220e-02
1.205986829324777299e+00
-4.734078514612050093e-02
-1.259008310929451646e+00
-1.063722386236822137e+00
-1.080179012152805429e+00
3.098834981080788031e-01
1.027951107722086865e+00
1.759654097407377105e+00
6.946165390718154198e-01
7.120183531167713353e-02
-8.699679749233657500e-02
-7.603136455930729898e-02
4.383520654095833802e-01
8.125178575223402921e-01
9.223581471817647870e-01
1.178621946576555057e+00
3.591503413046309712e-01
-4.144196588550423388e-01
-3.419577202323096365e-01
2.007075741833517502e-01
1.028547968574889726e+00
-1.659191871103446125e+00
-1.650561598093999605e+00
-1.259663887491549450e-02
9.060446454452050213e-01
-1.139363369882046007e+00
-1.001067896671699264e+00
4.659072750483359560e-01
7.199421884168575314e-01
4.178536192533128246e-01
4.467013790071318047e-01
2.546599180534279583e+00
-1.500715187008980100e+00
6.257987364458905688e-01
3.701958207078517166e-02
1.068337990555966455e+00
5.112950421496601505e-01
1.602071416378851421e+00
-1.949193291833228647e+00
-8.346272503142615484e-01
9.460326245824920433e-01
1.164283454359338610e-01
-1.855007468351052013e-01
5.588867598504332346e-01
-3.090450616018065588e-01
4.374600753869651443e-02
-8.541396873072514273e-01
-5.418723652779083855e-01
-2.651848733824772042e-01
7.499066926993200322e-02
1.441873399590040961e-01
-6.184852210244722315e-01
8.167893061146463962e-01
-6.829452999809536295e-02
-1.262509020867838005e+00
-1.802728979070379989e+00
-3.738580217953687002e-01
6.752009154450012707e-01
-6.391505859218402641e-01
-2.350188307706126689e-01
1.200782343862472068e-01
1.612136167001298581e+00
-1.224948892675940398e-01
1.447945088668409763e+00
6.482057766562778767e-01
2.316949965224563979e+00
-1.354671564344319956e-01
-7.099767874803465384e-01
-2.284742412964936964e+00
-1.819131087310900563e+00
-1.585877300761514341e+00
-1.538319567795015663e+00
-2.934677355290797873e-01
1.091218640172725962e+00
4.668421691357546033e-01
-1.291138926812686605e-01
-1.217168325595560763e+00
-1.008471913104393769e+00
2.161148125279732934e-01
-2.405291235193788013e-01
-1.619657551401721129e-01
-1.347104126829405946e-01
-9.135881664892181453e-01
-2.473799463613549077e-01
-7.685986343346944138e-02
-1.624633181910354329e+00
9.554155028410163952e-01
3.596312361896570470e-02
4.664144907622050362e-01
3.648723838863788815e-01
1.423295744968520626e+00
1.429692137112965167e+00
2.119310510109476908e+00
-6.337262350086160234e-01
-5.599997677894681392e-01
-2.601342497475322091e+00
-1.819482492476560909e+00
-3.232059898845077051e+00
-2.595656582837922333e+00
-1.749993333602601897e+00
-6.293490517614946933e-01
1.196270548263310696e+00
-3.814443657948385913e-01
-5.548673106773158725e-01
-2.021206208202973309e-01
-1.523614476745324353e+00
-1.246487350678337380e+00
5.901215402200268301e-01
-9.892565278593136169e-01
-1.088378241299150950e+00
-8.832726839754575510e-01
-4.081857997629996238e-01
4.386085480016515409e-02
1.303996813550515999e+00
-4.856848866817025691e-03
-7.905568630241478767e-02
-1.204568924618636849e+00
1.322934526438736658e+00
8.668380631393124425e-01
1.622672346621600648e+00
1.829323273993253229e+00
-6.561587740188207230e-01
-2.155164821770647166e+00
-2.363030698357469817e+00
2.999824127541518837e-01
-1.324467816375547669e+00
-7.060429613892907907e-01
4.843222672276289442e-01
1.781577649919323103e-01
2.982186793585446249e-01
1.485146068915030870e+00
1.007294635749807155e+00
-1.090055162897197283e+00
-3.750565461630088748e-01
-6.708401338677031367e-01
-3.932223077723575599e-01
-3.487126888517819157e-01
-1.121861132363220603e+00
-8.199564135027221923e-01
1.937380727044518913e+00
1.581192039385774795e+00
2.300118232182075229e+00
3.802334314368367885e+00
2.649224509684892315e+00
1.391231417384614977e+00
1.497253413055642524e+00
4.911910130526676355e+00
1.797945676559614125e-01
-7.172230802450765275e-01
-1.288598424063711390e+00
-1.440358127361931251e+00
-1.542372235191955543e+00
-2.522808257958358169e+00
-4.306452094095495342e-01
-2.412371552560057975e+00
1.114774895107763841e+00
4.999738124467089512e-02
1.266410640911227681e+00
-1.441023091511357476e-02
-1.317021792603187136e-01
-2.192294020904397289e-01
-3.844167665310833093e-01
5.240363651300493641e-01
4.057744790582171746e-01
-4.495002012668372071e-01
-9.980931881169877729e-01
6.089584367144333932e-01
8.021502494801565630e-01
7.382451264383625977e-01
1.028437021111759497e+00
2.577823496247087842e+00
3.043501684089465975e+00
4.266372221653548458e+00
1.152241990472891109e+00
2.503389402931255336e-01
-1.655720367911602153e+00
-2.204300509962662247e+00
-1.347887005564436524e+00
-1.089580758929249438e+00
1.763174580874726505e-01
-1.499673999149292669e+00
1.047292402846994319e-01
-2.795252154786556087e-01
-1.395796131984387844e-01
1.394258749263308061e+00
1.499182382182491891e+00
-1.300158858637295856e+00
-3.895420585160641602e-01
9.981694826238183271e-01
-8.521147798202902690e-01
5.681402315324807217e-01
2.822287741117295717e-02
-1.451719622672671850e+00
-2.669742219529697813e+00
-1.010444531172129123e-01
-7.034393303684042253e-01
1.450275419764195384e-01
5.076303167799035565e-01
2.622954697155406745e+00
3.799433075752990940e-01
2.130158582641598297e+00
2.203218638716593514e+00
2.179610128893042509e-01
-2.252305551257347993e+00
-2.346332942417579323e-02
-1.405524998268114167e+00
-9.481719508521380124e-01
7.680971197192728583e-01
1.892781347542749903e-01
3.548343849087011725e-01
1.508576324393576362e+00
1.076214270552116714e+00
1.579530608257866120e-01
-2.365582717152223957e-01
-2.179823284336929179e-01
6.771199587943328435e-01
2.984412314786847320e-01
5.892819392849310001e-01
-1.099954889898601795e+00
-1.527536703700213216e+00
4.226497203082864584e-01
-2.717941704074925191e+00
-4.209927375688247986e-02
1.191988981674092951e+00
-3.652988504054903718e-01
-2.865628650304976044e-01
-1.463691291083855761e+00
5.055627909495095107e-01
-7.277412944196008926e-01
-9.764600480434987295e-01
6.479633630541582756e-02
-1.805368357774352672e+00
-1.549929773308839354e-01
4.923112235819052801e-02
-4.611873285473064299e-01
-5.087787433120011249e-01
4.435727671655608773e-01
6.347171779517363222e-01
-9.598097003846059461e-02
-4.464235129625648835e-01
1.800394234890933198e+00
3.362522605458437841e-01
1.357226282770779058e+00
9.168847853083148536e-01
5.577759615137196647e-01
9.570556790179365891e-02
-1.423035264959644053e+00
1.222832437884505685e+00
-1.047011973224256209e+00
-1.551402309061646445e+00
-6.867133708625801081e-01
-1.646982306223085391e-01
-1.815161328566349264e+00
-1.788073606093445456e-01
8.699036350274360618e-01
-2.283042289103942579e+00
3.872459258883289568e-01
-9.689146902956054241e-02
5.527058926947130413e-01
-2.306602961097394378e+00
3.586384059589850515e-02
6.659736005497104983e-02
-3.798168500761311267e-02
1.887495807001946316e-02
-2.155257882884645593e+00
7.275500931523223302e-01
-3.638141148253194040e-02
-8.812053539020289206e-01
3.014221252102437520e-01
4.569797891112896138e-01
1.168432232126445230e-01
-1.491031058706623613e-01
1.650214069293038266e+00
-1.040100145714283109e+00
-8.574039362855182533e-01
-4.331301370189614142e-01
1.541013721714852736e+00
-7.529413339280085493e-01
6.750005603167409385e-01
2.590027545397168285e-01
4.915064902491302345e-01
1.107587478210730891e+00
4.108568692328871258e-03
6.745097090390334005e-01
-8.061694025082540849e-01
-1.571078928968850708e+00
-1.087772057134348325e+00
1.933089599226104627e-01
-1.094304700745035053e+00
1.278909594759545798e-01
3.805695321973984191e-01
4.224798981260413644e-01
-4.211995361462723131e-01
1.167520061811742060e+00
3.115460215064299043e-01
-5.295090706662611280e-02
1.795659217938890162e+00
-1.011204446805352042e+00
-2.685489967502642239e-01
8.356172480040561235e-01
3.145314774680800785e-01
-2.404073451978205433e+00
3.209801004335947061e-01
-1.416499748098445588e+00
-4.861944393709425327e-01
-1.838303810243739234e+00
-2.854868069961264410e-01
-5.199549413212302129e-01
-1.608980528839434765e+00
1.298529848049822633e+00
-1.087385358924985335e+00
-6.893257926339357855e-01
1.783657396275800389e-01
4.769138723128745205e-01
-1.514088390473762091e+00
-1.407769328309683488e+00
-3.116427056639861637e-01
-4.901182310200158931e-01
5.903517777525314481e-01
1.515083408486949557e+00
-1.178970820757624161e+00
1.411071017970405850e-01
1.733305992365997916e+00
-9.474245263071262579e-02
-4.662090018618847975e-01
5.317141330253557507e-01
-2.794302926174725976e-01
-2.815900788101103336e-01
1.053308452511904525e+00
3.030636784406208761e-01
-4.730335341460394916e-01
9.183434868102779980e-01
-1.560588731849001792e-02
-7.689949152961564338e-02
1.829899460959134305e-01
-1.495972602739167767e+00
-2.963552397806841140e-02
-9.187638054701211532e-01
-1.681048137052818525e+00
-5.218635374847596653e-01
-3.385534930659612751e-01
5.595881075042948849e-01
-8.515343670319338587e-01
-1.411994687852439423e+00
-2.616853322323820508e-01
3.208901124167028440e-01
1.631443433739362625e+00
1.392793071464280219e+00
9.752684489154982428e-01
-1.352976957707174022e-01
-1.240407854963432088e+00
-3.868250195599069463e-01
-1.857142933780774330e+00
6.934420731832416918e-01
-8.080612941083639145e-01
-8.996696893609376078e-01
7.763156600595297885e-01
7.327243074762423980e-01
-2.535478914982662313e-01
-1.203711945994899946e+00
-1.051718442441748613e-02
2.627035573269756452e-01
-1.014316503403139391e+00
8.237875071484485057e-01
-3.784898386858004393e-01
-8.613969238910295090e-01
6.137232062400246324e-01
-4.165076098541574123e-01
-9.675222278572844781e-01
-1.009872543178720328e+00
-1.163583206617855748e+00
4.701233492585091822e-01
-3.859446702541944885e-01
1.302244504981413753e+00
-8.448473097356032913e-01
-6.621932829170351642e-01
-5.323842231974666717e-02
2.088374735144640504e-01
-2.796337094787799127e-01
1.026268374188556987e+00
-1.974623171926534748e-01
8.230456884279504504e-01
-1.447889830912759468e+00
-3.425741373678991564e-01
-1.485690069899765930e+00
-2.317839189167083397e-02
-5.397147015748982035e-02
5.317791468494427187e-01
-1.249693669352860692e-01
-4.444492183298351939e-01
2.864572622293813375e-01
-1.293623637360309109e-01
-8.391859784229014352e-01
-4.808850785382692283e-01
-3.627315792464687605e-01
1.639881957271489332e+00
5.010723186837098275e-01
-1.520020935192009648e-01
-8.388889946212448878e-01
5.705883706852634685e-01
-5.390560497132990125e-01
5.791873384413808168e-01
-1.160403370571117199e+00
1.933940266989729428e+00
1.000867669680137073e+00
-3.235206719250794394e-01
-1.657414030962157114e-01
-2.548443591640341399e-01
9.851718400830545841e-01
1.831832331228561150e-01
-9.301494482952101794e-01
-1.216479039163496090e+00
-3.485724442244816923e-02
-4.397633700781734545e-01
-5.094185408210170074e-01
-5.557414809633177688e-01
-1.876444745085130705e-01
-8.549637688975360028e-01
-7.474008724423223393e-01
5.687644767867913037e-02
-3.224809273133977250e-01
-4.808919861050087730e-01
-5.918397560562657089e-01
-7.780674999272542136e-01
9.891336661272522868e-01
9.143509439313738385e-01
3.297001672716543541e-01
1.130317538483230688e+00
-2.012085323971528894e-01
1.319965047191488772e+00
-8.399329995809261262e-02
-7.046015191209470396e-01
1.421979144218820656e-01
9.208271225091891887e-01
3.685415644181796492e-03
-1.527276632690258928e+00
-1.235646240375169569e+00
2.040099506942642638e+00
-1.020787377524828177e+00
-1.019179839703291623e+00
