-9.899654937487682993e-01
1.082234204230918317e+00
1.756301176745864057e+00
-1.269248642826855365e-02
-2.335625624071446249e-01
-7.922848028587724523e-01
4.223021263390286384e-01
-3.420505404961806661e-01
-1.906769363420608654e+00
8.222811027303095210e-01
2.370269944316350852e+00
1.379146942231039841e+00
-2.783318821481557404e-01
1.137516946958388314e-01
7.626268850950433942e-01
6.111641309198864169e-01
-9.771506881793559085e-01
7.877111388188229313e-01
1.272606615926833440e+00
9.052953625175247376e-01
9.594377208809846680e-01
1.301814940962578326e+00
-2.421812166186490256e-01
-1.954012670286683351e-01
6.116549519604859153e-01
-1.664262910404531448e+00
-6.097579478452729018e-02
8.218235387876461351e-01
-1.241073559738862242e+00
2.559598469745376637e+00
1.553303769494629227e+00
-6.171357059663695743e-02
-7.486160917760686928e-01
1.008042617796865104e+00
1.076231355741788631e+00
2.646398731523076364e-01
7.006451854553368275e-01
-9.727715434570681774e-01
9.417579046708409729e-01
-1.059168829374024456e+00
5.744516648813104975e-01
-1.115216263840412170e+00
3.607160669968089567e-02
2.027436501272508462e-01
2.339721344376558820e-01
4.240585020468679023e-01
1.343320377611343819e+00
-1.334503853751086488e+00
-1.688231914862114103e+00
5.142729713277658377e-01
5.986855409967939412e-01
1.267543548437369827e-01
-3.513033560044853676e-01
-2.217011923186190003e+00
8.660353562638095637e-01
-6.358446393049783651e-01
-9.216639285275969318e-01
-2.078026296900660486e-01
-2.236947758614568738e+00
1.138460803980611225e+00
1.997423330195196023e-01
9.604849078252676309e-01
-7.240093331780459440e-01
2.297844086361705840e-01
-1.516960207793248971e-01
6.606733511500872957e-01
5.523196586268942776e-02
-6.284620793857659260e-01
1.194274917072372988e+00
4.441726594035006470e-01
-4.750255215649416551e-01
-2.365611977568522761e-01
1.973034368067804190e+00
-2.650662843962340864e-01
1.901737189405431488e-02
-4.736499590668625803e-01
-8.243799084080352113e-01
-1.210609586605953907e-02
-1.469624193962688619e+00
6.774019916029972999e-01
1.048643797670174793e+00
-5.352473343102149422e-02
-3.446443755698863076e-01
-2.580485253171805327e-01
-3.698633484767655522e-01
4.311727939737475257e-01
5.111487225890842118e-02
1.292846965632867273e-01
-3.937162207328577801e-01
1.992580546445797129e-01
-1.233667016419415452e+00
5.603486122929317581e-01
-6.491452303065989304e-02
-1.928719803691038015e-01
1.060044161770588300e-01
-1.097668037196029012e+00
1.748959306140052572e+00
-3.673810728979499118e-01
-8.649274972873854939e-01
4.648228673274532596e-01
-1.630010376601430111e-01
-6.998499502080343104e-01
-1.169146831425584621e+00
-5.129689000846788804e-01
-1.088761043265485062e+00
-9.249090530155896772e-01
-1.343484831090187681e+00
1.139402479753565567e+00
-3.209449680495835566e-01
2.137505785905344582e-02
-9.166536190164138453e-01
1.389961879775066800e+00
-1.402041211394665643e+00
2.726656102437194362e-02
-4.626865190487867707e-01
-6.938139794656908443e-02
7.678732729146804381e-01
5.989157535633964358e-01
-1.519191374164481356e-01
-6.761931085453661838e-01
1.177663504000926231e+00
-4.364050796534468257e-01
7.946679462787320514e-01
-1.502679960890640209e-01
-5.384855996925586030e-01
-2.785233047845425344e-02
9.390658493381098815e-01
-4.819228302308477541e-01
5.546406206093712488e-01
-1.545229046643720405e+00
6.651363976858348792e-01
-2.742454073635510969e+00
4.007119544094434049e-01
-3.481658893870732130e-01
-3.316823543338566216e-01
-2.351628485145690339e-01
9.728569022186128734e-02
1.924707949226550641e-01
-1.053733139964468046e+00
-6.031960269870212388e-01
5.685644452452691677e-01
-1.621372554020644952e+00
3.893382273848828290e-01
-3.380341162044152026e-01
6.819946188569430134e-01
6.905241104889536796e-01
-3.733402257297190885e-01
2.960189146136815275e+00
-4.045478212070823670e-02
4.879652663770400189e-01
1.332752986279717833e+00
1.256780132742530698e-01
1.036425675365396648e+00
1.158876544533304243e+00
-1.221911921863081174e+00
6.393076106807089598e-01
9.542091620246524464e-01
-1.688270312179387167e+00
9.820597952544214415e-01
-1.259909214543186051e+00
-1.447613089570002121e+00
8.782527931179442415e-01
-3.652427410335522762e+00
6.202421764678149596e-02
1.390307132033968551e-01
2.806408296845085970e-01
7.040877881798897064e-01
1.083004206507328204e+00
-4.784731461991473256e-01
-8.160770566919430813e-01
7.575461191324848187e-01
3.303389801980808893e-01
1.228454989187736546e+00
7.581228443335548128e-01
3.039197819234083497e-01
-1.233132505306576698e+00
9.654833920254798918e-02
-5.529091882192946339e-02
2.092848482963302614e-01
7.658573368329288922e-01
-1.290047668578720330e+00
-2.614664809498465359e-01
1.533069984481580494e+00
1.855925444139523983e-01
8.071431256016060596e-01
8.714271873185504003e-01
-9.037085963987464554e-01
3.227988284846076694e-01
2.869073416198168747e-02
-1.156694248798638691e+00
2.117355332904055087e-01
2.635861371095609210e-02
-3.903043268442359937e-01
7.095884276399845592e-02
-7.168554257934474094e-01
-1.667304669640672365e-01
-9.137883384583358470e-01
-9.377469322701187382e-01
1.178609006953279525e+00
3.649658212736524576e-01
-3.543863035608662004e-01
-1.210397403881934508e+00
-3.896914647590427605e-01
9.896212848527032868e-01
1.030261575028354332e-01
-5.735979184702587608e-01
-5.735551479376486128e-01
2.118884642823740450e+00
4.099102788322005475e-01
8.881522674857003086e-01
-3.996680370797606185e-01
1.026025856768363054e-01
1.488646702899339758e+00
2.427292448835332850e-01
-2.922219059399947527e-01
1.306517107459842730e+00
-1.679971774206969748e-01
1.282442290528994722e+00
1.404457223199602423e+00
-1.155636609031031714e+00
-5.188309386100085074e-01
2.359921811588784057e-01
-2.531112930822092100e+00
2.158345386643476527e-01
3.018955119892413608e-01
-2.706528658169510826e-01
4.702733080345083971e-01
1.078394120230598663e+00
-2.937524894549990995e-01
-1.938251859333099125e-01
-2.305004626972442239e+00
9.502890160437156286e-01
1.273326122593039678e+00
5.053813323427568394e-01
1.182673408414772531e+00
1.024824679072684930e+00
1.425705217047410045e+00
1.154951374899773509e+00
1.113449153217962229e+00
-2.492377169717014673e-01
-4.590768982602838610e-01
6.681658604302738169e-01
3.693948528649154683e-01
8.981893342869035068e-02
1.129075181784111592e+00
-1.020678071105340257e+00
-1.013965276036696395e+00
-2.568979604011696893e-01
7.660060585298815727e-01
7.160300756064138517e-01
-8.533774490025753945e-01
-2.196862347550259997e+00
8.753830466277423561e-01
-3.975146679400055200e-02
-1.822734960113375421e-02
-1.007395001554783065e-01
5.327707028237891329e-01
1.168136818759866413e+00
1.816264314043208206e+00
-1.814034147320413570e+00
-3.888670779411118050e-01
5.605715144260974281e-01
-1.521188010259716394e+00
-1.458652953186751144e+00
1.611176676655854678e-01
2.136468200617178473e-02
1.822888942425370695e+00
-4.852952157495029062e-01
-6.275323093756913773e-01
9.259145358681875049e-01
-2.423698358083347937e-01
-6.456556622929188194e-01
4.791039449909765824e-01
1.004678355220235408e+00
5.212813409102100559e-01
-1.810573225284029864e+00
2.070224556620195777e+00
1.642639940850645908e-01
-2.386985107058905431e-01
-1.231107784101981295e-01
-5.273254922934559330e-01
-8.161448288056567524e-01
6.098037797784615632e-01
3.716510964334779343e-02
1.010090153181258055e+00
-6.041957763967398254e-01
-9.933502193041463535e-01
8.783164020364415681e-01
-1.257720248731002854e+00
1.138338542302498757e+00
-4.948144488945725450e-01
-2.367038175602142580e+00
-1.547405349549245024e+00
-1.576745024006661611e+00
-2.024839314533744883e+00
8.421209759033091435e-01
5.663830867296596461e-01
-7.724294174073361718e-01
9.218191950391875222e-01
-1.610287685175428030e-01
1.492858465407198576e-01
1.500198643330516446e-01
-6.683207091407394884e-01
4.396708714499756865e-01
4.933134938045259377e-01
1.108024035889602743e+00
-2.191780774143936017e-01
2.232843521382525065e+00
1.715100309691251823e+00
1.039420764735354163e+00
1.020547485500506113e+00
2.319845676279161661e-01
2.375113967639119472e-01
8.214459664943706274e-01
-7.751488591095889724e-01
-2.164853382750131505e+00
-2.570414831295057212e+00
-2.364589280421439899e+00
-1.970961829242511509e+00
-1.956450280265019215e+00
-2.094528548040532900e+00
-2.854076944042419406e+00
-3.023385819167464517e-01
6.448938833073029064e-01
-8.824884361443994241e-01
2.638709387711974941e-01
-2.954104535750123536e-02
2.419925244497671823e-01
-1.041673835114516056e+00
-6.512955907627264729e-01
-1.480973913543583320e+00
1.392929945115350954e-01
-2.287124275152635278e+00
-8.879079562976862627e-01
-1.942930716797761193e+00
-8.310687473683482374e-01
1.243229524459091406e+00
8.203272046737886125e-01
1.109701388677681644e+00
-1.177118242692090533e+00
-3.710184229314728577e-01
-8.555983567454396033e-01
-1.582585892725205667e+00
-1.616441929385252330e+00
-2.160193445747629060e+00
-4.548022737235204893e+00
-2.744686527205212556e+00
-3.200315612731114978e+00
-2.912411097996614018e+00
-2.372454842561560806e+00
9.015903221781790267e-01
-1.329468295934147504e-01
6.725003160882074837e-01
-6.416262795124417773e-01
-2.127850134429384088e+00
-4.832298978720094285e-01
-1.805025738651650835e+00
-3.229062570667309839e-01
-2.757907499514004712e+00
-2.088550212928589889e-01
3.739318061309896968e-01
1.234773438308917282e+00
2.612207275530907258e-01
9.904572596359197956e-01
5.882491621170236051e-01
4.718657965471098614e-01
-1.305073523946957137e-01
-2.197829243237311214e+00
7.106173042447569421e-02
-1.289469528367284346e+00
-1.052893476647272175e+00
-2.971568691969304510e+00
-1.865013916810373651e+00
1.631474172103568321e-01
-2.602665814894693952e+00
-6.955615242227246586e-01
-2.914193774640272405e-01
1.345976656020819728e+00
-9.317525092560841049e-01
-5.904935930094782348e-01
6.196185617326513961e-01
1.690613287118428176e-01
2.611720651270771909e-01
-1.333706289919116994e+00
-4.849850260084870301e-01
-8.949425839749286515e-01
-1.044151737851191974e+00
-1.830027904817836948e+00
-5.824946297100036530e-01
-7.316208647398383391e-01
2.042345951037287666e-01
-1.954393118651317207e-01
1.093280863976249684e+00
7.649404775723844807e-01
-4.906212206479879101e-01
4.967707704974034244e-01
-1.191835197302544003e-01
-2.048882007965977525e+00
-2.119590972888278912e+00
-4.819454678541227888e-01
1.807533745382945006e-02
-1.880322002819142246e-01
6.681118414537731143e-01
7.355891216584339309e-01
8.756595130110444991e-01
1.178468635417621257e+00
1.240774402161214374e+00
-3.849794144007355479e-02
-1.553699687542785757e+00
1.285142415400963023e-01
-1.097796613147470124e+00
-5.443257932160601165e-01
-1.793117602741654437e+00
-6.272055664325242030e-02
-1.523449625285394349e-01
-1.180029080115614221e-01
5.372004768299278865e-01
-9.490169178037712872e-01
1.654355764689889208e+00
6.420526553644276824e-01
1.011516053169059903e+00
-1.223623778298640552e+00
8.011097116535022267e-02
9.222945443436759705e-01
-8.699243115457934161e-01
6.239371036651269109e-04
-3.724807856790181559e-01
-9.295395516693837068e-02
-4.432533317314611976e-01
-8.439053095216167422e-02
2.001425447919475076e+00
1.725961320291868606e-01
1.013701870883018552e+00
-2.555014036675217759e-01
1.028041773781596335e+00
5.705055155301974601e-01
-2.362178240896009862e-01
9.327258527259868481e-01
-8.701607969515799956e-01
-5.511456515045178861e-01
-6.925922388555454390e-01
1.526049865750655765e-01
2.135158975774730239e-01
-1.349110249794302385e+00
-8.268593257214045256e-01
2.183961720838649256e+00
-6.945031094992136778e-01
2.865636005813161358e-01
2.868704604398968905e-01
8.142808356677389003e-01
9.099890075131051859e-01
-5.775868997218639445e-01
-1.950831482495229141e-01
1.378143975541181954e+00
-2.587058353533934207e-01
1.467273437917956669e-01
-1.142172991924307324e+00
1.220556718126881712e+00
-7.094384082604940911e-01
2.254549306421698707e-01
1.030255084720109321e-01
1.768907954849179509e+00
5.299485829180904384e-01
-6.820679953973109999e-01
-1.013856007986633223e+00
7.561441123293501099e-02
1.668458716351213011e+00
-8.481842388299488944e-02
-7.178463776593840828e-01
2.319150498672594152e-01
-1.990159098132832649e-01
-8.091234132862096251e-02
-4.222762185879740948e-01
9.202804658772461011e-01
-1.719057818263526605e-01
2.584253172337162563e-01
-8.224161608712662885e-02
-1.375636265327266239e+00
6.432365250578209181e-01
-5.359865932202164673e-01
3.968381054506670003e-03
1.436234658089053484e+00
1.287348644130171804e+00
1.429854597461886367e+00
-1.040177881197251963e+00
7.696111682356527872e-01
-2.645625281382862237e+00
1.001809593019123534e+00
-4.892847410015633836e-01
-1.035295318829941413e+00
2.086459544632055518e+00
3.841871781806914798e-01
2.057970539074825744e+00
4.338968398321431108e-01
6.859279339434674050e-01
1.540235938622974143e-01
1.912397284905258399e-01
-7.665626261791997909e-01
1.398873488481672922e+00
7.621031996432391376e-01
1.249742686347477427e+00
-5.393140388856486611e-01
9.759072606635750269e-01
-7.742227841869110394e-01
-1.380088021894364969e+00
5.540116404177846884e-03
-1.132129252139417952e+00
-1.252391763625462673e+00
2.204832948859341002e+00
1.332809228879498153e+00
1.139704753832512907e+00
1.121004298577363167e+00
7.871317079208784984e-01
-2.957522039640621547e-01
-4.711252327692618813e-01
7.482346729533823071e-01
-2.527015667950107125e-01
-1.003974151042627827e-01
-1.012422593255875164e-01
5.720594129474199097e-01
-2.663443391859828258e-01
-8.227292468109094203e-01
-6.300246904297986950e-01
1.348797655235035031e-01
6.345669097689390914e-02
2.024081494793812830e+00
9.821816826002216505e-01
1.597963230496046494e+00
1.039208097210875925e+00
1.813687674489267432e-01
1.491336371815347617e+00
-8.071536990170063985e-01
-3.155653356223533934e-01
7.470423166870264753e-01
-7.988061983420426115e-02
8.006341262401934777e-01
2.814654972499622820e-01
8.293398706655356056e-01
4.420885482745936512e-01
-5.373022844434121037e-01
2.255111624358828060e+00
1.496129823242925427e+00
4.859363567845638721e-01
-7.650878506875207208e-01
1.612453031774409906e+00
1.422011900385085070e+00
1.468918964367136981e+00
1.042989114207596879e+00
-3.896978634576213629e-01
9.331821238468072099e-01
3.571521016160508211e-01
-4.644439019379992262e-01
2.543665335558152885e-01
-5.545361973809195127e-02
-3.156685259633468243e-01
1.388327055041008951e+00
6.023164929624291730e-01
-2.870456181460037670e-01
2.492402256488298606e-01
5.335415251305769546e-01
1.475949931654051639e+00
5.535690150132553944e-01
-2.386949815391709862e-01
1.410616027081025514e+00
2.957590584342576268e+00
7.078408705413870017e-01
1.354542955678003979e+00
3.440887848169802421e-01
1.005572887460949749e+00
-9.951110870431352506e-02
9.231551767731417391e-01
-3.350588649596145108e-01
1.596327571476826135e+00
-1.056863913652166032e+00
-5.561147275416572500e-01
7.687739125841196453e-01
-9.296130592670575066e-01
1.284530011156042706e+00
-2.038666285473600848e+00
-3.811031710895126240e-02
7.459147842710661669e-02
5.909064301613957682e-01
3.488940895548805488e-01
-7.413990696482807286e-01
-1.495730013879112974e-01
1.837925526218912475e+00
3.089060335130973667e-01
-5.394182389384637455e-01
2.691542389765319010e-01
1.926092080294734485e-02
-1.132464146026111174e-01
1.528148446065422938e-01
-8.649015593811050229e-01
1.513644353478477589e+00
1.519014708636661659e+00
1.326175705944289129e+00
9.416788516233345341e-01
1.075835734348031369e+00
5.977436378999760880e-01
-4.836900813020173634e-02
-7.781232876148651556e-01
9.059976708658719069e-01
2.599428955490038634e-02
-1.373615103142795224e+00
-5.167780355584778995e-01
-1.796330061209633788e+00
-5.299275526730826700e-04
8.086105855018830280e-01
-6.536552075271415685e-01
2.293171210744713029e-01
1.400888932682264887e+00
3.060858113192233443e+00
-1.056383464081710022e+00
6.353520512696773093e-01
-2.843991100398438832e+00
-4.007087740226472627e-02
1.906615430242743769e-01
1.003322206358476576e+00
-1.464485045793418871e+00
8.822197203892421236e-01
7.635448768450463497e-01
1.032305741068121119e+00
-1.041540983890887340e+00
2.002634436245408711e+00
-5.794473787550824539e-01
4.310392776412141358e-01
-8.645262603205199070e-02
1.669045811130859924e+00
-1.783739290060573968e+00
-7.001508702915416604e-01
-2.979690056595615116e-02
2.159645713885093368e-02
-1.030004806184805916e-01
-2.711065040084230104e-01
4.229513833080151275e-01
-1.174123667718406594e+00
5.368467512645537232e-01
-1.540783980777616913e+00
-8.641463437382880253e-01
4.624027579158035417e-01
-4.009445762714296257e-02
4.562111312395193963e-01
4.845686070617440944e-01
-1.468681017441680225e+00
1.015007203730591501e+00
1.112662271626587429e-01
3.513668006843636508e-03
-1.652586414472355658e+00
-1.035690330180542462e+00
1.935146126152100354e+00
5.334340305285178996e-02
-1.006748503115490800e+00
-1.341104229197779718e+00
-6.381678047167100853e-01
3.567497042854192446e-02
-9.213658274714122687e-01
-2.492250452889467116e+00
1.731103272177645147e+00
-8.733753756291647852e-01
-4.497614712094477052e-01
-1.048575704517932111e-01
7.663862614851815191e-01
8.913025631107662772e-01
1.363182642023230029e+00
-8.394448043971596274e-01
-1.035144441871774235e-01
1.098459598460747921e+00
5.787854179086365791e-01
-1.964926570041020337e+00
-8.899895475982901871e-01
2.339792934287451831e-01
-7.532296134341716076e-01
1.074413708271616530e-01
-5.040746358808460004e-01
4.771612927181679842e-01
-1.711151259625596222e-01
1.835714523705519463e+00
1.423291422878503409e+00
2.163397147310746060e+00
-9.469739407076559479e-01
-9.225103379622007216e-02
-9.342716921427373089e-01
-9.434035854057829518e-01
6.883623188938335635e-02
-5.573989535205670087e-01
-1.606219393486997049e+00
-8.432035531803693251e-01
-2.132711876385164629e-01
-1.208979744411966317e+00
-1.953655395073473189e+00
-1.080674428364333473e+00
1.237540869747728145e+00
-2.525881356469937833e-01
1.536503011948296527e+00
-6.668926016735519102e-01
-1.388315482605496198e+00
6.253159592629504715e-01
-4.937449938674444705e-01
-1.613765777143093105e+00
-3.283095574032869890e-01
6.699688775038484811e-01
6.412933341190979464e-01
1.053016070086380651e+00
-7.565647781481222856e-01
-7.172455518407268027e-01
-3.436921943471335505e-01
-1.896829963652220119e-01
-7.350998871448075067e-02
-1.367811841811794604e+00
8.947583678093739001e-01
1.783422182888917962e-01
-4.952075433838368235e-01
7.652991796395272051e-01
-8.114047936609175560e-01
-1.616815024454675842e-01
-3.474993886859811254e-01
2.867002865821589586e-01
-3.277979166797177490e-01
6.877636328962943857e-02
-1.447284971331874726e+00
-1.374344360825904054e+00
4.451978139405457502e-01
3.646656999883419736e-01
5.587745262739421959e-01
8.945556261724875446e-02
-3.270584192543435909e-01
-6.265631026919055331e-03
3.957113124163781359e-01
8.116153563879540123e-01
-8.490179591721681573e-01
9.175965206494642867e-01
-7.279661141979283379e-01
1.762828129951756306e+00
3.986836972062221540e-01
4.175416818159718435e-01
5.635335142621904492e-01
2.155407676760497715e+00
6.828708458746867160e-01
-1.323993036646398780e+00
1.726962138569127836e+00
1.349295900626861222e+00
-3.760961632856291148e-01
5.095000196189500979e-02
2.150166155189828121e+00
1.950378830865110880e+00
7.730513395198350679e-01
3.264676647668218745e-01
4.393002152783025971e-01
9.027785586360455028e-01
1.281227024387640023e+00
1.155635162360786200e-01
1.364696299634558629e+00
4.541127285905092181e-01
-2.645041925687490192e-01
8.521692176291567611e-01
3.366402766326246354e-01
3.811518223420929385e-01
-9.875140541794213966e-01
-3.864197572421581017e-01
2.376714566386895627e-02
-1.390932874483308934e+00
5.262648642388890741e-01
1.094531591185729624e+00
-5.153706074671502435e-01
-1.362301158407905333e-01
-9.573444805460277207e-01
-1.388125300082212327e-02
3.570884769765145239e-01
-8.451505025668517579e-01
1.002060996540099058e+00
1.722097597027349103e+00
-6.258638230845599004e-01
-6.265359215920497382e-01
1.237299227448179106e+00
-5.987067685675342421e-01
7.546320325574065180e-01
6.656809928897557127e-02
-4.512667581790851812e-01
6.797125159751729040e-01
1.065329268928666195e+00
3.902625136418582108e-01
-6.396011459263022392e-01
-8.475498331847632905e-01
-1.775442782361206506e-01
