2.152823851390452958e+00
-5.223616555957213414e-01
1.768949874455808535e+00
1.046615741200188854e+00
-1.194654556633535147e+00
3.648615167259940811e-02
3.275168879223466778e-01
-2.866833282635204427e-01
-3.382544622486296504e+00
8.111962021782386234e-01
-1.142728275929274950e+00
-1.195588946986764878e+00
4.176263674690674499e-01
8.083974471801629313e-01
9.411506626308321355e-01
-5.987774878205261997e-01
1.614173020175989404e+00
-7.275421182709330102e-03
-4.445891790067689198e-01
1.131040019150249654e+00
1.146035248268024054e+00
-1.411689483923961541e+00
2.435892165548367272e-04
-2.204028201724980707e-01
1.840906809424556470e-03
8.531020993553195542e-02
1.884895221120694853e-01
-2.685607255833758963e-02
2.770466486712730436e-01
-3.962149250679204981e-01
-4.121327940944488621e-01
1.271221276391927835e-01
3.194627134375304656e-01
-9.596005410046090645e-02
-1.780353880465263439e+00
1.060190204054202390e+00
1.053296524288216185e+00
1.165855863410246052e+00
5.828187410580282224e-01
3.306172089719303792e-02
1.592592707344108183e+00
5.752183770775645133e-01
-5.504890431395642603e-01
-1.538582116819381396e+00
5.444349857725533370e-01
3.552455566243976071e-01
1.103540948488705542e+00
-1.374500784499833594e-01
6.399261219435971038e-01
-8.021751743217121755e-02
4.242090567157653647e-01
-1.171591044481839150e+00
1.504779036251419289e+00
-8.309591227223345200e-01
1.365256595122766203e+00
-1.482368531499232756e+00
-6.010241628084038723e-01
5.237332832361426549e-01
-1.008833163890798357e+00
-5.447335993564700329e-01
-3.071013372695522436e-01
1.640087727580933574e+00
-3.459040873734152144e-01
-1.279604444014060149e+00
-9.559110839482090061e-01
-5.734891846425729245e-01
6.811347112514957169e-01
1.052516712443303692e+00
6.585326793350380070e-01
-9.179383572037110861e-01
1.461960484863350063e+00
1.697850820907548519e-01
-1.593835067282345086e-01
2.533950271235144713e-01
-6.593226402323719704e-01
2.003445047384256661e+00
-1.355139837220112220e+00
-2.175702027488813084e-01
-1.664826755455857121e+00
1.953888672165131069e-01
5.283040681305514186e-01
4.439689244321346484e-01
-2.357175090653448879e-01
2.115702866685011396e-01
4.829618817559104271e-01
2.954194159550219689e-01
2.359654832832179805e-01
2.772326448582506653e-01
-2.432385465230162414e-01
-5.274692468406684265e-01
1.597968899069231730e-01
5.223444992066158532e-01
-7.541543551260673217e-01
2.942163542656099917e-01
-3.166275692524074814e-01
-5.894264540646855233e-01
3.801863792027129207e-01
4.760641318922029797e-01
-8.548572914242498211e-01
-2.090331688930612275e-01
-1.277058994023230420e+00
-1.187180597814451177e+00
5.109506742411114022e-01
-9.158528826492831065e-01
1.313645863993258445e+00
-2.420029613261217794e+00
1.119602284018953453e+00
-7.957148232471278337e-01
-8.799109483480016536e-02
1.716106100737553541e+00
-3.241197261302074528e-01
1.092580981960520781e+00
-4.608458556060120448e-01
-4.793489597017126097e-02
1.927739117265737379e-01
1.286704200090407646e+00
-4.040573048133507261e-01
5.715976585287356748e-01
6.007695975102754771e-01
-5.031853323024102487e-01
8.397796531397681008e-01
1.675602159475491071e+00
2.369202500081709142e-02
7.828438368254410085e-01
1.771629739833022882e-02
-4.905147769580365802e-01
-5.981642128991736529e-01
5.509517923119777727e-01
1.020024249303314035e+00
4.077225323377069999e-01
-5.000438523269008784e-02
1.157409022365926576e+00
-4.237580938264074448e-01
-2.755295161921129110e-01
1.757970913697252779e+00
2.716040557117493925e-01
-2.542591701985162267e+00
5.940735171927804537e-01
-1.023156990267392735e-01
-1.922895414090463939e+00
3.130454849370674641e-01
7.467322791241838287e-01
-1.215836519961036366e+00
2.013274716388705254e+00
-1.483662244011393627e-01
2.051686805683240689e+00
-1.223326489099542780e+00
8.457197782663400387e-02
-1.003760511877750394e+00
-1.079681202429298714e-01
6.628065954154858108e-01
1.317131222147118086e+00
1.252798812426305197e+00
1.553725810061779011e+00
7.844842210587952280e-01
7.609491559979822961e-01
7.322527182417848390e-01
5.265306464759180738e-01
-1.429558329745999279e+00
1.327663612114915806e-02
-7.280493367525932014e-01
6.714881782510672137e-01
1.603177716648335416e+00
-4.125445550449629573e-01
-8.137890420636982869e-01
-9.201925604093204036e-01
2.114561489877271605e-02
-7.209983319068566932e-01
9.623690458259284153e-01
-5.368527630029643616e-01
-5.262449077302152611e-01
-3.488820318381792851e-01
8.213973745164189211e-01
-9.772338296846974082e-01
-5.676612632706909967e-01
-1.065243278690948703e+00
7.520684495972183026e-01
3.227770285972290099e-01
5.100964785564671145e-02
7.166495294073913502e-01
3.153958259436902445e+00
-1.117436178450339046e+00
-1.098404124386232583e+00
5.188852672368714503e-01
-5.575337213847753048e-01
-3.449412846623343132e-01
-1.639505027223986111e-01
-4.367707622584139360e-01
-1.272718480734728486e+00
3.954976933806831907e-01
-9.685256711279502939e-01
1.738345169266670986e-01
8.682928293121481289e-01
-8.870977609339790737e-01
7.257165128499980244e-02
1.655697476730691176e-01
-1.164578193114450100e+00
-1.627128375711197616e+00
-6.694189411836973802e-01
8.030182915051875536e-02
-1.682725210245369585e+00
6.062832643054110182e-01
6.971625739665773258e-01
2.686981540621011799e-01
1.209805848550759011e+00
1.171645507336213088e+00
9.822175453251112964e-01
-1.348067933905261473e-01
7.315596619824896729e-01
2.136424243059145411e-01
-1.474525875023515453e-01
-1.578181550548692635e-01
-1.728280022360305201e+00
-2.623360963349412600e+00
-9.449952148914654293e-01
8.043121313052693511e-01
-1.771376904749579317e+00
-1.098722450285966490e+00
8.487124460142039251e-01
-2.446224921666568727e-02
-1.057593539186155063e+00
1.285887768593846903e-01
-2.330500139776989776e-01
-1.111513389250489370e+00
8.792502168529854611e-02
-1.109043646228809132e+00
6.978017717355518013e-01
-5.837057103192411223e-01
-4.134694401450779155e-01
-2.322838795531758926e-01
-1.057875314298402758e+00
-6.727423147475495302e-01
1.226868508230388732e-01
-1.951133540161975155e+00
-2.296284143788574816e+00
3.275524568496760436e-01
-1.000173884665619850e+00
1.063544581183070159e+00
-7.656877698843153057e-01
2.071771229053418206e-01
1.629147600857099309e-01
5.340821539282147867e-01
-3.321467158049768442e-01
-5.892729571378325648e-01
9.303424809812673724e-01
2.242930246201742805e-01
-7.823618913444672085e-01
-3.149252202012108870e-01
-6.425873535328584518e-01
-4.286587935508435199e-01
-2.800684304271801595e-01
-1.345260269913349571e+00
-1.418648215891332498e+00
1.326283734137088777e+00
1.667119993741000394e+00
1.400039957539331414e+00
-1.029995097765470824e+00
-4.217421251527984083e-01
-2.488364584990431450e+00
-1.939863908252220881e+00
6.016977093952514677e-01
-4.921003167142485868e-01
-1.191285634807671912e+00
1.810011400710486829e+00
-3.682263721179485083e-01
-6.674646473263093870e-03
-7.526560706240267296e-01
-1.997044459933813743e+00
-1.105974569560538301e+00
-3.193885051395209396e-01
-1.351700679332655808e+00
-6.440315643582172900e-01
5.882737737571761549e-01
-2.330760373715567435e-01
-1.306655234573993907e+00
2.073716941494257338e+00
-5.904885568755731118e-01
-9.349610311946301433e-01
4.642400085909861862e-01
1.010699648433081910e+00
-2.026793986924885216e-01
4.004592734520955322e-01
-1.281170540994582274e-01
1.432251237803613964e-01
8.417557557565192861e-01
-1.469995263512623440e+00
8.283899902861675546e-01
-1.002586337934931127e+00
-4.914454912793104757e-01
-1.365820395190848524e+00
2.065229334548940865e-01
4.235622476605464537e-01
7.345482937793285094e-01
3.936201978232476417e-01
-2.343317262464117076e-02
-5.505802242946922220e-01
-7.236908379519677581e-01
1.208357742087775855e-01
6.690478156084896932e-01
-1.656278907944788381e+00
7.560395734712977989e-01
6.681155283372017806e-01
3.586096424692898910e-01
-6.567873596204729658e-01
8.847450419167712798e-01
4.512472854921952270e-01
-1.090596043620725597e+00
-6.071965810476109837e-01
1.896978217211298945e-01
-1.031119302156772832e+00
5.889818268431378234e-01
-6.627939130571574022e-01
7.151416612689659447e-01
-6.328753879744104527e-01
9.641177384311832022e-01
-3.357512482732074033e-01
1.291678900755109050e+00
-1.197555446880284480e+00
7.892161795421895887e-01
5.990272131349842939e-03
-1.801203658668629748e+00
-1.723441349734382566e+00
-3.622851098566730599e-01
-7.639067107684798241e-01
-7.301048757501208408e-01
6.382110215118436125e-02
-2.166459143805805898e-01
-9.214194574845880892e-01
1.632767344573966828e-01
-1.735353441112335471e+00
-3.775257154495186840e-01
1.607609835402777465e+00
1.198474232129207229e+00
8.914187564483060378e-01
-6.904442509818624618e-01
1.159406891191053640e-01
7.898287162191462984e-01
6.195922969705195404e-01
-9.966077161948615482e-01
1.368003159797998469e+00
-4.206939880632867834e-01
-2.066309041705028715e+00
-4.126679284485990085e-01
-8.829778215483033987e-01
2.137881336134687393e-01
-7.088707967940212074e-01
2.020914455071620708e-01
-2.668034082361286696e+00
-5.595320681477803371e-01
-7.869571648665103503e-01
2.693814362841706611e-01
1.345607831710288194e+00
-5.865046513231548797e-01
3.708868053620030247e-01
2.362862618727478825e+00
-1.559377669944625566e+00
-5.308908385443211753e-01
1.474805235577824281e+00
1.980835198702672217e+00
1.537754335556240193e+00
1.534765900497131463e+00
-5.754298676927606104e-01
1.341147574635595197e+00
3.158378641979734947e-01
4.443568368118724354e-01
1.105454342867997042e+00
-6.500498320460934565e-01
1.418543658848924610e-02
6.521196434367424466e-01
1.796746911357625986e+00
-5.149052679226375773e-01
1.103814868684114492e+00
3.336331706189479274e-01
1.026786916179427189e+00
-5.535167127714031299e-01
-5.905234348459259541e-01
9.456934572642178294e-01
-3.999505776156508929e-01
-1.518535097944429646e+00
-5.901353905200846794e-01
8.542937833345126686e-01
1.229249800280098226e+00
6.164820460477078434e-01
-4.227772041309506568e-01
-2.310308714200444147e+00
-3.759840640087513952e-01
-1.539963540941989562e-01
-8.797388509487132913e-01
-5.570696645542685399e-01
-2.724148755946732489e-02
-9.262498319902781052e-01
-7.462318315058561469e-01
-7.829025107844835851e-01
6.223120216096825752e-01
3.603554715171729539e-01
1.879062743256487478e+00
-1.020624332776675525e+00
-2.123988422393781050e+00
9.734615276845328680e-01
6.103651214790013491e-01
-5.710825240401381508e-01
-1.020988590670438123e+00
-7.643103468550798141e-01
2.076515330704460816e+00
7.160058327417345714e-01
1.298164150895628088e+00
-3.185932878333361251e-01
-3.927376924243237144e-01
3.394778906103590455e-01
1.995117191990070094e+00
4.565640199746184846e-01
4.077139844364086607e-01
-1.529366289797593703e+00
5.531224442453005485e-01
2.046627941279182961e-01
3.808871200957689163e-01
-2.898220476169710569e-01
-1.162549793385746627e-01
-9.352072420893308147e-01
-2.892756252427335362e-01
-1.663207203872072437e-01
-1.483532862970198041e+00
-5.022273017643017479e-01
9.607900822191894896e-01
-1.310540302217328756e+00
-9.577574195438084415e-01
-3.464175901328409024e-01
-1.522341402698415447e+00
4.409727885133731262e-01
1.469572630516492173e-01
-1.295163575571465442e+00
-2.162712546042986073e-01
8.077906488288147946e-01
-4.813519159271015813e-01
5.419161934236739198e-01
8.054033129273061586e-01
-8.916475228789888519e-01
-3.189148573722203756e-02
6.279309284147942538e-01
-3.029785774448391922e-01
-7.957160761703331309e-01
-9.639119982961630306e-01
3.932584491196056686e-01
2.025941527090872607e-01
-1.405972104321814298e+00
-3.881090386716204987e-01
-4.732695250610061688e-01
-6.909005112278556737e-01
-1.831341561162490583e+00
6.963218102905788243e-01
1.205977777512445837e-01
-1.659281471460267943e+00
7.018158535519111174e-01
-7.256035425664506544e-01
-5.082726367427239378e-01
-7.154797636329807142e-01
3.622834169316702657e-01
3.459913446656406877e-01
-6.379345338363549001e-01
4.087322016734517560e-01
-1.374325741049047922e+00
-2.073228203850439488e+00
-2.893983238036167416e-01
3.416376137912401599e-03
1.278663712876535907e+00
-1.059562443420316802e+00
4.232942829443308574e-01
9.886686795514901815e-01
1.525432093805249467e+00
5.864160681731960256e-01
-5.410724023741815270e-01
4.768688519699505746e-02
3.849151372807103066e-01
7.783202306111962621e-01
-2.441617548614632704e-01
-2.786114730433327247e-01
-1.523684626224779848e+00
-1.600121616288481929e+00
-9.159047854544311029e-02
8.594552287759268383e-01
-4.968871730395719166e-01
1.122374312019992493e+00
2.521454639638765795e-03
-9.286675310776438819e-01
-1.452951604996896018e+00
3.332698547060070071e-01
-6.573642506511596650e-01
-5.414689089174921088e-01
-9.221436686834891816e-01
-1.259566149457413686e-01
7.210852371299403263e-01
-1.178753250967081501e+00
1.328022058711130660e+00
6.858995990974559032e-01
-1.449703187516848013e+00
7.301055618188682095e-01
-5.670531100112184975e-01
-5.034758257319976726e-01
-9.590651360224018429e-01
1.408042017952331193e+00
2.442058030122858270e+00
1.337088711161253385e-01
-1.957467053665884818e-02
8.878724975836121969e-01
-6.063399980268765477e-01
-1.691149143637791896e+00
-1.588466960797247640e-01
3.708338131745233524e-01
6.648805296708520940e-01
-5.663849863834534704e-01
1.004315355052846748e+00
1.146238589149316534e+00
3.726787153388836926e-01
2.205813075548740620e+00
2.095884401446594048e+00
1.408768646840857786e-01
-8.041836255885873586e-01
2.247370674414842784e-01
-7.414219941230941469e-02
-9.921507741914967204e-02
-1.523342109528509347e+00
3.926754700971878120e-02
9.278728950324734159e-02
-8.933879196654617161e-01
2.030162195957641913e+00
7.246814715635202520e-02
9.035853793098769238e-01
4.260194709148338310e-01
5.419291922762617952e-01
2.417199430025925633e+00
-9.792651220662148548e-01
-1.287395495766886055e+00
-5.817994353391044843e-02
3.582179847755792013e-01
8.814009544314640454e-01
-9.761330671454756525e-01
-9.553671994593040950e-02
-1.552854304332893953e+00
1.370947201687057193e+00
-1.884313569555537138e-01
2.304094183377122906e+00
2.659003700168125622e-02
1.024357803608032386e-01
1.033176920487640205e+00
-5.578416377121694913e-02
2.223227365497028873e-01
9.158565876348393475e-01
-2.978579441131897987e+00
-1.616813029030792215e-01
1.930418701388926239e-01
2.521622797136765515e-01
1.007121569280873263e+00
-8.255348735871427257e-01
3.965666660968307222e-01
8.148799932037039673e-01
1.173306514220464836e+00
1.333356797109225556e-01
-3.092241233145044399e-01
2.160037011059373846e+00
1.020703383762446625e+00
-8.464556759913238748e-01
-2.511751767449523220e-01
-6.642826111940217659e-01
-2.260220097848180121e-01
6.437233218931952550e-01
1.546406123453142989e+00
2.209285117040624413e-01
-3.624502692321324715e-01
7.881640249769041040e-02
1.590106019307215846e+00
3.687142102813842914e-01
-1.873731617774321290e-01
1.204482336833218037e+00
-5.266874752494528078e-01
-4.584983565669378813e-01
-5.392343027500386965e-01
4.331011975928083513e-01
-1.913890499552696189e+00
1.438176858057066632e+00
6.074754320855763057e-01
-7.374060614764387234e-01
-2.352142837720725854e+00
1.479219049771538730e+00
-1.786742020210234649e+00
8.850877973940345089e-02
7.032594660872030223e-01
-1.546080945519279881e+00
1.125062466673106693e-01
-1.016586397769994876e-01
-3.544062646663951877e-01
-1.333264512047549477e+00
7.805324456646105524e-01
2.017466211427801692e+00
1.174537127201342512e+00
-1.112484385570544493e-01
1.535033647819769698e+00
-8.312529294194986873e-01
-4.108781868813024540e-01
1.986268960292299157e+00
-4.286374207175126516e-01
1.270181065407931298e+00
5.244961665890570668e-01
4.115911108236788851e-01
9.924415682885807943e-02
-4.485721565994078563e-01
2.457517940649645460e+00
-1.357082726664100569e+00
3.083332674067303381e-01
-1.012107684981013334e+00
1.855737406754787822e+00
8.923163634226015661e-01
8.458156420370178952e-02
-8.901952595679417657e-01
4.174886204043138371e-01
4.045695124994286296e-01
-1.380768884769928206e+00
-1.250576966099207654e+00
-1.889548731823884387e+00
1.131414005227134867e-01
-1.971182903169785838e-01
4.093334020886281177e-01
9.563701736117988239e-02
-1.254762521328196767e+00
-3.210770034835487841e-01
-1.799013720372833580e+00
-1.284883610925954489e+00
3.158891602101257523e-01
-1.118729624347391871e+00
1.139652970495223849e+00
1.056990966240491492e+00
-1.102515331678093125e+00
-2.303267740430953170e-01
-4.442014830446533447e-01
4.621594771138686220e-01
1.460209777066064252e+00
-4.031280610837225109e-01
1.296668016188651684e+00
5.075711580539892243e-01
9.809265386775914974e-01
1.183856080172607517e-01
3.389965682410217562e-01
2.375256040615608966e-01
5.220231417212085612e-01
-5.779241886758027524e-01
-1.975896511415267787e+00
4.214372903261058290e-01
7.214365035325071007e-02
-1.163670913728487299e+00
6.646649281715250046e-01
-7.499966494879880541e-01
3.534912352468879138e-01
-7.946390998547245843e-01
6.640659668926391923e-01
-1.451739600318502355e+00
-1.331360234572321444e+00
-3.223468624023562157e-02
5.638413352204232343e-01
1.431922999281198150e+00
-8.851419767794383997e-01
2.621587159705456860e-01
7.277757682951666585e-01
-4.548364818007054056e-01
-2.451443021766169572e+00
-1.335660365484260037e+00
-4.189215822979997644e-02
2.149531191927829821e-01
1.409458667022967848e+00
2.181164104675304305e+00
9.861790520834786689e-01
4.448589177281915830e-01
3.821916438447505171e-01
-5.749053856486807668e-02
2.016609230495043370e+00
8.447910069486049833e-01
-1.433239648866869276e+00
1.286867044554153683e+00
-1.226184793470763479e+00
7.437551977349022847e-01
1.590985518493662210e-01
5.043382759292012185e-01
-1.516060784747799373e+00
4.578494123221240608e-01
1.089235846386422457e+00
-2.042430329462376459e+00
-3.043820019591798598e-01
-1.613727889910698821e-01
1.566760874449839802e+00
-1.003760268282910095e+00
2.191720138134735651e-01
-8.393575799396243986e-02
1.845713017585504323e+00
4.071867207835946356e-01
-6.458281202641816265e-02
7.035956717900748725e-01
-2.904704941902848114e-01
-5.307529596770973468e-01
1.349587042100374168e+00
-1.937065797395876698e+00
9.712919555228063384e-01
-2.912124853749323283e-01
-1.375215224785532486e+00
-6.491032535308369766e-01
-1.877941568108828785e-01
-1.174516152996005314e+00
-1.254786842699347371e+00
6.018554199996184462e-01
-5.029068843668162980e-01
-2.844110504901587455e-01
-1.558427755882366039e+00
9.493775706150976434e-01
1.826514985251605605e+00
-7.513874977079082473e-02
1.190044120894746982e+00
2.158156067033631942e+00
9.601072710107145802e-01
2.685931689643727971e-01
-2.805200251169138667e-02
2.493503748014742061e-01
9.757260652659889288e-01
-1.862613288411368639e+00
1.838867827257222309e-01
-1.089844005976753349e+00
-1.072812240146587159e+00
1.393625051844455065e+00
8.473234876959592210e-01
2.530534621964695141e+00
2.206061006780577483e+00
1.321549422928316453e+00
-3.555956864806291695e-01
2.870141265349404058e-01
-3.791284123826147434e-01
-3.053183961721412376e-01
9.931182577898645114e-01
1.535183237515360677e+00
4.676164271761475144e-02
-1.210945751141089266e+00
3.713088865969421670e-01
1.549592414342101598e+00
-2.086039148543707700e-01
-9.522976259908528807e-01
-8.061909633575875533e-01
-1.096861544828043655e+00
-5.330817040335729118e-01
-3.941070777430378258e-01
-1.638590586350663125e+00
2.713588697403699346e-01
1.128079210794941667e-01
-4.372953829038830897e-01
4.138576582457394182e-02
7.858638425596441435e-01
1.057620184175970035e+00
9.233399494897480686e-01
1.530615428631314723e+00
1.360226228618812705e+00
-1.024237234887637849e+00
-1.853315927592880552e+00
1.010794095776405666e+00
4.573516319253036477e-01
9.754171027414633155e-01
-7.765431979037670240e-01
-1.132101150324498207e+00
1.488001938808166225e+00
3.419933992980613291e-01
1.112952300634398872e+00
-1.113217894639037808e-01
2.624167299918125362e+00
1.678886935891586996e+00
-6.215684826785238259e-01
-6.528851410861261639e-01
6.161143261392650894e-01
2.326878681845896690e-01
1.052574649902294546e+00
4.509850237956706809e-01
1.722278286566780503e+00
-3.249303648485546425e-01
-1.159229665778335860e+00
-2.422175357402103490e-01
-2.311305959660443499e+00
-1.965445056026508541e-01
-2.261404460397017147e+00
-8.481795375057582520e-01
1.522860951720566236e+00
-2.239488960197702772e-01
-2.602487519390169757e-01
