-1.449533226819714749e+00
5.560418891282493670e-01
-1.140850113094787011e+00
-3.573499347817419847e-01
4.271306065862913393e+00
-3.382707643273479281e+00
-1.400470556906172614e+00
-1.698665287326740270e+00
-2.029887673880496735e+00
-2.171626995417436756e+00
-5.963766988087932930e-01
-4.071456779728591435e+00
1.015669690591498808e+00
-2.472732449107402530e+00
1.855025388889925519e+00
-3.195591326970956270e-01
-2.931329886340149571e+00
-4.684505545642326574e+00
-2.927782889731957106e+00
5.930861541248632740e+00
1.373965509142173191e+00
8.013861749685889935e-01
-2.562859466623365279e+00
-4.612649180690117312e+00
-1.505421251887340883e+00
5.894730379190293856e-01
5.548837288023993786e+00
-6.345680348726149056e+00
-3.196557230012828654e+00
-1.362077712892303394e+00
