-1.107307129821233582e+00
4.007833789142802305e-01
-7.972191481234710553e-01
-1.192318915286363801e+00
-1.408737977430754018e+00
-7.395594513729976116e-01
-4.763942987194749040e-02
7.156150161708865198e-01
1.043516893762242298e-01
3.431015696548802563e-01
-1.243769509632285247e-01
-2.058381502505464700e-01
1.694378633792441802e+00
1.446215382396368598e-01
1.173591553099223805e+00
-5.984902661021228587e-01
-4.658785787039074200e-01
1.262055398692115471e+00
-1.577739718817547931e-01
1.337497746499773099e-01
-8.450152222516525979e-01
1.504630369463345163e+00
1.226698739153890827e+00
4.655538220670062954e-01
8.500805311869149561e-01
3.372209832094281712e-01
8.764773352581126664e-01
1.223113595567835166e+00
-1.158221027901891187e+00
2.623852794217994555e-01
