-1.076240292969865342e+00
2.051903233824688311e+00
-1.384362171734270452e+00
8.966638729463245472e-01
-5.102959808060374414e-01
3.661091706955732494e-01
8.898273955515909606e-01
-4.674464097356474945e-01
9.995167791981512950e-01
-7.228509479380583747e-01
8.776647447549718040e-01
2.590384958124961057e-01
4.345465499807714682e-01
-4.126047439787139393e-01
1.118221095766453121e+00
2.012555007666967377e-01
-1.969928084584599448e+00
-1.784694960865408797e+00
6.215135796227024834e-01
-1.123968550732096450e+00
-9.106803240355476614e-01
-1.961838395645081612e-01
-1.864335053332360770e-01
-1.903935500030531358e+00
8.791427789156081030e-01
-8.433764473820994090e-02
1.252645289198628387e-01
2.251228673465324459e-01
1.371066031779250238e+00
-1.306047315423138455e+00
