3.499606833822389157e-02
-6.555984438849692397e-01
8.624311953805215980e-01
3.288059108860940105e-01
7.082366365502645866e-01
3.849886325596731385e-01
2.281115078141802144e+00
1.639964756782013033e+00
-1.794722013903705005e+00
5.979524378919041094e-01
6.207329720113188287e-01
-4.008286012293624800e-01
-6.985205805230543241e-01
-1.333233777615921989e+00
1.765167992165339816e+00
1.039386577420835955e+00
2.459719196556959364e+00
-4.666022474670808440e-01
-4.799376570368790729e-01
9.531396317607963020e-01
-2.442214928325993628e-01
-7.195019094526611259e-01
1.150716757354503794e-01
-1.409589454695493460e+00
1.626544514123019702e+00
1.212685338914327060e+00
1.846583275090297960e+00
-2.482946271892516321e-01
-5.940827721149489760e-01
2.238077668761525807e+00
