-9.503416058725462356e-01
-1.288158758265897097e+00
-1.277539315589996560e+00
7.226369044649767481e-01
6.641969467958419582e-02
7.797823378488893953e-01
1.471832703716663415e+00
-3.682051630312305757e-01
6.374644168746210204e-02
2.955208602188752476e-01
-7.485274025631399875e-01
1.892331077188801336e-01
2.878576224926520655e-01
-2.554713783959155382e+00
-1.801881975300891892e+00
1.041883086405217984e+00
-1.923860657843036837e+00
8.267418973205726829e-01
2.948158379614934099e-01
1.530018333001192388e-01
2.040254908031722714e+00
-2.096892053681703505e+00
1.969943894737861134e+00
-6.815293237728252407e-02
2.207659350851572277e+00
-3.663160874458799565e-01
-8.242610866205304920e-02
1.691032030840650791e+00
8.842921057091319703e-01
3.571695946923527654e-01
1.615704789323483936e+00
-8.720100982878232765e-01
-1.094526207889590319e+00
1.224939300700727540e-01
-6.755530002550191870e-01
-1.216635332492863819e+00
-7.844036354928596300e-01
-5.282069260251514020e-01
7.941731860382417185e-01
2.828048396732057990e-01
-2.308039980546098269e-01
-6.760087264434009313e-01
-6.813533765688756239e-01
4.702726683389240048e-01
-1.095596249766858321e+00
-3.363510649484941495e-01
-7.940425935471765451e-01
1.547877702638533748e+00
2.331897454481912657e+00
-2.383701968448759950e-02
2.897968429560961456e-01
-2.034087636356236573e+00
-1.774726913471242673e+00
8.831543485518599246e-01
2.252566920172170695e-01
-2.233796089821646347e-01
3.270424349373344808e-01
2.842140523701562227e+00
-7.976803999423069946e-01
-8.124752950418492325e-01
-7.199513863467126296e-01
-3.349538024662527813e-01
-1.308695640160327800e+00
-1.192701128699097612e+00
-3.722809276779424081e-01
1.103886600151204433e+00
5.150843362944756976e-01
1.167944182775236817e+00
8.308591169259634812e-01
-5.087117590584929738e-01
3.003776623976839311e-01
-5.271148765951374354e-02
4.510543404986826904e-02
2.786621752483253167e-01
1.216844521048227934e+00
1.276997244025120715e+00
1.450793078667355518e+00
9.168752591329468737e-01
-1.056020849713788623e+00
1.308466605691616991e+00
2.912175937623639466e-01
-2.743264665697904836e-01
-3.641894183831877463e-01
1.281088963208544929e+00
3.766460871896876172e-02
3.464143416543984944e-01
7.993521627361420689e-01
3.859910363984739856e-01
1.296828122433723918e+00
-1.079576459936628208e+00
1.807192366853145993e+00
3.485039850946839435e-01
1.197145929252619201e+00
6.509975431944325930e-01
2.540446151651965523e-01
3.730613811538777691e-01
1.693019913250949582e+00
6.128029026823943459e-01
8.636803971013374825e-01
-1.388992467991294832e+00
4.604831124726479485e-01
-1.827168542514691296e+00
1.199297320919041399e+00
-3.511378085133077254e-01
1.450975273642690633e-01
1.230413245496657648e+00
1.114084124950392329e+00
1.375793466426254330e+00
8.102767884860502257e-01
9.216243856556396441e-01
-1.094465394860612673e+00
3.019992352694043092e-01
-1.786001718680723938e-01
-1.467775998050601327e+00
-3.378299952128612227e-01
-4.590748487090133834e-01
-2.152637277140074246e-01
-1.362196297251826727e-01
-6.205048876160461635e-01
-1.510250106810630787e-02
-7.274889386355428700e-01
1.337505265378575059e+00
-1.085454068144700468e+00
-3.216749114951686361e-02
-5.706276547926532050e-01
-1.269155985833805511e+00
1.118645902709791029e+00
2.613502545398426954e-02
2.423610215578068938e-02
1.741178658946541002e+00
-1.111304476711681311e+00
2.108288169210763119e+00
-1.562766828181347545e-01
9.429618218022395304e-01
-1.343405865024345447e+00
-2.390175650823368247e+00
1.719322666626194041e-01
-1.875037048490556302e+00
-9.599989707645325762e-03
1.802214828648841971e+00
-3.678720791066277807e-01
-1.515625673420451180e+00
-3.608182163583986777e-03
2.644937132871484284e-02
-9.723464069667799858e-01
-1.279028645789135055e-01
-2.057754238212763820e+00
-1.088023168719061795e+00
-1.078702333648846823e+00
-2.606514969026006989e-01
3.478543247617438827e-01
-1.235111267190038609e+00
-1.227442268775968071e+00
-9.047771867917657473e-02
2.400679571351185260e+00
-1.293840243235363729e+00
-1.928849774209425716e-01
-9.079267029335854611e-01
-1.776897424619703070e-01
8.950324597069730936e-02
9.651926981301190978e-01
-2.894670121494403170e-01
-8.368172660917218009e-01
-8.928258313186253625e-01
-2.061231181024797632e+00
4.172016063491339466e-01
-1.420035276260209089e+00
1.339164683820371460e+00
1.530411129202611020e+00
1.956037504487968537e+00
3.262171544695733894e-01
6.537832649021674269e-01
-1.098814754224050283e+00
1.172980268386849545e+00
1.612569282919551705e+00
1.850490236478795625e-01
-1.176421878356040507e+00
1.309258705573677961e+00
-1.041434600348933037e-01
8.196498023665693688e-01
-4.720492877166243550e-01
-1.149005219112040566e+00
-1.929012927309100567e-01
-8.546210993994445282e-01
6.380886014448707844e-01
7.662382566009487972e-01
3.137777877938858762e-01
-1.337633119414123606e-02
5.610797089297836493e-01
-5.143284057208988846e-01
-2.131014156660902437e+00
2.150368706634400162e-01
5.494688742626754330e-01
9.932354915978989229e-01
1.327094721701901570e+00
-1.103903548867526840e+00
3.350756731436467795e-01
1.817771948335064058e+00
-1.609422113438654822e+00
-3.033159702229404897e-01
-2.990539208140801167e-02
2.521783151891621166e-01
-2.978359738806831691e-01
5.141882060482916295e-01
-1.010199908023340143e+00
7.816697944166692835e-01
-4.584046454658650682e-01
-1.221358000129492832e-01
9.084457355359000230e-01
-2.151176505062681432e+00
1.003991416764024702e+00
4.052176187668132257e-01
1.965544071407495930e-01
-1.564681746463750134e+00
-4.542510302199084804e-01
7.758905714830578448e-01
4.038239540038486286e-01
1.637433066636434509e+00
7.989409197935359863e-01
-3.590035360219800409e-01
-2.683274256207090480e-01
9.179266164812394102e-01
-3.838743823473265704e-01
1.063231288042679745e+00
7.013740653867568398e-01
1.804023632730768767e-01
2.777660618708946982e-01
-1.434008004218023137e-02
-1.603604291880069033e+00
-4.631040095315377414e-01
-4.863656931271712613e-01
4.528515169618894942e-02
-2.125815448722670364e+00
-4.650147597007631695e-01
1.439629102866104571e+00
-5.423022413944037501e-01
-9.441822780628260636e-01
-9.533964498272853305e-01
1.243833777586741407e+00
1.463577233844483461e+00
-1.308621234732946448e+00
2.162237276278215214e-01
2.125378671653649632e-01
4.355956304451906458e-02
-6.075071283575762295e-03
-8.807571334076481628e-01
-1.750863226749467483e+00
-3.029371879229145192e-01
6.960767710191609892e-01
9.919028766976911715e-01
-5.278544651267393917e-01
-2.333225942929338381e-01
1.465196743575543303e+00
-4.599490170018621371e-01
-2.734940759906706043e-01
-1.024958935323565745e+00
5.596999082312619223e-01
-9.274371432886406863e-01
1.033793880545071486e+00
-3.133748805696490169e-01
9.953117964199206247e-01
-1.866372318175532286e+00
1.977616195010436728e+00
-1.577197223856535935e+00
4.185671322119346449e-01
-2.998583477725340618e-01
-1.548916888395471814e+00
-7.526358984149137399e-01
1.332080961257511853e-01
-1.445885872272270056e+00
7.729029598055422445e-01
1.239483832869230806e+00
-8.783986526661230476e-01
-3.022739353077125157e-01
5.451494155454137402e-01
5.493189658058319491e-01
9.960820288945236856e-01
-1.809034337061735886e+00
1.367993561154889681e+00
-1.393232806009035762e+00
-1.274948171226168103e+00
-1.046814835908246533e+00
-1.395609953358502020e-01
8.509351677964586136e-01
-7.496563118246606372e-01
1.285016344163913971e+00
8.429404938579162510e-01
1.550886264627100886e+00
-8.548519230287502380e-01
-1.037058322695133677e-01
-6.252231111458480539e-01
-6.122625496822766689e-01
-2.616574633225376978e+00
-8.409729141568103028e-01
1.689731255384299691e-01
-1.775247039932702720e+00
1.256347685528138580e-01
-4.532747534432138292e-02
1.138322288533103022e+00
-6.521822555489080464e-02
-2.051822599910715639e-01
-1.629492093022845589e+00
1.286652010002257818e+00
3.010774147054477434e-01
-6.413383489692112693e-01
-8.141452918340544853e-01
4.678930280449458690e-01
-3.340758098668348830e-01
1.569637067562799304e+00
-1.243333825607643384e+00
7.590045624755260845e-02
1.361233378049935494e+00
-4.242415992418130388e-01
-9.880673320557166184e-01
3.784164334863762691e-02
4.219551351432000996e-01
5.612539968011833746e-01
-9.967048900260414568e-01
1.078283556660379450e+00
-2.469394185981399925e+00
-6.231616221465582361e-01
8.331157757201570480e-01
-4.429711710576355599e-01
-1.453528839423265495e+00
-1.690873518486814275e-01
-6.984276725548964615e-01
-6.361182735023251933e-01
-6.716365334124841935e-01
-1.694949990399561957e+00
1.116676779174646139e+00
8.831884978060710045e-01
-1.436215351546260566e+00
-5.137156969057723455e-01
-5.768482484575055969e-01
-7.546818378409414496e-01
5.219165121821178754e-01
-1.003363000882243755e-01
1.411759212543663100e+00
-3.296128163973109926e-01
1.114594008551069049e+00
7.368031223180464273e-02
1.157711172516604714e+00
8.946813922996366131e-01
-5.651780999227034030e-01
-1.310520196471227417e+00
-6.854684460358223541e-01
3.129741815204686306e-01
1.273686137378581551e-01
1.726693138469179434e-01
-2.484765002129798728e-01
-5.691986644391296979e-01
6.834248490372498708e-01
-6.493892257927110778e-01
-3.012262788733536811e-01
-2.391307335713807714e+00
-1.263990726733173142e+00
-1.479639494700090596e+00
-7.656495862064843783e-01
5.030148246735646200e-01
-1.747196672969498765e-01
-1.312187985946997593e+00
-8.872085959063955585e-01
-1.783759268607540527e+00
-1.183024102903273089e+00
-1.123640667250700859e-01
-8.085744897622302307e-01
1.398682793209651498e+00
-9.216903592627888331e-02
9.375455746576247806e-01
6.571843359318946254e-02
-1.132657830513511543e+00
-3.732182217127712476e-01
-1.502498623241361519e+00
1.707086457403235835e+00
-1.692004844791789031e-02
8.425279487562674641e-01
-1.069677792615479017e+00
-1.271754539007795115e+00
-2.548793571440788774e+00
1.450307352518013237e+00
-1.177843047944867882e-01
-2.743259427606607459e-01
1.258992076824511752e+00
-1.120605268672618449e+00
-3.790734874836634294e-01
-1.985159582736196304e+00
1.807054169617773098e+00
-1.849547863378205870e-01
-7.096306610524198977e-01
-6.372679957710604415e-02
5.425845920967780067e-01
5.179923336308878135e-01
-1.300709866527666625e+00
7.379673682956765512e-01
1.796424261150200430e-01
2.462237328952563975e-01
-6.833470008782553951e-01
-5.563560995832033118e-01
8.184335047392157780e-02
1.099504391780495416e+00
-1.264144061312973966e-01
8.614683510909217912e-01
-8.942117048337898388e-02
1.368360338183938485e-01
3.282235638159385072e-02
-1.537141269317810144e+00
1.340635106247499930e+00
1.262404151750729231e-01
2.660004489607542891e-02
-1.103674661727638506e+00
1.187194500694144006e+00
3.794607375641475544e-01
6.350482130167127703e-01
1.298979513942435160e+00
-1.626996684432879814e-01
-1.640630773525353636e-01
7.919552307014473547e-01
-1.613296178781336021e+00
5.915473483212914108e-01
-1.095307464014184884e+00
3.311676027374138576e-01
-1.284575076783467829e+00
3.340852025158660976e-02
-1.202311598216840638e+00
1.192405466787605617e+00
-4.872398852091051058e-01
-3.174609151472048696e-01
1.641469637646758017e-01
1.598349043839018435e+00
-7.331243442255263032e-01
-3.410182612254454571e-02
-5.472852690728684522e-01
-8.658003568154223339e-01
-1.000006544646322437e+00
-2.125787040081668910e-01
-1.490087582627860785e+00
7.777836815157991301e-01
2.167693575738317280e-01
-6.506793773893648769e-01
2.305354192049259010e-01
6.818506259811446535e-02
-1.536426484060567921e+00
4.215358182126224817e-01
3.085970055451600080e-01
-1.145751400180542862e-01
5.802540054073129783e-02
2.005226105071910681e+00
-2.273976641517478914e+00
6.117028909756988542e-01
-1.821832782744761403e-01
2.682715651788250555e-01
7.472628950800139225e-02
2.206682317559308382e-01
-3.080218125419804664e-01
-9.124516656518953939e-01
-8.684438956617518413e-01
1.632150905941394670e-01
-1.768583151644729026e-02
-1.116679930633437401e+00
-3.589704893822709408e-01
-3.968680375798165905e-01
7.123665017919225129e-01
8.913662989593904573e-01
6.419672048865857628e-01
-5.622002401695149754e-01
5.125724769528020586e-01
1.906610761130560272e+00
-8.827906190633526551e-01
1.651765170802798055e+00
-2.136909273498840273e-02
-2.361059324670233828e-01
-8.593995843279796931e-01
3.156770627045696886e-01
-1.357892567324543998e-01
7.356905946670134755e-01
1.020775837585639723e+00
1.617192590556048026e+00
-1.952003900631873012e+00
7.628165168892666603e-01
-1.831491765408375771e+00
1.171884262632527207e+00
-5.497505020142153809e-01
-9.555222957833688913e-01
-7.890122690220356949e-01
-2.681020611197187375e-01
-7.593651413065054534e-01
2.210231587361992378e-01
8.684707899429218170e-01
-9.973055643029102857e-01
-1.318871741962955202e+00
6.062565851738725697e-02
-1.320318777559963408e-01
-1.902023959042017931e-01
-7.954341962827780055e-01
3.458704269132718001e-01
-9.195974742819842396e-01
-1.562504937607329600e-02
1.534519875054571436e+00
3.718011184011326548e-02
-1.068286727424929972e-01
-1.286764176830024420e+00
4.775464627358716463e-01
1.021007821667031301e+00
2.825601527826711035e-01
-1.297588310022012692e+00
3.095979421388279640e-01
-1.218410627476975261e+00
-1.007694137894076108e-01
-7.259010906692411336e-01
7.107141728667916158e-01
-1.894400824268689831e+00
-1.479456710867014024e+00
-5.158537467181705249e-01
5.261315797629876334e-01
-2.721844721765980690e+00
-1.602345568173164869e+00
-9.048119113235050248e-01
8.787965168277170891e-01
-1.150433229309746119e+00
-1.976567814165546000e-01
-6.329359061669718178e-01
-1.051332706897596170e+00
-1.007665156255361349e+00
-4.221673388374510005e-01
-2.839817680059785743e-01
-1.612065137686279126e+00
-1.232113043808864328e+00
5.895836986106771649e-01
-1.534369074032892188e-01
-4.723874624301542535e-02
8.969512124957271793e-01
1.873533360567780914e-01
-1.382767961513135524e-01
-4.525089468895778233e-01
-5.483408205565284410e-01
1.126468717944651088e+00
-1.065116088525009941e+00
-2.253951306149023781e-01
1.357625904979814502e+00
-1.663897155074955281e+00
-7.018133050943171636e-01
3.483395312519677045e-01
-2.378244122905635916e+00
-2.196307593212599052e+00
1.004915264845731793e+00
-1.164953705098390246e+00
-1.579312016675882557e-01
-1.572780302468851921e-01
-9.442033022656580732e-01
4.230605252561225327e-01
1.210992859437111796e-01
-9.215467170688783349e-02
-1.119399218004119678e+00
-2.274711649175135686e-01
6.063569534521535687e-01
-1.913498541700623667e-01
1.090398249380118090e+00
6.461384121592239627e-01
-7.848145216599193841e-01
9.543351388287257819e-01
1.486982860584188826e+00
-3.970428124341298659e-01
-5.306611049869988106e-01
-1.042933554926577244e-01
3.143241104226530691e-01
-9.991488020156322758e-01
2.182503370150016553e-01
2.586876674439478330e-01
4.323082880989165266e-01
-2.836382975197067058e-01
1.084066551399157197e+00
-5.332415368765673624e-02
-6.413901639048947834e-01
-1.347218951000094700e+00
1.920897684234360359e+00
2.992980254423454944e+00
2.985807251507789639e-02
4.512133510085793442e-01
-1.522012674040859936e+00
5.911532984253552447e-01
-1.483809681384090862e+00
-2.141839496841118962e+00
-5.665206698571597643e-01
-7.265851940183071234e-01
1.191103279374190249e+00
-1.007751541195738065e+00
-3.020938675886130631e-01
-2.980741787605402093e-01
-1.770287159446084502e+00
4.031342739328697133e-01
-5.466113658171807277e-01
-2.827205652975608885e+00
-7.104450170247201823e-01
-9.383558430022929109e-01
-1.273206367898793712e-01
-1.103632255282074176e-01
-1.269100753371888990e+00
-6.195744583953700230e-02
4.485132485153150994e-01
-2.113051540636930459e-01
1.253342378821117098e+00
-6.846390818734636730e-01
-5.357520840938573281e-01
4.481952612369737299e-01
-1.265510915797927627e+00
-1.302651885205143634e+00
-2.292670308786862510e+00
2.818809957544902156e-01
9.363970675453667791e-01
-2.101156609449834345e-01
2.175753569000615228e-01
-2.017252166854584416e+00
1.951579548067388759e+00
1.595800934931055792e+00
9.028878882220185975e-01
-5.466579389211313478e-01
2.486687289841755355e+00
-1.246665806754891914e+00
-5.582804616141948673e-01
1.143669276510402399e+00
1.535997191308497545e+00
2.117645698328763260e+00
-6.592697985634728974e-01
7.147124345089157504e-01
-1.281434964097359908e+00
-1.761384993486027728e+00
-1.444062589068222657e-01
-1.317746298490188650e+00
1.829426462063050041e+00
-9.572151664225429790e-02
1.180447290512663672e-01
7.747804217655416270e-01
-4.691077442745350545e-01
1.329102637360544348e+00
6.948899345246445369e-01
1.137365566240712139e-01
1.080826429748634743e+00
8.812622724543578423e-01
7.999858431989954541e-03
1.201261761370553183e+00
-1.074004243453753560e+00
-7.494049813495795576e-01
-1.632672920787983539e+00
-9.082266245752494971e-01
-2.768538110704690247e+00
2.299064453781008155e-01
-1.265316991956065396e+00
-1.297795662530175420e+00
-1.813154308370359402e+00
7.862312011459432481e-02
2.084836854833409525e+00
-1.739967139858512146e+00
8.433098294655099192e-01
9.091299956536817717e-02
-1.399767715279126301e-01
3.335516667398094048e-01
-4.144758245055726875e-01
-9.844380127346578080e-01
-1.266447371352799944e+00
-2.669550171964185648e-01
-4.371032127770514419e-01
-9.687878308703233576e-02
-2.874061632340270678e-01
-7.510675696355027797e-02
-1.717493446849030769e-01
1.585429409735910955e+00
-4.343402535493153249e-01
1.509961550868728297e+00
-1.479762538276094608e+00
4.333722248664486631e-01
2.129296349625592999e+00
-7.731758643585978641e-01
-9.432111694493454657e-01
-5.911390363371391565e-01
-7.431030198686150445e-01
1.706945596048019959e-02
8.737068078191705389e-01
-1.206166054727991321e+00
5.844014409622491080e-01
8.563065289629724353e-01
2.712953521689057679e-01
7.071538497283031965e-01
-5.821765447159336082e-01
-1.001735792785811929e+00
-5.191590790150405477e-01
-5.545534692758053996e-01
-4.182879189986783708e-02
-1.062511274365763869e+00
2.251179966572578739e-01
-3.047933332870403356e-01
6.458721566621555832e-02
-1.537665440741919076e-01
1.302859720698114288e+00
-7.162021973291842203e-01
1.395227929618682472e+00
2.039387486936780292e+00
1.098098161772548931e+00
6.510163804314998970e-01
-1.344831768857293941e+00
-9.253284925453360288e-02
-5.733698053659602722e-01
-4.420768968830118828e-01
1.001029684626281391e+00
-1.327230714175814397e+00
1.525862090640229228e-02
3.404118753920528651e-01
1.116408485861149380e+00
-4.046668532509928862e-01
1.202468148684735644e-01
3.307877987559356137e-01
3.646816661023197792e-01
3.137478741229809409e-01
-8.978167594638228888e-01
-1.837122533851587969e+00
-1.221691577101777115e+00
-1.255676630427419838e+00
-1.033560151058538823e+00
-2.064031739076782834e+00
2.162083033931819498e-01
1.538682761243171659e-01
-1.225278650190724683e+00
-1.499596653596334317e+00
8.127876149341657364e-01
1.557722622331444151e-01
8.505611434646659363e-01
2.061239533120669820e-01
-1.117458432195870127e-01
-1.510069677640781260e-01
3.535545096633048168e-01
5.447517115668337739e-01
9.918761263972442066e-01
1.046942468719340491e+00
1.999222976316186395e+00
8.015738045608691298e-01
-3.202877912405128757e-01
1.914114599493299540e+00
-1.046326765706828033e+00
-3.090116708012002333e-01
1.441304826065605837e-01
1.041511898074672482e+00
7.369673679499247898e-01
-7.079310544215418055e-01
2.461720913694900759e+00
1.052244096925170069e+00
-8.243574286254989891e-01
-7.894327118891644735e-02
-1.310787598816739452e+00
-7.670517497368121163e-01
4.926766862461319785e-01
2.567799063143772487e-01
3.212587487356751148e-01
1.144314947558270124e+00
-5.559058298938912568e-01
3.530067454934363025e-01
6.635472621398960102e-01
3.747379576515784683e-01
-2.420635093694559481e-01
-6.454780266646852338e-01
6.657906353225993001e-01
6.092402735143247483e-01
-1.031793479394136570e+00
7.514957742098433702e-01
6.012810448931632523e-01
5.176794822939623925e-02
4.627497903926731937e-02
5.109573274184510128e-01
5.278458177276518226e-01
1.325348799663979005e+00
-3.772780732863998399e-01
7.358009976933659324e-01
-1.933125457974767203e+00
-1.242148154884705979e+00
-8.707941255942583947e-01
-2.990142784375708906e-01
-1.475175043894926263e-01
3.501518500432414527e-01
2.301097422529678194e-01
-4.703496582660420255e-01
-4.880953550784565831e-01
9.956773911145285760e-01
-6.029940556568331722e-01
-5.320916587551186711e-02
7.582508645188309471e-01
1.138892538935029064e+00
