-2.013601989929212799e+00
1.664689947325626473e+00
6.013641972813950076e-01
-1.355885928444021893e+00
1.875366995347891974e+00
-3.200676633198580867e-01
1.620779455268109404e+00
-3.654333493643959208e-01
-5.148087033703687698e-01
9.808957217456784061e-01
1.325511438073975201e+00
-4.857552653628227080e-01
-6.234338340710590121e-01
-9.803303536266803064e-01
-1.048907410928314299e+00
8.426496063559457683e-01
3.515310317498522852e-01
-1.238575001767830558e-01
-2.211949391968304479e-01
-9.483422015251591342e-01
-1.662214498402349694e+00
-1.567116489020372816e+00
-3.001898651140648688e-01
2.807211604881528766e-01
-2.651330009558742207e-01
1.520626070819974585e+00
-2.432752932493003062e-01
-4.558372266110688464e-01
1.698416772440760614e-01
-8.358162219281490835e-01
9.478375996572204754e-01
-3.617709252615288751e-01
1.600550902760210725e+00
1.583794937135318825e+00
2.725049932495529514e+00
-5.535674562464741877e-01
-1.116815145715797097e+00
-5.520923529756911474e-01
5.869784965260357312e-01
-1.215118738726187031e+00
1.030542865977535971e+00
-8.192224764685616112e-01
-1.662871922069233122e-01
-3.431459901212493557e-01
-3.064305778424797344e-01
-8.004592128687766373e-01
5.346108096671237098e-01
1.192727257569664800e+00
-6.949809183671947777e-01
6.633223396700915764e-01
4.184389655892714610e-01
8.708537804931110182e-01
-5.225233685255102900e-01
1.296156616204473533e+00
1.550438158013453638e+00
-1.589454995346586408e+00
1.208822426391135546e-01
8.070825430763013675e-02
-6.723744753498830939e-02
-6.769745833206908259e-01
-3.806368334770212636e-01
2.159946600289885249e-02
6.611430745924449237e-01
1.566242463406301466e+00
1.000418006024019535e+00
6.508201966332313182e-01
-4.923840905991366257e-01
-1.346705981080853487e+00
9.762036442608293951e-01
2.083173639032778190e+00
4.267681501370526598e-01
1.236990137907034937e+00
-1.380561666883680094e-01
1.331524518194846796e-01
-3.251636970901869983e-01
4.080999732789365730e-02
1.334176696591078404e+00
-8.434355031300220240e-01
-1.426855642175115790e-01
-1.284972395244043497e+00
1.517447473313488837e+00
-3.964470272934202399e-01
8.923516469046223476e-02
2.015984434426033034e-01
-5.081203467142406671e-01
6.561590037471359826e-01
-7.660522569700345397e-01
-3.583422416084793283e-01
-6.046413856893797512e-01
9.970012340222538239e-01
1.105538879244216011e+00
-7.863372908131129879e-01
9.057526592238241969e-01
-1.991952456024491891e+00
3.499504029720307274e-01
-4.597779539532931281e-01
2.200300300070991089e+00
-1.787242612278943099e-01
2.176878329277161517e-01
1.905626215003134449e+00
-7.374003988652008852e-03
5.314463611007045341e-01
-8.970725576299248827e-01
2.146196437156642212e+00
7.214303940434482199e-01
3.900440840630933770e-01
-1.325086289467161116e-01
2.567599815457544676e-01
-5.194601787035535434e-01
2.979332506640240408e-01
2.550475099564728509e-01
6.273838797441758652e-01
1.145408674059429505e-01
6.259427989186010510e-01
-6.789185835940232672e-02
-9.345224130896060410e-01
-5.928345997980482007e-01
-3.757621873402466339e-01
-2.780212045482619576e-01
-2.277591258272122499e+00
4.653667919442606160e-01
1.708615463777588550e+00
-1.273862798325560985e-01
-2.080695517671353301e+00
-4.800391668694835023e-01
-6.309238500275184559e-04
-1.930660215673900115e+00
-3.878374542507581069e-01
1.733023099099004316e+00
2.291217031372867474e-01
4.640943295544893710e-01
-3.678434889880288217e-01
7.551835385105412080e-01
-4.764401933043541093e-01
1.337808589773882562e-01
-8.006223538531268558e-01
5.368279841868624398e-03
-7.506470210690447953e-01
-8.182088706400331146e-01
-1.378984750528227998e+00
6.342615959550745863e-01
1.170483733728302056e+00
1.804199852240081059e+00
5.604301712382989686e-01
-7.078923254835086665e-01
7.069311287695175805e-01
-1.561454607678090634e+00
-2.011409386306162173e+00
4.020015397768675336e-01
-1.062047851949810440e+00
8.246927798440566171e-02
8.881874261348110533e-01
-1.886428087485199634e-01
-4.832692834380971636e-01
-1.088266391793655030e+00
1.175282904327519029e+00
2.083124703137195777e-01
-8.024462103836743632e-01
2.814409781812076128e-01
1.115190348521717389e+00
-4.103813767778171084e-01
3.278842701722767816e-01
-2.232896734886780643e-01
1.309800445403840885e-01
-2.258961955716339565e-01
-1.124272884097441860e+00
8.628949486986393913e-02
-8.314203542335354413e-01
-2.032973842928229580e+00
-1.057894555189926145e+00
-1.390429353354371289e-01
2.939787342341556586e-01
7.292814337137191183e-01
-8.744926610210140838e-01
3.650222689389162056e-01
-1.363517580825388098e+00
-2.623024136391395311e-01
-1.260366819544680217e+00
-7.598922451188135918e-01
-1.193333850003560626e+00
-1.270824418584803661e+00
-6.216158043508260844e-01
-1.114365289432689643e+00
6.939019472083879370e-01
-5.432129946468955417e-01
-5.481380781942755270e-02
-5.627430946080195229e-01
1.946181040587317279e-01
5.839633742501584290e-01
-9.498399602030914712e-01
2.477433595318014048e-01
-8.554243252658209062e-01
-1.714937225498495366e+00
1.242463161982122255e+00
-8.645821659295576112e-01
-1.204032534235875279e-01
1.834049778579460499e+00
4.252480439176100635e-01
-2.094366109427710398e+00
7.009411279038476605e-01
4.824480563009789225e-01
-1.877305457707189595e-01
-6.048593890385606242e-01
6.540008131678327619e-01
-1.175502613953323117e+00
1.108159974815358245e-01
-1.206187765379887811e+00
-2.211317522240859035e-01
7.389383016208165289e-01
-1.282022424664169158e+00
-3.272902026624320282e-01
-1.057245755520961339e+00
5.864849923935495646e-01
2.894988280301656891e-01
9.561697246917909565e-01
2.053155046034273179e-01
2.665269910976952317e-01
-7.277054703574986627e-01
-1.204961948907865343e+00
-1.015534592577058914e+00
-1.638912497533855817e+00
-1.241138483247164803e+00
-1.885273826819767740e+00
-9.181190759200343887e-01
1.831574418348117517e+00
6.906568671845094709e-01
4.071607911044487493e-01
6.574760632692349116e-01
-1.646552872774870446e-01
5.696415979615153669e-01
1.535872377541749545e+00
9.124799008191756267e-01
-6.997267989480363548e-01
3.915039117503295030e-01
7.551734719168592402e-01
2.325416554107071487e-01
-1.773116901064931625e-02
1.650657582759613440e-01
9.365512244377414142e-01
-1.826301059803553395e-01
-1.743510982943421661e+00
1.342386027826407258e+00
-1.441295443967067769e+00
2.607949392707537006e-01
1.030155633419955752e-01
-5.037904615781282347e-01
-1.303194084275629772e+00
4.059234665340178405e-01
3.973529429569349625e-01
-8.022055118960756959e-01
-7.282582304316785604e-02
1.080297318239465121e-01
5.595567934275581523e-01
1.028851736386135807e+00
6.996064924578749844e-01
6.655204515076320604e-01
1.027470258119000945e+00
1.766979642715340804e+00
3.504525996554837958e-02
7.782875746291970653e-01
5.781068716507505867e-01
2.340835668042786089e-01
1.019264887148592091e+00
-8.983329420564513390e-02
-4.865079971732896164e-02
-7.713571965975292433e-02
-2.242632075072559239e+00
1.109231581159377589e+00
-9.605334562530767339e-01
-2.482170427186257133e-01
-4.845013829412431750e-01
3.119406191483304336e-01
5.711634033053029080e-01
7.418957211930526929e-02
8.031612672577247425e-01
1.379928050142615437e+00
-2.313147971814961235e+00
4.899955618235098953e-01
-5.171080126209386812e-02
-1.676786372436366024e-01
4.054485106919268889e-01
-2.524760538074519278e+00
5.366750845767828126e-01
6.137187181898298149e-01
8.352246066318678164e-01
2.561359110300372999e-01
-1.718768082109627809e-02
-2.709739319175127337e-01
-1.861610367396217547e-01
-4.238934021417226639e-01
-1.811057731107066582e+00
-1.577118720622885245e-02
7.725456570518177690e-01
-2.119668072573777096e-01
-6.880844942410531129e-01
-9.080877339496461476e-01
-8.675814874329801363e-01
1.232357171923141426e+00
-8.842796051624934872e-01
1.916268435315922947e+00
-8.922210877751972635e-01
1.208546277057660490e-01
1.708653691550229947e+00
-4.165803373810303967e-01
-1.004409920748951635e+00
-7.591126870195665788e-01
-1.164348050477771901e+00
-2.511983719049447839e+00
-9.143603808675090927e-02
9.267759366454865200e-01
1.806158189004097636e+00
-4.291130678638032658e-01
-3.706457308222473879e-01
-4.970123886992854345e-01
2.140868002576994833e+00
-8.918682839559005648e-01
5.148104814252892902e-01
1.048782951780092176e+00
9.472235023304159673e-01
-1.787428614142464456e-01
-1.115029515706012830e+00
-1.742791603172297421e+00
-2.297169978165596760e+00
-1.581298391417486737e+00
8.228418932369428729e-02
8.814877233342998109e-01
-1.161606568158396025e+00
-8.794862529992135691e-01
1.233327536163178473e-02
1.728033694218542582e+00
2.614840200739604992e+00
3.985579830564118242e-01
-8.802304617256621055e-01
-2.532218843631233174e-01
9.697890135111472132e-01
-7.645369458353595826e-01
-7.167487142611911333e-01
-2.348919064508510512e+00
7.391947989953698839e-01
1.090242684524164590e-01
-6.656733159350465279e-01
-7.689471177059673535e-01
-7.281663360709501875e-02
2.600629567161850675e-01
7.690262996064329837e-01
-3.304762186919870670e-01
1.994647001040339207e+00
1.014161220449602885e+00
-1.244538019205597562e-01
-1.642005012536899011e+00
-1.673835214145074080e+00
-1.076351039669283027e+00
-2.190095292489676604e-01
1.346723089863857414e-01
-5.343455048749872205e-01
-2.067872892857096634e+00
6.477098617980351358e-01
1.548878402728671499e+00
1.014941989006002743e+00
2.859699040623059574e+00
1.479806204580666362e+00
9.126364562452482510e-02
2.064384524181644420e-01
-1.110010824105548410e+00
3.514887209010149061e-01
-7.637623436713969483e-01
-3.422764184256465447e-01
-8.468432088911250766e-01
2.232147440816197384e-02
7.296273744254878901e-02
1.652802795026200755e+00
1.153502262179915583e+00
-1.363824611184426772e+00
2.541771912305862413e-01
-1.270838603384798760e-01
2.875024087767815706e-01
-1.427971375466947634e+00
-4.724749554327569712e+00
-2.344325501736288064e+00
-2.143196730685923701e-01
-1.858506669975218184e+00
-1.066153018009854181e+00
5.186492925844049875e-03
-5.249760514097913111e-01
-2.938379153655418241e-01
2.189473469951212226e-01
6.897121983805513112e-01
5.594047510905473253e-01
5.904783188047820763e-01
2.004629299286197597e+00
-7.200917152928875131e-01
-6.145239413029621733e-01
4.498744761541682569e-01
-2.945896394363559101e-01
9.079920526638524114e-01
4.620408000087371514e-01
1.525778536318885548e-01
2.674054342503681125e-01
2.976367194365227009e-01
-6.123067336242076636e-02
1.493216971049915243e+00
-2.639674489395339996e-01
8.229625641664207736e-01
-1.349000481857228761e-01
-2.466280772790663711e+00
-2.747368960653624015e+00
-8.309047579298978192e-01
-1.158104720314578007e+00
8.834653972703976343e-01
5.648088739350355381e-01
-3.955003855136373647e-01
-1.919005278141252546e+00
1.081771511047586731e+00
9.526863779207778160e-01
6.182857903080491990e-01
2.198430404146790806e+00
1.030466702284882796e+00
-8.946586493354270475e-01
2.206043090850838606e+00
-1.632267631754335258e-01
1.461350926642184911e+00
9.260477012099544991e-01
1.095314179498103169e+00
-2.069777248272345549e+00
-3.381876796329249535e-01
1.262976068685285891e-01
6.284091146552865936e-01
1.139648915840833387e+00
7.297370374206310628e-02
1.433847392476655658e-01
9.796273236344918978e-01
-1.120664771276338234e+00
-1.729995202834309076e+00
-1.223283466440768130e+00
-2.085642952426867147e+00
-1.173799716306587193e+00
-1.022337909408191248e+00
-1.056435200346040326e-01
3.250557771681157337e-01
4.865654571593932554e-01
3.558399357902042315e-01
1.642564500907577774e+00
7.234124449719588901e-01
7.504074926095264386e-01
7.552255909451708327e-01
2.490136980398203678e-02
-1.293865126687537614e+00
2.177928660427963792e-01
2.089805309790190024e-01
1.768963624752880603e+00
1.602018269592035749e+00
3.917083469188280265e-03
-7.404535114132653195e-01
2.079207275296931279e+00
9.323535497958400642e-01
1.600686656123156304e+00
2.182366598224274590e+00
2.867373294457134514e-01
-6.295282530916578301e-01
-8.062280527214609194e-01
-3.177843786780317981e+00
-2.929271439186653225e+00
-7.771593210124627671e-01
9.298281672230142014e-01
2.992833504875835882e-01
-1.891747799957410603e-02
-2.540225248293980220e-01
7.873408751132033867e-01
-2.414619321646333527e-01
1.270695465285681669e+00
6.983387666012038641e-01
1.757266207331077634e+00
-2.670225074216011629e-01
-1.356721042311022918e-01
2.609773459535054130e-01
1.910848142019566431e+00
3.455805328808984611e-01
3.408266210499706350e-01
-5.258838419476815629e-01
-1.095787649953520182e+00
-1.702136944657701989e-01
-7.019845897080876362e-01
-4.135490287758276651e-01
2.304817266669410447e+00
3.803530455029190627e+00
4.499354903595088606e-01
5.407631012264032533e-01
-2.230316558812272643e+00
-1.119889932791883647e+00
-6.782896667761936782e-02
-1.007754391922254245e+00
1.118921880082623277e+00
-6.336582061641435337e-02
8.827181036359805777e-01
1.176172521892622225e+00
3.614793382268804978e-01
5.564102511144858321e-01
1.308792138767989277e+00
-5.311331585362355501e-01
4.894225234799813862e-01
-7.108953433984471770e-01
1.328909687869619161e+00
-3.798523954751319431e-01
-2.560233234292935700e-01
-1.885472494082570394e-01
8.207560123172680244e-01
-7.983972471450075936e-01
4.504557791028627328e-02
1.663610150091722195e+00
-7.374438133438494525e-01
5.702275649435387672e-01
6.258809676185030924e-01
4.893121929960934646e-01
7.949151379899028758e-01
2.063765964604629133e+00
-1.755612168101341020e+00
-2.432042811210036515e+00
-1.389118085823025206e+00
9.564167350268371059e-01
9.855717489646743656e-01
4.043583982051207615e-01
5.005041096991104110e-01
-4.712522147784054538e-01
1.145918604765244764e+00
-1.640246198038245173e-01
-6.859573553092389309e-02
1.809190638246197247e-01
-1.529464220621253867e+00
-1.413679776940188981e+00
1.163290020101282796e+00
-2.929625713083918934e-02
7.229676522597699995e-01
1.540279043366589162e+00
-1.085425158715443317e+00
-1.042786074457589196e+00
-5.663847034984631490e-01
-1.017392921952681439e-01
-9.604126993127536371e-01
-2.454828407180336541e-02
4.893700697891849305e-02
-3.493170808896839952e-01
-7.081301709265728217e-01
5.958364591613665162e-01
-2.866091332031026617e-01
-4.930131421038781991e-01
2.319103219331265231e-01
1.225429752211287360e+00
3.157837178625814145e-01
1.063159622712977516e-02
-1.315858684286180524e-01
1.582618568046109120e+00
-7.610607405934842473e-02
-7.509951729509487528e-01
3.585947440783245344e-01
-7.825646036244918724e-01
-9.515373314313972930e-01
-8.942487838222918928e-01
-2.146916156856173430e+00
8.906402524764315265e-01
4.621705789231329020e-01
4.948065953483124502e-01
1.558901794615701997e+00
7.158658018195487305e-01
-6.733001516032434131e-01
2.661787628189561938e-01
-1.852205255974356035e+00
1.819694784972937907e+00
-5.413008197350059891e-01
-3.785391276711203012e-02
4.436782479030254023e-01
-8.643250501787738682e-02
8.621039332206833494e-01
1.084052848000037095e+00
-9.340641849760323856e-01
1.834355464776736611e+00
2.754865323650814157e-01
-4.232305092287452775e-01
1.969609745744256291e+00
-8.282145663146427417e-01
-4.730627681694896669e-01
-3.994135542179454434e-01
7.195337611663594757e-01
-1.680551749986353594e+00
-3.477291526161696011e-01
6.115548993909947217e-01
5.399733218095037479e-01
2.004485414315287262e+00
-2.139502802847181306e-01
-5.045403798441474574e-01
-1.044974062552938232e+00
1.599899673157368030e+00
-7.423261898853152907e-01
1.751631353362382848e+00
7.632071009914097592e-01
-1.408179147351947824e-01
-1.417476414225011361e+00
3.066902896459294814e-01
-1.467492651676795878e+00
-2.682888258644874568e+00
2.769081663855609832e-01
1.373030285094416048e+00
8.422603644987672888e-01
8.538930830103705905e-01
1.098177055955715103e-01
9.178656982690506227e-01
-1.666808023336200151e+00
1.130104977917229414e+00
-7.181392578633195578e-01
1.099991388953167476e-01
-1.517236067366691532e-01
-1.808384646182587430e+00
4.630057978632209359e-01
1.293704106082557814e+00
-3.362521292187299615e-02
1.934179265339906056e-02
-3.306551258799795279e-01
-7.467019331485735649e-03
-1.180698824049726703e+00
-1.183838260211036442e+00
7.169299668038336959e-01
-1.488687048353447562e-01
6.444559137823056005e-01
7.502401793662523133e-01
-9.103884676405108456e-01
3.168426487566144696e-04
8.144720697477932925e-01
-1.349604202286755816e+00
-9.653475580682210344e-01
-5.801301496896444920e-01
3.199574607932798576e-01
7.049527614198225489e-01
8.863926211832915403e-01
8.129003583014966505e-01
-4.640950041381499136e-01
-4.553255174269715128e-02
-1.799329205750079153e+00
6.288055918662480703e-01
-2.529201277022686600e+00
-4.685350538193623904e-01
-4.185389429892632518e-01
-1.469787936390630101e+00
5.664967347867663761e-02
-8.911010123919160808e-01
-7.762933848209303545e-01
1.406368659289054801e-01
1.361861202183896724e+00
-4.568740985671249089e-01
-3.067216567933434002e-01
7.386544727972749191e-01
4.069257728453478662e-01
5.078257558248737702e-01
1.544382359097914714e-01
-1.253239708593293589e+00
1.749740277012682421e-01
1.837807031856121195e-02
-7.366095302261530531e-01
1.619092585395144959e-02
4.395797461371724890e-01
8.062256918530540384e-01
-1.376232866417916219e-04
5.664497504797381122e-01
-2.007588422534562489e-01
-1.726818804807298768e+00
-2.030053185881099120e-01
-1.319262425551940510e+00
1.586039888797321051e+00
3.648581132573733288e-01
-7.128125323633290877e-01
5.846050511444449149e-02
-3.449572179252192727e-01
6.536955622075140138e-01
1.349271818605386475e+00
4.281902390189297192e-01
-4.700505807946614434e-01
1.023247691699147532e+00
-7.463567540899648800e-02
5.972913111609992054e-01
-5.898730298200816069e-02
-1.161555330168045685e+00
8.272785840274587965e-01
1.389656821705385736e+00
-1.301280697225971394e+00
-1.166027929518580253e+00
-5.344942142723716483e-01
1.352852457159207544e+00
6.923650998277680602e-01
-2.345965570522419441e-01
5.842161516692695455e-01
7.327118247233985748e-01
-5.269937479608356040e-02
8.429705651667606103e-01
-1.082190798886987215e+00
-3.280730550397569778e-01
-1.029062907562287243e+00
-5.362217916707705534e-01
-1.937057403061047400e-01
6.937643349811769555e-01
1.075285797223812095e-01
-1.770818516741348603e+00
5.980320733317064930e-01
-9.683646461963817120e-02
1.448447432915360933e+00
1.108630895511968806e+00
4.074634932419121114e-01
1.072581052805319679e+00
5.626185897960920279e-01
1.299488281948608215e+00
1.800130100001507305e+00
5.981463344868357401e-01
-8.698974702109569801e-01
1.998774867176360270e-01
1.042667002489252592e-01
7.357931415910314021e-02
1.352894150326396261e+00
-1.573039566432710840e-02
7.906508060697925444e-01
6.854331242629020382e-01
2.351629561431665572e+00
-3.000842055942654629e-01
-1.117893058063199607e+00
1.440392049422078991e+00
1.018360028913849469e+00
-1.006215310175566868e+00
-1.451669429955232959e-01
-1.187843482698742514e+00
-1.710782752423409270e-01
-4.777903546004338420e-01
7.025246178502285721e-01
-4.407072636078874783e-01
-5.602746246661332030e-01
1.096834831937505861e+00
-2.340871881570597335e+00
2.097165818421172778e-01
-2.196193309432536545e+00
-1.227385559801183357e+00
-9.040313029449453808e-02
4.833086268663655538e-02
1.421328518461003165e+00
3.779558476820500945e-01
2.534087413836298430e-01
-3.849019138752377556e-01
-1.755092439283667816e-01
5.187608729920152317e-01
-1.389632414343670574e-01
6.917148709640109638e-01
1.553435066796420017e-01
6.852473178462503700e-01
1.610288034017609560e+00
-1.269882684479958446e+00
7.988526375102819044e-01
4.015624896158369039e-01
1.157846997955488622e+00
8.714506111915645281e-01
-6.262077727890936751e-01
1.544127283800366124e+00
-1.292857436636089874e+00
1.275033690158544841e+00
2.318781775975856385e-01
8.693172898195344889e-02
-2.261894862858806032e+00
-5.808789015275266365e-01
1.264659961701470881e+00
6.772353978288780940e-01
-8.733107988016637346e-01
-6.024175214542498713e-01
5.374646674592117312e-01
-3.269123670598511056e-01
9.759328142333403289e-01
-1.881487424485002169e+00
1.298558815961083468e+00
8.340082920838745029e-01
-6.661392948384703416e-01
2.494212465139442336e-01
1.236595515200753947e+00
7.021788161498268011e-01
-9.416524016596931057e-01
1.128733208166804447e-01
-2.999123233370607267e+00
6.029928893452037031e-02
1.277731499710200169e-01
-1.329366763479502334e+00
-6.853579670262741064e-02
6.312414812820600352e-01
-4.381586777439089864e-01
