-1.114946726050412451e+00
1.580204374703648051e+00
-1.670708106137474891e+00
7.430304374934150191e-01
-3.218225918572975575e-01
-2.445431521286112742e-01
2.109513632512891590e-01
-1.935917871672122814e+00
-1.630337467381393957e+00
-1.422190317537045168e+00
-1.036995769660803646e+00
-3.825322246663388076e-02
-1.147519283018430203e+00
-9.123798479293646624e-01
5.275213676440591026e-01
4.580739974050078156e-01
4.899595791893064378e-01
-1.554537504568146211e+00
-5.374160359764638129e-01
5.881638566688734970e-01
3.563707762035784876e-01
-5.980395076875120175e-01
1.117994062874894556e+00
-9.917599179231353368e-01
-6.799342798139964561e-01
1.802083011050185757e+00
3.691008392706126573e-01
1.518237395042849602e-01
4.996945663012211103e-01
2.709893800567976796e-01
1.818635192603389017e+00
2.069446312627366336e+00
9.639194573874030336e-01
-1.353938146950089072e+00
-1.379276180786739581e-01
1.576727206876089138e+00
-1.398675383330531541e-01
-1.676763434824104504e+00
-1.404969682389323404e+00
1.062249914253853067e+00
1.942579885959031527e+00
-1.320649617707540857e+00
-4.100092146224545431e-01
-6.865947648275240178e-01
-8.400908975973129245e-01
-1.118580956974624119e+00
-2.777352600757870271e-01
-1.109945159529578673e-01
-1.174625402767925708e+00
1.321048320435998402e+00
6.191473401638496465e-01
-8.472593308326771266e-01
8.930535309800556876e-01
3.808827189798222324e-01
4.660013998669785273e-01
2.212323475457669275e+00
9.712808017944372097e-01
1.458481144432004939e+00
-1.028712647230924648e-01
1.630429706916544985e+00
-2.295946839189506039e-01
-6.665969173148587057e-01
-8.963758315860609338e-01
7.300155967086472408e-01
-2.452803913494552013e-01
4.421949740918492688e-01
-9.102407725183758735e-02
-1.453848972129576422e+00
9.186471815337805547e-01
-5.868520213417439679e-01
-5.353865398129368375e-02
1.962046434979175524e-01
-1.472205658088609592e+00
4.857685042075224335e-01
8.869271418447431943e-01
-6.171074633671365106e-01
-6.375584357296245619e-01
-2.385206275100310858e-01
-1.074512121808084864e+00
1.014004508263573801e+00
-1.103475372504757246e+00
9.729465288725351602e-02
-5.322655595260419314e-01
1.627909749141506213e+00
5.218592910079714597e-01
-6.347744891722761906e-01
3.683908826552643845e+00
1.937873442275598768e+00
-7.376815502428119009e-02
-7.346374129962741639e-01
1.118492108859781897e+00
-3.007303205787252853e-01
1.307155766052278123e+00
-7.979095212775805246e-01
-9.203163065364328155e-02
6.995603497389780712e-01
-9.643053138219993548e-01
-2.374310716059404441e-02
-6.547083259698556479e-02
-1.659680609066361556e-01
-3.651110977979683814e-02
-3.696423235912655869e-01
1.625698105857633413e+00
1.123106207364015896e+00
-1.024131041460078384e+00
7.041950412208483057e-01
8.524451742099089513e-01
4.402329467872747593e-01
1.805941798327753700e+00
-1.793853726915510371e+00
6.999963674103506506e-01
-3.216499897300967858e-01
-2.355874917613233421e+00
5.418655452608832634e-01
-7.433237093298221687e-01
1.585414600508064029e-02
4.542294902986202844e-03
-5.943208590454286677e-02
6.395909794605225684e-01
1.529018634606074123e+00
-1.792611959434263103e+00
8.513884079054286902e-01
-1.075819602581012058e+00
-1.015799988859022035e-01
-3.492380808865215291e-01
3.284078152570094056e-01
4.824706457550597682e-01
2.078769008343384628e-01
-3.907990105845967066e-01
7.577216876498346076e-01
6.439896087555518900e-01
6.313303900994682305e-01
-1.538969092426306640e+00
2.988334548307887695e-01
-2.685378653280188765e-01
-1.587605384574445333e+00
3.916583098144698072e-01
-4.779107230214161284e-01
-8.868894829962293835e-01
-1.905414887828440484e-01
-6.556941830657790904e-01
1.081065314487853035e+00
6.799243685906306567e-01
-4.270712041499639122e-01
-1.218262962584728992e+00
-1.186520834792610807e-01
1.142848905376923074e+00
-6.154013948195733441e-01
1.862937482733882266e+00
-1.101812708120490925e+00
5.740274126992512826e-01
-2.970860621001008561e-01
-5.632783890958134032e-01
-2.342259503973540991e+00
1.596606492239037944e+00
-5.324454505279940797e-01
-2.230680882895561989e+00
-6.005468409592932266e-01
4.470591733479636898e-01
-3.703315052303000066e-01
-1.845086581371536971e-02
-2.024883754666649160e+00
-4.283469988128834616e-01
-6.522383326091560907e-01
7.115607233353823391e-01
8.173742710758103991e-01
-1.751782225595365894e+00
-1.392564421102579386e+00
-1.564548441327966222e+00
3.491974074175984710e-01
-4.876731785846209755e-02
-1.929788984943169750e+00
-3.275819786568078262e-01
-2.247843796954422046e+00
-8.940162123490631718e-02
4.525986405697325909e-01
-8.379307000591034171e-01
-8.604892567353179533e-01
-1.281662677553739194e+00
1.565565595954480971e+00
4.746725635720099312e-01
-1.297323641219334522e+00
-1.871310605572004571e+00
2.997342950388232619e-01
6.408500844795118612e-01
5.624712961352645868e-01
-1.149055465724692304e+00
-1.449326012173198563e+00
-2.845167833228817722e-02
-2.116671469439697084e+00
6.475170197466715294e-01
1.240301125884696987e+00
-1.269510962196938875e-02
1.139032576721498852e-01
-5.717042961293020698e-01
-1.604145574853924339e-01
1.198358208326834706e+00
1.803162391863525116e+00
9.566465022793143591e-01
-1.325115342498487614e+00
-3.223160173928575900e-01
-1.261004105786687646e+00
4.383001177504903811e-01
1.429012348119444553e+00
-2.174482625906594357e+00
4.459061766444404329e-01
2.788157230095748007e-01
-1.039525774637461097e+00
7.888173258118126308e-01
-4.518806983473374617e-01
-1.765664947669221441e+00
-1.688952122473675210e+00
-6.937386432190927321e-01
7.008496492713327530e-01
-9.687814666615600645e-01
1.120458855014999422e+00
-6.778115987418700250e-01
2.497550321501614545e-01
1.173334945740845292e+00
-9.443291381616092384e-01
-2.185029665791340114e-01
-1.644211791096861441e+00
-9.446326818334828124e-01
3.519404052926297100e-01
7.786948536207073390e-01
-2.803745830782866211e+00
-8.584691962644265262e-01
1.117285945287959548e+00
-5.742905145154547641e-01
7.410279986024299603e-01
1.706342724554205104e-01
1.551393879987165603e+00
-2.780077130399348784e-01
5.311590309097907747e-01
6.757528507071913770e-02
-1.418842086066665731e+00
-1.053914476042373760e+00
-6.821737286174184289e-01
2.326778846139289370e-01
-2.409821436513366610e-01
1.548415092759186651e-01
8.974819328656453710e-01
-6.548056948209346473e-01
8.965956896245635965e-02
4.065752982034767649e-01
-6.689938155293673194e-01
-8.246439317096402322e-01
-2.834094668112666637e-01
9.802869061728270994e-01
1.003633272355739070e+00
1.951681309858940727e+00
-7.505728876446210451e-01
-6.786392263916619649e-01
2.111873798363977706e+00
2.205673088532773107e+00
1.153015176596402735e+00
6.702193268620726396e-01
7.548112199310972326e-01
3.930264166227138145e-01
1.812035391025360320e-01
2.016410039849443780e+00
7.034526511755004874e-01
-1.843205605712295025e-01
-1.167784302759946186e-01
1.719349022199864407e+00
-1.989447625865091995e-01
1.137677167129612713e-02
1.197699474358587590e+00
1.599244124654522592e+00
-6.970296106525192270e-01
1.445947062253507331e+00
1.288464223049733626e+00
4.693819558512319357e-01
-4.773277978268129496e-01
1.596449481920005353e-01
-1.459786926231890991e+00
-7.317337550617261654e-02
-6.690328716435920420e-01
-1.165446038801056100e-01
7.014048699819189769e-01
-2.594780693671988048e-01
-4.161403644369451871e-01
3.205726502908735065e-01
-4.960025004716089869e-01
-3.200696175749310202e-01
-3.274927281691482062e-01
8.836274725290655940e-01
1.187771902274359137e+00
-4.279742255019545749e-01
7.574208575956402623e-01
8.726469258553012365e-01
4.846131410830616937e-01
-6.014312363037411791e-01
-8.155573434734386673e-01
8.752669876196129684e-01
6.050410744366828686e-01
9.159628817581683125e-01
-1.695720958989233029e+00
-1.135742229183218654e+00
-6.435403431516187323e-02
-8.891884495905124641e-01
-3.402790893929916738e-01
1.324640503729758098e-02
-2.036977834173468338e+00
1.179255928404241871e+00
2.104887550905235050e-02
2.393624342545819239e-01
-8.012019201648040712e-01
1.002007801320106140e-01
1.311012283147911406e+00
1.497065718357248887e+00
9.980973354026514976e-02
1.233967762128895140e+00
1.975408551738498275e+00
5.456044855332847776e-01
5.447816980140007814e-01
-1.938448280143666880e+00
1.079288828345113194e+00
4.286572057742115693e-01
-8.463097316250134394e-01
6.276860055276551886e-01
-2.804283034430994914e-01
8.845188562712832381e-01
-1.716962693670895268e+00
-3.499513324790088364e-01
1.132889650962215944e+00
-8.005474703770090183e-01
2.061391845021941505e-01
7.331393032552228073e-01
-7.384528014393840767e-01
2.017646690888502958e-01
-5.575063899396998091e-01
-9.839091989189478749e-02
-3.925240211495657494e-01
4.061916144836481002e-01
-4.059265631384431083e-01
6.460148865629299353e-01
-7.402256655402221774e-01
2.105558993261651413e+00
6.906287518856777385e-01
-5.359714795466893333e-01
3.888179898280981206e-01
-1.425772610175529420e-01
1.957920328375955255e-01
3.690541810559800906e-01
2.881462656193499949e+00
5.149346216088565020e-01
2.575363798121153458e+00
-6.575637403495445676e-01
-2.730655439532812423e+00
4.651318925164278362e-01
2.816941931007584943e-01
2.288246708340159474e-01
8.259840708684657029e-01
-5.942635643438146653e-01
5.190609101282148696e-01
4.329272409197051918e-01
5.228756633233621054e-01
7.360463580448194376e-01
-1.768553804732516888e+00
-1.378869178766921610e+00
1.008148826698406775e-01
1.667625273954160603e+00
-1.947373208355275553e-01
1.807698938241022679e+00
7.148683291919456784e-02
-9.116667317724372888e-01
1.608345781469900926e+00
8.964959617217966859e-01
3.030252806511158359e-01
6.642657163345443427e-01
-1.776285476582514899e+00
1.099779859177746566e+00
6.620965741124742454e-01
-1.143922871552130599e-01
-2.597760379521811824e+00
6.840572977585271941e-01
-2.571628852488413219e+00
3.639421300121257197e-01
1.800210273419501350e+00
1.622625406164051931e+00
-6.710120893439964762e-01
-7.577482954951718641e-01
-6.586813782893728986e-01
-3.722369771080411005e-01
3.585013099010533888e-01
3.883143636841846491e-01
-6.228466969424759636e-01
-1.324498855449633139e-01
-7.577735654126095399e-01
1.203750206032315750e+00
2.291212278479062836e-01
-9.599028540473354687e-02
7.987462883532943092e-01
6.840168849783963001e-01
7.745106784355337837e-02
2.531955801843155385e+00
-2.274930583380399829e-01
6.228059970609478579e-01
-7.211652015166648555e-01
-5.381064956623139439e-01
-1.153756497001709569e+00
-2.555627034870233683e-01
1.083248641172514626e+00
7.759173754905547560e-02
-5.780627280783845467e-01
-2.046769479044431517e+00
1.444105064307737996e-02
-4.037638808438420712e-01
4.540344361902962089e-01
-9.803745839841967458e-01
9.960135170915556113e-01
-1.411094332805189033e+00
-5.057993202593458193e-01
1.693684563353084371e+00
5.813114274777568813e-01
4.260996919350258372e-01
1.003285175531804851e+00
-4.403084684795899317e-01
-1.046274603802984204e+00
1.431682979705379610e+00
2.969471153026833621e-01
-1.151291113274532263e+00
-8.201793525480660652e-01
3.652552369144793087e-01
-7.890815890520733733e-01
4.343506117469058125e-01
9.021638099745532546e-01
-1.754048369003869290e+00
8.153481735199260561e-01
1.444788701988133917e-02
-1.395782378065484552e+00
-5.597450685345923826e-01
3.513938311164284123e-01
-1.392677967969511821e+00
8.344405196912944023e-01
-1.017140650920797196e+00
6.827151963716965311e-01
3.703964744806721443e-01
1.903418140727534347e+00
-4.825851143833066459e-01
-2.979980521238473901e-01
1.484386963910542701e+00
-1.876600577610902931e-01
-8.409505608215404049e-01
6.619408753395530365e-01
9.622163333479014091e-02
-1.341685923785826962e-01
-1.296037834008222589e+00
-1.052204262790354283e+00
2.538767145819789128e-01
1.464824149309659651e+00
-5.875541212936482571e-01
-1.395681386557730441e+00
-1.447028066646770306e+00
1.321021201386499921e+00
1.498559688792675759e+00
3.446167956585323155e-01
7.941346688178522184e-01
-4.559742395517439317e-01
-7.955363721596381277e-01
-3.798501841863425321e-01
-1.808525360224697121e+00
-1.046195265733986801e+00
1.010694759884964045e+00
1.440035288628973287e-01
-1.221708997571304828e-01
-2.482711017198414305e-01
1.930563374361066731e-01
9.396102014809150083e-01
-1.258246129403138402e+00
-2.423146927336224721e+00
7.406671394527324370e-01
-1.754180577700517496e+00
-5.398183562727297824e-01
9.713450892955684257e-02
1.226296969448972263e+00
-1.861774980003794822e+00
1.492978464948282458e+00
-1.353868502256847239e-01
-4.656347294139758786e-01
3.369498695080667128e-01
1.554479431316441396e+00
4.509065066129366861e-02
4.802723514334313326e-01
1.079227927689046553e-02
2.629667753773935468e-01
1.674528930612585231e+00
1.025662065879319851e+00
1.175268671657565989e+00
-3.500967006314422147e-01
-3.003231586598834046e-01
-4.996028625491270025e-01
3.372866535199632310e-01
-3.640719892646273048e-01
4.504702745016657683e-01
1.618739464048804200e+00
1.086034067790662361e+00
-7.189989031541406117e-01
2.085774412354641782e+00
-1.471051546701074075e+00
1.761520794113967003e+00
-8.827432462483381093e-01
-3.402428970815288278e-01
1.009435970210851574e-01
1.863793312672031299e-01
6.674413253019868542e-01
2.686524148131502754e-01
-4.113534504755435584e-01
2.851946999671976513e-01
-5.338232403519544977e-01
9.236073066320148461e-01
-3.585950366159633140e-01
-1.292199486447291878e+00
-5.340823831542326205e-01
-1.086768104553585079e+00
-2.207449159953395190e-01
-1.170072396783388369e+00
5.138436097869191199e-01
1.430970786766602443e-01
1.551693027465944896e-01
-9.266559236458381255e-02
-2.290576608730630515e+00
-1.462612330527018334e-01
3.312768444888017916e-01
6.049383069262771473e-01
-8.474790650470065412e-01
-2.344502442020623967e+00
9.328929142515844930e-01
-1.098934195948331416e+00
-1.077083101708863788e+00
1.449642316871709857e+00
-4.839611963598393074e-01
-4.186130171529187267e-03
-1.379592555296557110e-01
2.969515736646093085e-02
-2.206983936103322996e+00
1.756476562924317752e+00
1.434261868999098466e+00
-1.983832234623682245e-01
2.014449553684722005e+00
-1.822883335214764977e-01
1.227936175539014130e+00
-1.980905071425887454e-01
8.774931318803520508e-01
4.016025670022678740e-01
-1.699202500868600252e+00
1.042794442934830812e+00
-2.120255587439141484e-02
-9.650865239754055636e-02
1.682652195618521640e+00
-3.091132543645545905e+00
6.602325960752107870e-01
1.409180434308861418e+00
-1.200365495948578359e-01
-8.146080865220782785e-01
-2.708292267237883522e+00
3.198366843832837758e-01
-6.723192343178512331e-01
1.132408420583942643e+00
-7.120546287469706748e-01
-1.076179877394224826e+00
1.282652339564888389e-01
-1.523371493445489611e+00
-8.283565894833885279e-01
-2.172257828167420135e-01
-1.359893984335960315e+00
2.759636796703630601e-01
-1.550612569797882534e+00
-4.671126880400795489e-01
-1.136064319171092407e+00
6.534119012545686056e-01
-1.394088756445920618e-01
9.220691894714011516e-01
1.254836595668018306e+00
1.225122805104429391e+00
4.415660347897908955e-01
-6.889820943712235968e-01
-1.005015263710878681e+00
5.098527601269243759e-01
-8.663558198169031277e-01
-5.911196094035072734e-01
3.726640755441616437e-01
-2.746081428778255340e-01
2.334194082131394177e-01
-5.718569319932296224e-01
-2.759794164580136600e-01
7.920131736567596892e-02
-1.960529095040290937e+00
-1.568523951794579041e+00
1.083633040071219966e+00
-4.095025966077434076e-01
6.433291461847766568e-01
-1.999094260318333149e-01
1.079102913191247071e+00
-4.593241586604492332e-01
-5.299593099174193522e-01
-1.402960294297559862e+00
5.882303134999585792e-01
-1.273113916915896260e+00
-3.959075974804792120e-01
-1.539769264831811979e+00
2.278424083494736685e+00
-1.046860537680658121e+00
2.082279557214948840e-01
1.940087097914647007e-01
2.383828951756692405e+00
3.512004299039875321e-01
-1.545144646753486617e+00
-7.364825350223421774e-01
9.642024284702731540e-01
-1.906919163631851211e+00
-8.396703364799110725e-01
-1.798325380401275764e+00
-2.170724264539173110e+00
2.188958538000700949e-01
-8.533173721444707871e-01
-5.732954996584237461e-01
8.221136710912168022e-01
-3.476710228006963388e-01
-1.336633048659553236e+00
3.370780285596490233e-01
-5.611682789248296777e-01
-2.141782703523727460e-01
2.653863592915344238e-01
3.756844930575664598e-01
-1.291108867833960838e+00
-9.019819038370018305e-01
2.148566699241857947e+00
-9.037332745885490182e-01
-1.211649727185051928e+00
-2.700836626408136709e+00
-3.508691627270141278e-01
-8.705471259225608938e-01
1.157374502632911861e+00
-2.437313188746510761e-02
5.957031856882383236e-01
-1.047576751268040757e-01
2.223794625564976535e+00
4.275211071254854112e-01
1.312017867100257362e+00
-1.016903668244489412e+00
-5.133559646316160352e-01
3.434109270711525608e-01
-1.039965295112990740e+00
-4.878636468379142777e-01
-7.463420942749302567e-01
7.450689355053238261e-01
-8.452087817439917217e-01
-3.082427327144751650e-01
1.091598141349471751e+00
4.334368130949384779e-01
-4.647768179333435223e-01
3.789441763476738556e-01
6.160578583743829828e-01
-2.318348438463540884e+00
-1.326572609756760723e+00
1.165877823964679427e-01
3.926155056781630015e-01
6.640198111824466287e-02
6.673519518477214474e-01
-9.264636615351865556e-01
-9.946750075646600964e-01
-8.087223739669967548e-01
1.258593057930981862e+00
5.442354680403523881e-01
-4.320912170031124960e-02
5.895515805166803291e-01
-2.518423996099314888e+00
8.060607962745497401e-02
-1.819801017161632561e+00
1.872228168844824348e+00
9.014187122245069794e-01
2.253177913493459583e-01
-1.130003967731258441e-01
3.161925188465130598e-01
-1.982769746214796847e+00
-1.628191955436168181e-01
-2.404525076694211116e-01
1.765492577015048914e+00
3.067590593764983262e-02
-1.054191792693590646e+00
-1.168521401940710996e-01
-7.281862652824713233e-01
5.409038195609613409e-01
1.824307047999709441e+00
6.687545050801269042e-02
6.226704730451363551e-02
2.552421064536347095e-01
4.770199869705110673e-02
4.984957147806861055e-01
-1.564485927468510229e-01
-1.666811291939411133e+00
1.157847311292480530e+00
1.051917134499449125e+00
2.004902260001613368e-01
8.512763266769118875e-01
3.380126183605482448e-01
5.378303114261260287e-01
1.863559785383364531e+00
6.783338042155409031e-01
1.133559977794003970e+00
-1.833674800424541340e+00
2.505809092413274763e-01
-2.266033876191278829e+00
8.803144272229268541e-01
-3.388184152399359439e-01
-2.687725995934354684e-01
2.373830995369561769e+00
-8.227202265834460126e-01
1.106893717933735255e+00
-2.269947217469204581e+00
-1.862055133192821899e+00
1.752114265563298190e+00
-5.092337484704768658e-01
1.011895876158395380e+00
-3.484739528621185745e-01
-7.656735275786187289e-01
-3.313224989022628408e-01
3.718429783503240382e-01
7.858499507473211132e-01
-4.910859680438227071e-01
2.062814132988985971e-01
-8.799661247138805820e-01
1.211748420745249355e+00
6.214207646955902664e-01
9.667079432956642016e-02
4.787155829122646256e-01
-1.381595549504314624e+00
5.048415326650126378e-01
9.431979075475100949e-01
-7.849298144022887058e-01
-2.459831821635119764e-01
3.464511186409335308e-01
-1.844092208400490485e+00
2.265148602203660433e-01
-6.349672331064964981e-01
2.413199805294291567e-01
1.681834962667447586e+00
-1.497698902819766253e+00
2.071990899727803814e+00
8.604789540999935316e-01
-9.348864527860244467e-01
-5.275165482322741184e-02
-7.005653979890148486e-01
-3.848320617748754446e-01
-1.831051642428427995e+00
1.709720824563502717e+00
1.926045821632982324e+00
1.101153601378972668e+00
-4.023403897394359913e-02
7.787788753018711763e-01
1.225947454079255650e+00
-6.177914618639247513e-01
8.747518796530250329e-01
-1.883606636165640336e-01
4.223999752406276675e-01
-1.160078845837669625e+00
-1.486036718876507123e+00
-7.256130049321272146e-01
5.490090020764250012e-01
-3.233457525775574881e-01
-5.177773473319737807e-01
-1.131799637537205916e+00
-1.582113876358806959e+00
7.832584660766547802e-02
1.625341935697448559e+00
1.061986652295382472e-01
-4.364579479814676422e-01
-9.707611762310628389e-01
3.775706391965061304e-01
-8.608961202141854896e-01
-2.787490456198308819e-01
-1.483342599438581599e+00
-4.884425197561675369e-01
1.150677150594699549e+00
-1.501058270633800262e+00
-8.107932373049004937e-01
1.800387071542865147e+00
-3.402805597297620666e-01
9.868024120097944607e-01
1.514415107151546695e-02
5.179227692172919673e-01
-8.624407002595421146e-01
