1.089871240375019035e+00
-1.023452936507007305e+00
2.390143494181815043e-02
-4.856586554516579279e-01
-1.820641071621102336e+00
2.482158353437041498e+00
4.245103328834741729e-01
-1.102121479397520254e+00
4.156806025088897183e-01
-3.069684321080153877e-01
1.115311983068278945e-01
-7.809127726174925899e-01
-4.940151650495427926e-01
-1.813875057998185936e+00
2.631411093881876884e-01
-1.642866410319485881e+00
1.881743580850158137e+00
9.627921807102307605e-01
-1.552622133413704253e+00
4.452089843056799001e-01
5.235176800730355628e-01
-9.712628034235705199e-01
-3.612802450527604625e-01
-3.233030259884023261e-01
-6.398242906086218929e-01
-1.142996531470613863e+00
1.064900471425580308e+00
5.943163076593346306e-01
7.238878450676602405e-01
2.520338428567993061e-01
-1.178999418954540968e+00
3.052260454636920306e-01
-1.241640136157189822e+00
-7.201499353189032560e-01
-9.378562861857042687e-01
4.306642462016150308e-01
8.782914182357589583e-01
9.694016507666110005e-01
-1.612121899666326685e-01
-1.300948971030153611e-01
-3.751402089199165069e-01
1.317495361246683760e+00
5.095561021598769003e-01
5.384387951684804774e-01
5.532089723055723107e-01
-7.693962670578846641e-02
1.564059086411953459e+00
4.887271842442663661e-01
-6.011274399832804427e-01
1.018367028897297022e+00
-4.836450050952589286e-01
-1.153354342811992339e+00
1.240514513942863495e+00
-1.817405322644226828e+00
1.246232938574933918e-01
-1.251729910124194101e+00
-6.022159749170615806e-01
-5.344956420204404202e-01
1.355667932271256815e+00
-1.112351877310785664e+00
2.437373201572782477e+00
3.596105656683765139e-02
2.827097985430512272e-01
9.522053624758541890e-01
-3.452139696875925479e-01
-8.535429338435970292e-01
9.748340294010299223e-01
1.314173735705485901e+00
-1.481046874182161854e+00
-1.127041904213622381e+00
5.974918623816907193e-01
-4.914299349034845776e-01
-1.130993378201311295e+00
5.858141615947216607e-01
-6.436441661883151033e-01
1.246027436889185491e+00
3.492311132672261120e-01
7.985136157477246144e-02
-1.079218998008500824e-01
1.435342651804349771e-02
4.615960813293267240e-01
5.986718860303771317e-01
-2.270497934075661473e-01
-5.664810725257961588e-01
5.885275184457583464e-01
1.751283541825881251e-01
-5.124671808218524971e-01
1.138750948923767270e+00
8.853238704137151860e-01
7.497001813931445380e-01
6.970879646845956623e-01
3.043268593821741308e-01
-2.858470364576866096e-01
-1.149626297403407493e+00
-1.184058497063259496e+00
9.460172293201811744e-01
1.636367599253174987e+00
8.986577280057279904e-02
1.515775267975006502e+00
-4.751436715936004362e-01
8.943563265352686420e-01
-3.171169660306456528e-01
1.467909732475700224e+00
8.306447115231893052e-01
-3.985488713036116626e-01
-1.397554404731691902e+00
-1.223042917637611415e+00
-6.718969039109354835e-01
9.584213693389121991e-01
1.703840495533187616e-01
3.723077226448813226e-01
1.447098036080554762e+00
-5.499525052307088213e-01
1.359741789658055477e+00
9.206243302164031084e-01
-1.302217790269590392e+00
6.716490146284588569e-02
6.048581179014040909e-01
-8.170834833966137412e-01
1.464305751917760023e+00
-9.645213336839870699e-01
1.678181629901604188e-01
2.209245026003819057e-01
7.191735683367711518e-02
-4.149852940278451752e-01
9.551558213690566346e-01
-1.107164364940926016e-01
5.707916711480254257e-01
1.046129696664023889e+00
3.613779556563545547e-01
5.503232298565230440e-01
1.376514932742495256e-01
-1.380101261701224491e+00
-2.419320961898353481e-02
-1.020778089595755000e+00
-2.031938254250543530e+00
-1.512117291572910860e+00
2.167118357891700819e-01
8.300944396704340589e-01
-9.485320356429132183e-01
1.455026262987549890e+00
2.965893778509891554e-01
-1.232024993600899121e+00
-3.006412767536184028e-01
-9.031986455197961450e-03
-1.738812152888112028e-01
1.585403993963850899e+00
-1.469676667293649874e+00
-2.511047630637229244e-01
9.166483591400274022e-01
-1.834892236461545867e+00
-9.328340220470091593e-01
-3.630870785027486836e-01
1.158319407599975870e+00
1.895951845370275501e+00
-2.391882280592587950e-01
-1.296666650671436605e+00
1.116647330717965847e+00
3.653861677525678253e-01
4.592575860936026211e-01
-1.591495734780145055e-01
-2.161478603935741982e-01
1.403556199110459923e+00
-5.054431130766883218e-01
-1.145426265749834194e+00
-2.535358947382033712e-01
-9.933215373571689655e-02
-1.516063374697175670e+00
-4.567951073012015972e-01
-7.691445999675309286e-01
3.163979110436598297e-01
1.547430845148432210e+00
6.966558981643757864e-01
5.797290365337530449e-02
1.247851130519777696e+00
4.306825898484592519e-01
1.687575781767873540e-01
-7.167345005917262757e-01
1.027829183172498606e+00
-2.484829631801926952e-01
6.626653879415601578e-01
-3.324854404325199853e-01
5.517997114333387382e-02
6.725604635051501967e-01
-7.754326400419792042e-01
-6.831124881905104029e-01
6.752434562294437059e-01
6.313613650071433492e-01
-1.138354702202184265e+00
-7.776739373428235291e-01
-1.182375836615962156e-01
8.042764888077562624e-01
2.437990998243207696e-01
-2.501403538664855319e-01
2.185389309012400361e+00
-5.003568319618466598e-01
5.098088615884865948e-01
-3.540967765266031519e-01
4.759166310898692021e-01
-1.211578651102101833e+00
-9.127965577744296954e-01
1.473932345010950051e+00
-8.147552125237466081e-01
-1.498792908348818065e+00
3.037584696800684769e-01
9.571589379645866202e-01
-1.777718437152365549e+00
-5.610313178044653570e-01
-1.658506552351409757e+00
-1.251585380970728911e-01
-5.414310691187741026e-03
7.418254559400478954e-01
-7.341085777626503717e-01
-1.233686998496803522e+00
4.582526779298300990e-01
1.024058847591125199e+00
-8.543154193533754048e-01
5.483708828840549998e-01
3.691803587639153061e-01
2.674086972830695519e+00
2.320962601855140583e+00
9.302512265820643833e-01
-4.674435284611896946e-01
-2.913253048294447423e-01
8.736941321328387522e-01
2.632142258075954033e-01
-1.557395935214324512e+00
-1.289658228813104435e+00
-2.914432745687796644e-01
6.465886878960134254e-01
1.901215852501947079e-01
1.388916796695183198e-01
-4.040432818760577582e-01
3.307085126348584536e-01
1.137106570930493943e+00
-4.716541280554668036e-01
-6.585315446462849387e-01
6.111480812325426060e-01
-5.146108725624162217e-01
-1.168699347717694070e-01
1.182829074611762010e+00
-2.301466521491798145e-01
-1.153140496028163708e+00
-6.545121964568955120e-01
1.197962001691348088e-01
-4.413138323582277978e-01
-2.620232535323318013e-01
8.063520576837891751e-02
-5.111802300024670398e-02
-4.432472202301944164e-01
-2.026733406898834744e+00
-3.638025973560643500e-01
2.126107349738670105e-01
1.822798460464746251e+00
3.627114666399510190e-01
-5.385960977583321707e-01
-1.317926116847927043e+00
-3.271854308742485062e-01
2.821309028203093927e-01
-5.844251866381493521e-01
-4.869723662578305523e-02
-1.500721734243474492e-01
1.115867136368157819e+00
8.706948589234368707e-02
4.253195551190084300e-01
1.729444618746726725e+00
-6.709355125379156126e-01
-4.944698103641328446e-01
8.410034565221643499e-01
-7.234464857131246429e-01
-1.131794173658597691e+00
2.240575269600785235e-01
1.554767223644672125e+00
-1.585606991222208384e+00
-1.683473437835409925e+00
-3.009505555737314597e-01
1.987153231729306135e+00
1.314302198151765966e+00
1.015078748962605859e+00
9.356377137779350872e-02
-1.649891030853969376e+00
-8.766598391397000256e-01
-8.526797545476638707e-02
-5.234644797089910151e-01
-3.691097369889880242e-01
-5.049029599105425703e-01
1.122086554920040502e+00
8.276068678335676276e-01
-1.560044275966145699e+00
-1.425926855423270689e-01
-6.804372474756418265e-01
1.729502034579641356e-01
-1.701930193004341785e+00
-3.528601867992138819e-01
7.079629237048723489e-01
-3.704039512512359855e-01
-2.621407282844925302e-01
4.365661624932289375e-01
-1.268269137245062739e+00
-9.922676587599291720e-01
-6.003721845214530228e-01
-8.141025659570476636e-01
5.121999435301884951e-01
-1.203800268646387339e+00
4.960534642892834301e-01
3.648278719737996778e-01
2.012375253157326682e+00
-1.330825318743546148e+00
-8.249788782128023579e-01
-2.093607070215697530e-01
2.235008977952741560e+00
1.373604517593454588e+00
6.299815146207566885e-01
2.101214888148582816e+00
2.399976589304611441e+00
-1.059489283134733784e+00
1.294270122920367028e+00
-7.627246745279491202e-01
-2.321599599781376533e+00
-7.338018569722875029e-01
5.629468371128589776e-01
1.592877447720544071e+00
-2.046028188191999497e+00
1.914175190475420896e-01
-1.004811644207515231e+00
1.689514409626270419e+00
-3.490689670402660205e-01
1.195303202472103976e+00
1.419555841466790591e+00
-1.350571712205156150e+00
-1.537562544386027463e-01
6.246191325109765047e-02
-2.718262393224150086e-01
1.190381070818088860e+00
-3.140530354625860610e-01
1.036302477443825643e-01
-4.671350924794095798e-03
-3.128590360324896014e-01
7.677730869372570988e-01
5.892952727063170970e-01
-7.393645668278877592e-01
9.389387998168323701e-01
-7.861325956136633319e-01
-1.955218458696922790e+00
1.207578844020272157e+00
-2.164935233331548858e-01
9.004540178989883792e-01
9.355530680460007187e-02
-4.079028162542812086e-01
-6.788902884699783424e-01
-1.207617336073048830e-01
4.576082377509290700e-01
-1.428784954856640477e+00
-2.476299562333793558e-01
-3.142933770270312649e-02
1.262912139423477020e+00
3.000015007321821248e-01
1.697658679486425015e+00
1.538479297547593827e+00
-1.749719614022548497e-01
-1.404481373050646464e+00
-2.700986612181118129e+00
5.751548192108518753e-01
-5.483088499160118090e-01
5.015963111692020027e-01
-5.394232046861212604e-01
-1.656895019781589928e+00
2.977268040577100705e-01
-3.686317624091744460e-01
1.170936401690796824e+00
8.323197424025557956e-01
-1.821637817133419934e-01
1.408636420100731756e+00
-1.484446538427090179e+00
8.725395878565331831e-01
1.799613685421664444e+00
-2.049330789221513349e+00
-6.304865848138131446e-01
-3.422177169849014988e-01
-1.089023076003523993e+00
-7.131902760967703259e-01
-7.894751886535179564e-01
-1.054066030658280528e+00
1.436359800548187904e+00
2.112225027185224313e+00
-6.786670348506832484e-01
-1.226852707888675731e+00
4.973313139833343555e-01
1.605817236357147682e+00
-6.827621517504250948e-01
-3.641832731434258563e-01
-1.381952459597800109e+00
-2.424611175061404111e+00
2.555166311431999460e-01
-2.232951918808615321e+00
-2.460005400806782871e-01
-2.510554451926825248e+00
-4.688012978705035638e-01
1.138026598682906787e+00
-2.445524321712535809e-01
5.393022619577232390e-01
1.101830212551550447e+00
-6.445452825234948557e-01
-4.919037305219928560e-03
-3.827001930674048258e-01
-9.859202341525196145e-01
2.974403308895557374e-01
1.487354278097620996e+00
8.068100183625314115e-01
3.091651746310656868e-01
7.235077952852253524e-01
-5.662396250499888151e-01
1.053131362195011689e-01
9.662305653382708970e-01
-2.317723691246263706e-01
9.837796077680400764e-01
1.022899069286796747e+00
1.031002287572380327e+00
1.387284527092598418e+00
-3.230110472749930794e-01
3.491309315906914734e-01
-3.121002749583276503e-01
3.776072455718170739e-01
4.889627158116655603e-01
1.493331581236985395e+00
7.330341065604552009e-01
1.208696522075001917e-01
-7.453627537434031058e-01
4.916673801581890046e-01
1.756703802490229838e-01
1.732108699293180565e-01
-1.626080886607852216e+00
-1.309550518856443579e+00
1.451291104153262790e+00
-5.629236728860079753e-01
-1.666244108221535403e-01
-2.747191061947953816e+00
-8.452201379496474543e-01
1.012179278814146821e+00
-5.624808036446183879e-01
7.179490341819676491e-01
4.965453961758518608e-01
-1.880713527207014346e+00
1.847209690409898020e+00
-1.066433842832918755e+00
2.629409060276053922e-01
7.376144128349928497e-01
1.876772621421067544e-01
-2.877216378382226325e-01
-1.003110244919479754e+00
6.098560389648013391e-01
-1.875774595643059151e+00
-2.623303833655262762e-01
-1.563342123817211382e+00
-1.297279671145635582e+00
6.716814582236175779e-01
1.078240088638691363e+00
-4.052551423840652922e-01
2.657494813394775335e+00
8.197306070692820246e-01
2.077851424234196109e-01
2.547929792393173187e-01
7.637343609148454782e-01
1.067681424287834080e+00
-3.150070455633608990e-01
4.935038146199946518e-02
4.508783245799546369e-01
-2.873772348973716029e-01
5.933676807107804985e-01
1.014345972021845510e+00
-1.090177516431364291e+00
1.041305549602721703e+00
1.530979695271969532e-01
1.954266393503969024e+00
6.542095898374207241e-01
7.081209112620596713e-01
-1.827115560206800104e+00
1.476681969691945095e+00
-3.877393431494570719e-01
6.458587921319615399e-02
8.091621568788658347e-01
-7.879148574566301466e-01
-2.110277436153197850e-01
-2.857005523450959483e-01
1.684831338774399168e+00
1.191651699622288563e+00
1.196813163424386706e-01
7.274287725369806834e-01
-7.250796930540877039e-01
3.409636132696879929e-01
-6.497034319685455195e-01
7.877182901609506294e-01
-1.342393228954347206e+00
-3.936267473063804201e-01
1.202466672215711352e+00
1.037136184594816601e+00
-5.657905614457011678e-01
-1.873268386815914122e+00
1.265869573308515905e+00
7.159567026516146238e-02
2.278678245301250099e-02
-1.317856139981236074e+00
-4.917773784229378387e-01
-2.036515514646081382e+00
3.188389256306576325e-01
4.689153845966119172e-01
5.884679566438865139e-01
2.836099620646358455e-01
1.277749250148380034e-01
-1.095532497035744735e+00
5.692635997843156215e-01
2.405184316331883121e-01
-1.001228856351514152e+00
-1.478760545205015209e+00
-1.602493818518029023e-02
-7.774009024425676539e-01
6.946900668499407239e-01
1.863850942045982784e+00
-2.886435377862962004e-01
1.059141312763737464e+00
7.132888893952681331e-01
-5.290379213358421123e-02
1.114172544302922896e+00
1.120483722119009595e+00
-1.939118303286805345e+00
2.170410468791467845e-02
-2.798685026622826366e-01
-5.603755782486086190e-02
-2.272880511576292673e+00
2.198789705813885831e-01
-6.022660369110223177e-01
-2.495418000834946359e-01
5.002448588466530399e-01
5.533419960785115888e-02
-8.003272149896594190e-01
1.815376500463233844e-01
-1.691167212159356392e+00
1.951660178024450021e+00
-7.739034710054414345e-01
-6.405781025675447160e-02
1.455967002056449688e+00
6.714111009347939474e-01
-1.211308490992497044e-01
3.133742672410130936e+00
-1.518300312974213417e+00
-6.284410661010790822e-01
-9.544728792253716065e-01
-2.181905253704389480e+00
1.814126249774650201e-01
-8.993808528278207648e-01
-5.634540980372469698e-02
1.475496917542727715e+00
1.406750224758589685e+00
-1.052897769909610926e+00
2.375762843398908919e-01
1.656620228670893979e+00
1.477506098072460139e+00
8.448300402354131933e-01
-1.666109375014027449e+00
1.124802396821573458e+00
1.077899496974964455e+00
-9.246918513507842441e-01
-2.476089267683743642e-02
2.687453986421818541e+00
-6.914401565495990054e-01
1.493389219613803442e+00
8.323207314415393965e-01
5.425688366239260763e-01
4.763613668739107854e-01
2.069050594154718592e+00
-8.973937649354905843e-02
-9.011956382532134713e-01
2.453918167663887706e-01
-1.483088867410487843e+00
-8.284792881904198270e-01
2.083324900398463519e+00
1.141262660163512299e-01
7.811709821992993651e-03
-1.166463088922683466e+00
9.184598891281339217e-01
-7.056854880345625469e-01
-3.641819970550010804e-02
-1.770071622757427798e+00
7.363597195173775534e-01
-3.600841341451045952e-01
-8.461513465062636685e-01
7.369191086316402295e-01
1.753371233752900382e+00
6.922203872541163316e-02
-1.228537839149937416e-01
-2.892188612657733415e-01
-1.030068403988669612e+00
-6.243748590254312447e-02
8.588444185310774026e-01
-3.623402642888542413e-01
-2.244498421187454684e-01
2.434486866688423679e-01
-3.161187861740895610e-01
1.477160699236485408e+00
1.551099116164090796e+00
5.710393645501420368e-01
-1.851258890063435469e+00
2.153954950146341751e+00
-1.478934071158769736e+00
8.237320007437052283e-01
1.280864678849041871e-01
1.234882016526302362e+00
-7.281076378355200163e-01
1.771116417761513295e+00
-6.822730585551077531e-02
-6.318708046058700845e-01
1.075266287914803165e+00
6.503737020147131176e-01
-1.277149903456098690e+00
6.063866551916256009e-01
8.843471625664138802e-01
4.892927901704191007e-01
1.071895779587793029e+00
8.051489945430770900e-01
5.378260038012764310e-01
2.225576353053561607e-01
-2.898307668728554720e-01
2.573302109924671122e-01
-6.501538340417352124e-01
-1.267711699380056789e+00
-6.637028043034948199e-01
-1.043619196857337172e+00
5.671074817242603983e-01
-6.838241347251271252e-02
-1.063544143081587068e+00
-8.551742047120548529e-01
-9.481007964349587036e-01
-8.826007591852016443e-01
2.815020830825262863e-03
1.243466579497812141e+00
-3.646310625986911025e-01
-1.665177432479633346e+00
-4.718276401767824701e-01
3.145294577552055094e-03
-2.417712728386500309e+00
1.061186676342108282e+00
1.752624181486270638e+00
5.791907604185458913e-01
-1.631224706202622388e+00
-2.139975386610370178e-01
-1.807569360329045749e-01
-1.121475135289391467e-01
2.661763139544351953e-01
1.156705113231873083e+00
1.316165302870784259e-01
2.468867882244869527e-01
-1.220977211193881029e+00
-8.133805890171060815e-01
2.443170454556926052e-01
1.748455178115536079e-01
-1.607503520736274005e+00
1.415847897155649293e-01
-2.228653113207466549e-02
1.121748258228988604e+00
-2.678385381081630490e-01
9.313031869135146579e-01
1.687453166965947826e+00
-1.115227606840553332e+00
-2.507888620315678274e+00
6.992856588213478553e-01
6.060418260826737347e-02
1.909044729229570497e-02
4.598079083167623260e-01
-1.085422455167796230e+00
1.879042889015362539e+00
-9.277562947691183615e-01
2.869575099066454249e-01
8.172938523715722603e-02
9.585575290730251607e-01
-2.849874773235316350e-01
-5.613726185921532608e-01
-2.010006904887356727e-01
-3.061200719926600033e-01
2.202946120537108421e-01
5.302398960001799555e-01
8.610165552271247247e-01
1.824155199409677852e+00
-1.064282946191063672e+00
3.448651556956167097e-01
-2.336171798214946360e+00
9.006390175153827782e-02
-9.436247260394584613e-01
9.768880760841689437e-01
-2.200136113626628698e-02
-2.111231413449742966e+00
7.020219105647760305e-01
3.688843077803498627e-01
-5.832193281192631362e-01
1.167441672551519982e+00
-9.454183026204973084e-01
-3.444790851309105784e-01
-1.322299371518529831e+00
2.162222924513277078e-01
3.598272783033648614e-02
-5.327628862992584979e-01
-5.788530464222723104e-01
-2.000948576813642354e+00
1.714462549794060486e-01
2.587779223826228159e-01
1.231698811435756769e+00
1.409390041318712150e-01
1.062873258094549911e+00
-7.254320294793057400e-01
1.773740948571641107e+00
6.041664948734979390e-01
-1.258087160491527356e+00
-9.578467037589341593e-02
1.245284672256637137e-01
-6.074920196460925625e-01
8.996221832881474700e-01
1.337110175794125333e-01
-6.621530342136117131e-01
-6.088063884097136974e-02
-6.575657062234283590e-01
3.737865205251357792e-01
3.431926012480757682e-01
4.614514011998974152e-01
2.245574234513547374e-01
-2.565335528035569412e-01
7.761271298755182402e-01
7.504463112532919755e-01
-3.553121764368905033e-01
-1.330168664257944000e+00
-1.031973821185641738e+00
-1.438519084705935924e+00
-3.123131579330131746e-01
3.665633569667470226e-01
2.616519580478108509e+00
4.900587007799762640e-01
2.521785274771743968e+00
1.490588057108101827e+00
1.110003568047434497e+00
1.067968302032461958e+00
-1.602946765204316781e+00
2.482648306547755035e-02
-3.324391348959336301e-01
1.657183341498709384e+00
-2.231113088760112273e+00
7.950176519607102255e-02
-8.227632852533433017e-01
6.408111045665283445e-01
2.178816738373385298e-01
-2.372914088481691497e+00
-5.104482196491978430e-01
-3.147632843128896241e+00
1.529803483467785608e+00
5.260274771868832522e-01
2.780888730006403353e-01
9.582348837122999230e-01
-8.532917526311449841e-01
-4.912669752084383723e-01
4.969654108769916423e-01
2.059412619898301600e+00
1.584800881907747261e+00
9.371214905879641233e-01
1.555973025990717573e-01
-8.897657713300952675e-01
-1.142013321615411303e-01
-7.085208154592025354e-01
-6.848493939350546178e-01
4.527875388098842047e-01
-1.017494293608798728e+00
1.061669138817402880e+00
-1.047730068440430040e+00
-4.728838969167045714e-01
-1.842953636636478931e+00
-7.607643545024843357e-02
5.495440155136305238e-02
-2.020538213708316544e+00
2.075162342895703615e-01
-5.243142765449524401e-01
-6.437890251544892140e-01
-8.373945576445211980e-01
-4.284473285190529834e-01
1.996243060283640902e-01
1.772561656875610403e+00
6.800968038666463933e-01
-7.407671657025884926e-01
8.231756892124290070e-01
