2.291492831375999129e-02
1.234730989375250609e-01
2.804635502149273596e-01
9.870711373547806922e-01
2.002000958022322141e+00
8.639760278936968740e-01
7.251016450968483795e-01
-1.180806559346112561e+00
9.387575441860288583e-01
1.014962839420479268e+00
6.112194152178588302e-01
1.190851007761512648e+00
8.202366605869989558e-01
3.881176276281527726e-01
8.498278099751107595e-01
1.402454372942693706e+00
-9.211025258101843693e-01
3.278723990265122734e-01
3.468931909940320968e-01
-5.070093082824258524e-01
2.268760584342082443e-01
1.321024954983950339e-01
3.280890455845482112e-01
-9.985988425682752467e-01
-7.119641206553423141e-02
-3.225408537047373958e-01
-1.596084111414720841e+00
1.235294026488547858e-01
7.552889678211932578e-01
-6.515625084265315170e-01
-8.025244455556043710e-02
-3.443834845741413631e-01
7.879363081574127792e-01
1.641861789018931594e-01
4.914393283418516112e-01
1.180741613376086629e+00
-1.326738083102406263e+00
-5.854515371216767461e-01
-3.168723299859476650e-01
-8.618584270707539685e-02
-6.897783547769158474e-01
1.683904777618600856e-01
1.233496733689397384e+00
-3.183910407820233490e-01
-2.643531052457668840e-01
-4.928929135132292805e-01
-1.388410971082086443e+00
1.759469160387245878e-01
-1.099951774229471990e+00
-1.011829553406018434e-01
-1.491524330315196822e+00
9.384540305530465476e-01
1.319301752320671539e-01
-9.510428517801149118e-02
3.984923767817437623e-01
7.245068453367465855e-01
-2.051607023522387330e+00
1.337815829633667963e+00
-7.985912409012038138e-01
-5.290068460081772672e-01
1.933737690329370706e-01
-3.674938251953453056e-02
4.803368515278587658e-01
8.580242245022813297e-01
-5.610848721930795646e-01
-1.847295298761029714e-01
-5.848875168483884668e-01
-5.170886567357432240e-01
1.149531363657473770e+00
2.547609425846608100e-01
1.516317651317148352e+00
-1.273444729950216070e+00
4.044452325084879063e-01
1.713178993887115364e+00
8.099375175965067841e-01
-4.836568989303834110e-02
-6.007668361638430765e-01
2.732755070638117068e-01
8.529406882366357134e-01
7.855827357673847433e-02
-1.887912620565524585e-02
-7.786909466104824373e-01
-2.655622545075160268e-01
9.597830121204768972e-01
1.367091315955737407e-01
-6.090970918136728862e-01
-1.403927196893991036e+00
-6.182833944869896570e-01
-1.276981995589110963e-01
-1.770282754243408113e-02
5.832320539084963514e-03
-7.532475288560754878e-01
3.240594930378974392e-01
-1.508551233418176540e+00
-1.322981042328342238e-01
8.883713875842895458e-02
1.307172446348262851e-01
-5.946412405144979596e-01
9.073116747955701777e-01
-2.273840152475565812e+00
-3.198578221598611937e-01
-1.172182905137795078e-01
1.727797213625972272e+00
-1.731473584512701613e+00
-3.519359955749538221e-02
2.593425192253812739e+00
-5.032540844517174872e-01
1.668675260230160218e-01
6.412676833794175302e-01
-1.662086809926851316e+00
5.828792002624821889e-01
3.047087153228412726e-01
-1.803762260175485244e+00
-5.552807370433440193e-01
-1.643854582621203930e-01
7.838056241969190152e-01
5.937357244614550889e-02
1.428746615743408943e-01
-2.063823446958934771e-01
-5.834009227338833314e-01
-7.132930676396674607e-02
-1.014326729896640744e+00
-1.159197240458525791e+00
-6.139788610248557710e-01
-1.763540269875090438e-01
7.106969807671681405e-02
-1.180410960852879887e+00
1.850801556663563829e-01
-1.539262514242701885e+00
3.842823908756329843e-01
-3.313266761421501116e-01
2.058127158441399374e+00
-8.355594586204992957e-01
-1.302994616427555208e+00
-7.023438369646782531e-02
-1.011127951715090276e-02
5.091248934753909161e-01
6.770454375926762136e-01
-2.418060182113919709e-01
-1.695657918166518341e+00
3.377301106011694753e-01
-5.152503458140629267e-01
1.061696401578920312e+00
3.478031865850749749e-01
5.217838039820692914e-02
-1.070281196509930588e+00
1.132633674400575774e-01
3.526247025852236594e-01
8.661481572616471780e-01
-2.026213765836726743e+00
1.266549013707070070e+00
-3.584248296302908199e-01
-2.190934038200018641e-01
5.700102291387183495e-01
1.006563708979434368e+00
-1.152358658359836863e+00
1.485936001484663427e-01
2.862544415096689165e-02
9.129081739872535461e-01
-1.277035651800119798e+00
-4.979786396672248316e-01
-1.098278580586399489e+00
-5.861432985809033047e-01
-7.751508304880334599e-01
1.142221034646411670e+00
1.901855480077781602e+00
-6.725994807104168638e-01
-4.634522179830064537e-01
7.259379746366555475e-01
1.624191598329119968e+00
3.557295659541824806e-01
1.657684053182892692e+00
-1.469841236302300791e+00
1.467967471017822989e+00
1.025844713963306898e+00
-1.745044219762875271e+00
-1.070449136133376555e+00
-9.811223329816980421e-01
1.016229860310351230e+00
1.611539124002137335e-01
9.893573222330026562e-02
6.900238069239300609e-01
1.963916622702536197e+00
-9.504464989676143505e-01
-8.673692712505683133e-02
-1.935536918046153188e-01
-3.076708048352017610e-01
-9.382887391807428479e-01
3.425359905804863381e-01
1.581311568250682642e+00
-2.842200747128589278e+00
-1.394749937726764921e+00
-1.136956935005512204e+00
-1.438191183747873136e+00
-1.087694104418243102e+00
-5.273719251135451369e-01
2.409794682029277046e-01
-1.030793039699991587e+00
2.858539838464562721e-01
4.390933407506197317e-01
-7.444653226554079906e-01
-3.505164245279022706e-01
9.009232042304440302e-01
-1.522381282614709175e+00
-9.582416783609489785e-01
1.271630564292136167e+00
-2.522395726899662183e-01
6.108413559596945208e-02
-4.780224456355748885e-01
8.058397097281713162e-01
6.719023596981806845e-01
1.406248232863430148e-01
1.081062113171257222e+00
-1.044231127088500966e+00
5.866879121477851511e-01
-4.216000508754399467e-01
1.143522347993733979e+00
-2.718437426737498885e-01
1.096507616551445213e-01
1.939600252128455660e+00
2.681825817673597415e-02
-2.247354265244368154e-02
7.816774484893089792e-01
2.677171441260590146e-01
-7.935607591017998508e-02
6.963529582135155049e-01
-8.271853996302221124e-02
-2.619097314026591072e-01
-1.143092824286031206e+00
1.057903552548774329e+00
1.663303554862657574e+00
-6.542942835142917524e-01
3.681391350276019270e-01
2.962057726738358543e-01
1.002531071395296847e+00
-1.262268782086878871e-01
-1.476476399410141083e+00
-3.836148090755824303e-01
-1.832212891277081868e+00
5.980227219170328734e-01
5.063063057189827187e-01
-3.293168106012083762e-01
-7.638797476829665145e-01
-1.553412993492922833e+00
5.998629847030240159e-01
1.111538733624938713e+00
8.439785362218257259e-01
4.116477466375834116e-01
-1.870194846525447430e+00
8.453858829871317981e-01
-1.279096829218107745e+00
7.838840349097274673e-01
1.448505597395068623e-01
-6.720463408810126715e-01
-1.450533723667044028e-01
-2.832079948326046148e-01
-2.417252150829647950e-01
6.796824722691764409e-01
1.553309554296641970e+00
3.279300504161761776e-01
-1.054211987890092184e+00
9.261375641887595878e-01
2.699746107211098076e-02
1.454367128253254871e+00
-1.306778672383628104e+00
-2.051904913180447043e-01
-2.371179106682478055e-01
1.429732840123616899e+00
-1.393140737653527639e+00
-5.741685894988239891e-01
6.624833939914818171e-01
-1.698619968851409423e+00
-1.715411389924762942e+00
-3.893971146238699166e-02
9.755560281911859200e-01
1.298363155695300808e+00
-4.095211871049338204e-02
-8.030836034805253210e-01
9.321694478415691876e-01
-8.711452677776343467e-01
1.762523176642107892e-01
1.239857312194305068e-02
2.778699558708283557e-01
1.266822242599766890e-01
-8.072427629847799269e-01
-3.590215585923717256e-01
-9.536867436162933531e-01
-1.303032830533408792e-01
1.118882049486090491e+00
3.396067941499791298e-01
-6.183145041537229103e-01
-1.150822716501804122e+00
-1.934204936880475345e-01
-2.207209380389930864e+00
-5.191762432229713592e-02
-2.063944062155102233e-01
-5.075022361488736866e-01
-1.365911284544870430e+00
-4.470742154046771222e-01
-2.629435352623141209e-01
-3.536169790993047291e-01
-2.174540110416083305e+00
2.264675106291493378e+00
-4.367067560763784884e-01
-7.311305548567752499e-01
-6.550323643857770550e-01
3.816118408783969462e-01
-7.600947734735830075e-01
3.810821840125463433e-01
1.451388327332632455e+00
-3.821138822750129171e-01
2.847651894290906260e-01
-1.100485260579344926e+00
-9.083566837272764039e-01
6.723073413198700221e-01
1.161850247152165228e+00
-4.315279679241844080e-01
1.147081653045949112e+00
9.985744193151160908e-02
1.084799887160628362e+00
2.416266948915040402e-01
-2.837165157095303591e+00
-4.872682196150028844e-01
8.557183924786083973e-02
-1.617234669293877436e-01
-1.346103305062905653e+00
-1.830959225227303699e+00
2.581315673211604378e-01
-3.797407200723629250e-01
5.826866548994351636e-01
1.166756862367044789e+00
-2.399591934486036582e+00
3.981239034807135257e-01
-8.075397085534443686e-01
-1.257397241809923738e+00
1.750215216640481630e+00
-2.827806551382549660e+00
-2.048228372832892941e+00
1.145585100632641185e+00
-2.625165020131610571e+00
-2.120207369838994715e+00
-1.766912976308242511e+00
-2.576623318453995504e-01
1.278087182249551423e+00
-2.196662844499045197e-01
-9.573547562441715453e-01
8.495921730374869085e-01
-3.982785963906808509e-03
-1.175742618982530407e+00
8.728922095318421281e-02
5.755818036503006496e-01
-7.876998009964960579e-01
1.987457987372960977e+00
2.593804351510957118e-01
6.533578399062738296e-01
-3.685729468211198512e-01
6.827822259060347676e-01
-1.764289358722169743e+00
-2.241898170018241099e-01
8.586496143005554194e-01
3.244787043213752664e-01
7.535118491271548535e-01
8.817753302257145265e-01
-2.256941437779014681e+00
1.567197792031177705e+00
-2.813766746935018048e-01
7.506532462425294927e-01
4.001517881748504202e-01
1.081229551515690418e-01
7.537459424362964455e-01
1.646291065568595280e-01
-5.847441246171894980e-01
-9.049195554432077904e-01
-3.318329780761199443e-01
-3.854174932379175744e-01
-3.117021007360004647e-01
4.524898044528341545e-01
-3.293943081369962167e-01
-4.638047208609261118e-02
-1.674621581125196768e+00
8.746085685956986877e-01
2.803157911212842968e-01
-1.366697370045919291e+00
7.663368107628121262e-02
5.561322849132001034e-01
1.272762459209723085e+00
-1.954273907397035659e+00
2.160556550341698190e-01
-1.996828190148352000e-01
-7.110328262696379298e-01
-8.179383880527286710e-01
1.690021838242710350e+00
2.957522933975436086e-01
1.570746567817793704e-01
-8.903187561556455965e-01
1.108032609513480926e+00
-2.392569088468542715e-01
-1.324216944925592720e+00
1.460435367813287810e-01
-1.019877501697530775e+00
-8.435157911856854263e-01
-1.066895486398849346e+00
-2.956986127711042300e+00
-1.653450325702549017e-02
-2.308761215292650104e-01
7.929062725716914395e-01
-7.948565813895859256e-01
8.404303600332568847e-01
3.738996805353715369e-01
-1.980049808745926176e+00
-4.925922174496378259e-01
-7.684331684239321669e-01
-1.948819857436747238e+00
4.313067821879473240e-01
-5.741484567761519914e-02
-1.680510314701378835e-02
-1.444317934853103780e-01
1.472763598726291034e-01
1.866941610118631356e+00
-1.809897379141668150e+00
-1.452325247411831721e-01
-2.398396336117793737e-01
9.543264739209836311e-02
1.616396860752383480e-01
-6.975480556432067658e-01
3.177257415933242013e-02
-2.024169327155321163e+00
-7.872088312742647753e-01
4.484683849205252093e-01
2.836851466354718965e-01
3.191312066385585400e-01
8.670152619090990553e-01
2.156927747362908931e+00
-3.202831301073556514e-01
-1.710942344385556924e+00
-1.138729070871142418e-01
-7.251094446490060630e-01
8.664998520618821809e-01
1.945652993279824550e+00
-6.849204661210320788e-01
2.031141533163012269e+00
-3.029135447102672796e+00
4.027207500941924478e-01
-1.136809199927123759e-01
1.867657674183626604e+00
2.015052868761474159e+00
7.709107585052773493e-01
-1.296724707163112722e+00
-1.720032143234959898e+00
-3.501176193349593846e-01
6.881709057692404485e-01
-1.038723451622132865e+00
2.858064504213976065e+00
5.769645424222877850e-01
7.608425272411544205e-01
2.258176539935712046e-01
-2.248147382009394679e+00
2.350192740176776374e-01
-1.219490589771708544e+00
-6.544145336586768003e-02
-1.680487324631205481e-01
1.204575187721529383e+00
-7.570205670252952990e-01
3.006341436944007239e-01
-1.232373050859548291e+00
2.355685320615538980e-01
-8.542422080480729374e-01
-2.037516179300237429e+00
-8.798758231149662601e-01
4.910697131769808377e-01
-5.759626760618303809e-01
1.327156413915145661e-01
-2.036348021005272901e+00
5.626847715336988909e-01
-5.989224167050827274e-01
-5.674935286018362168e-01
9.675112435797748878e-02
3.971889688624893333e-01
-1.385122443226023403e+00
5.939964495787269927e-01
-4.143737643156614192e-02
-6.434339994933405693e-01
2.111816692831919307e-01
1.244786636728941520e+00
1.201184573243407883e+00
-3.126355533600682496e-02
3.948545971183858860e-01
6.362379772155862812e-01
5.267808159127346235e-01
-1.178555414495460418e+00
-1.400509631686324141e-01
-1.010920549568339738e-01
8.313435548434480737e-02
-7.697174064391280046e-01
4.757000780335446377e-01
1.176842174039714195e-01
-8.427246929747083115e-01
8.681948928202026794e-01
1.110502040291297954e+00
1.604128090258014616e+00
-1.459987918288847331e+00
1.363874593904428778e+00
-9.180369223920084587e-02
-1.170752946321916704e-01
1.689751941955412340e+00
2.092597379508705835e+00
5.036718164015178967e-02
1.264646933298269937e+00
5.325067405630091733e-01
-6.146259027027474175e-01
9.236454948505838924e-01
1.109827015370129066e+00
-4.723149842765422268e-01
-3.557859039057981732e-01
1.583433126733301277e+00
1.632647138857710400e+00
-1.175997546902041391e+00
4.253953361936217425e-01
1.030349072558438106e+00
4.291536556864725682e-01
-5.761410216822629438e-02
-6.783474747557384499e-02
1.141674924812399405e+00
1.447814239090722266e+00
1.557809280770989790e+00
-4.819368710753411666e-01
3.273221476784898276e-01
-2.153404668346026618e+00
1.261461878562653016e+00
-1.329282225040884891e+00
8.790977472614905364e-02
-9.370464854433866453e-01
-4.316617651849699033e-01
-1.922007732947731640e+00
-1.610199929454714934e-02
-5.881918849875649169e-01
4.328031617192890645e-01
-9.096215145877557529e-01
-1.212956721347076439e+00
-1.961890950170768755e-01
-9.310248045990744681e-02
2.521622877776432126e-01
-1.216783284547687360e+00
1.013859404045014845e+00
-5.981595915685244957e-01
1.375241685010788473e+00
4.118432189953484257e-01
-1.320122222572858828e+00
7.160735867698837520e-01
-1.992500953278151729e-02
-9.431473932419567330e-01
9.250714984550429953e-01
-8.593843671584282529e-01
1.339074512231616554e+00
-8.670313371619409182e-02
-1.515680596179292072e+00
1.206234627539952031e+00
8.287879648105354047e-01
2.008475107293218320e-01
-1.842253074177862437e+00
-1.064301235226495779e+00
-9.812718551353112606e-02
-2.967793861638833297e-01
3.026118758438521850e-01
-1.543092287122043604e+00
3.523123996545982073e-01
6.326300407683668747e-02
1.029105355573279423e+00
1.345663097908061268e+00
1.998602197811068404e+00
-1.275293290530861157e+00
9.371823903148170931e-01
-8.968200729546013106e-01
1.328606221268896270e+00
-1.670649428527245794e-01
7.796525761697021828e-01
-2.001152308062386156e-02
-7.219351129708519166e-02
-8.038926498135633425e-01
2.307384510569604696e+00
3.106177719540632598e-01
4.724973765471890963e-01
1.485259176966716721e+00
5.261630753583987352e-02
3.834069127873981214e-02
9.587947224239636024e-02
-8.970370035887451077e-02
-1.248073106417867173e+00
-1.337464110909754700e+00
3.341606766325604938e-01
3.430979527705602661e-01
4.436956211655409543e-01
6.501061064020429159e-01
-9.030212299196904713e-01
-5.710248554110626262e-01
7.885225330980942804e-01
1.222165008083293314e+00
5.968064259864819254e-01
1.451557733388264326e+00
-7.594655483417369624e-01
-9.883499995874860389e-01
2.742213570097307151e-01
-2.168837386795598121e+00
-5.921526767070233177e-01
-4.048353486117169386e-01
-2.055748159033567557e+00
-1.686385266357718349e+00
1.496072188855128493e+00
2.763373070511345175e-01
4.968766437106708622e-01
1.066217190769571888e+00
-4.043684878198082755e-01
1.992182342302503337e-02
1.061995021876252387e+00
-2.657702048812596862e-01
2.221347873996898592e+00
-1.008301242045450408e-01
3.745614060130160738e-01
-1.365487527911801058e+00
-3.419130506481607434e-01
-1.165791572052496949e+00
6.217674547845159633e-02
1.188491243104385087e-01
-5.008748588505421706e-01
1.123185469872696185e+00
-1.829282984715012494e+00
-1.666323574215691217e+00
1.578339069748881662e-01
-1.400064293176624064e+00
3.268604386936147521e-01
3.991575056340977978e-01
7.521720786363516043e-01
1.629754316184193641e+00
-5.495747346837801528e-01
8.635281369286710307e-01
1.641914834898093312e-01
-7.879790438076708092e-01
6.103162515930709020e-01
3.016177422029814870e-01
7.634788117710840372e-02
1.435330905833359094e-01
4.543391478711628628e-01
6.873051052642847880e-01
1.392916935584778970e-01
1.133417241219007027e-01
8.070131280477648161e-01
-6.750463630234327939e-01
1.778098118098291325e-01
-2.929137907748515235e-01
3.127983221755099130e+00
1.965379167032283103e+00
3.103906666500589329e-01
2.535244071282730452e-02
4.307549081473469044e-01
8.665710764516378894e-01
1.258219159211109439e-01
5.503854156353550353e-01
-3.898334481205236735e-01
5.014259711420946397e-01
-1.476175680025053616e+00
-1.713663931218819547e+00
2.690807938282100409e-01
-7.794619326672715953e-01
4.276039124451458950e-01
-9.093869849007998329e-01
9.377582841392018143e-01
-1.085825519599176170e+00
-7.401867654007999731e-01
1.186332749914999596e+00
1.741922426903414478e-01
6.704101668940969372e-01
9.551459423374107638e-02
-1.657156040011866782e+00
3.257117683362346638e-01
2.462919370962654675e+00
-2.207065089790792578e-01
2.060950232821164185e+00
-9.116305212877855446e-01
-6.951379110341394663e-01
-5.440630145932529721e-02
1.528491832545943341e+00
-1.464903187716959154e+00
1.387318756655732122e+00
-2.705476618274255118e-01
-2.397496475234489333e-01
-1.919530174452443561e+00
-9.204144856892456650e-01
-1.528656159813183424e-01
8.453533658310732890e-02
9.486497370824313602e-02
-8.269976395939666602e-01
2.175564092256737414e+00
-4.314039801593116397e-01
3.123826902795795446e-01
1.455329925827282933e+00
-5.957006249660808800e-02
-1.995738443793720007e+00
-1.487121540200424974e+00
6.811955092677536294e-01
-1.017585094986532129e-01
-5.095083262976306537e-01
1.089839591632729032e+00
2.749145392244480401e+00
2.470977815174377479e-01
1.046439150493746029e+00
6.674776781606197584e-01
-5.363130089131776801e-01
-6.834069555706825394e-01
2.154995032311449066e+00
2.221643024105090514e-01
-1.528665404311225329e+00
1.227643143258627445e+00
-8.441363315894749864e-01
6.940434589310141567e-01
1.771155665787308431e+00
-1.936833578194874783e-01
-7.709700058252403343e-01
-5.998165054897204584e-02
-8.572851509130227088e-01
-9.293061908760257006e-02
-5.518072887055908149e-01
8.969941475005983877e-02
7.614909452629852193e-01
-7.902810370145776364e-01
-1.261724058490485856e+00
3.002784970365153794e-01
2.039166243346784757e+00
1.748933400686164985e+00
-4.454429508887937095e-01
-1.007008167678923982e+00
2.832761600760151377e-01
1.443059811247983104e+00
4.454281433935532442e-01
-5.510418985521113866e-01
-1.019579675821804754e+00
-1.653727506556385896e+00
-2.981576259497761838e-01
6.413185663161288241e-01
9.374563584884859635e-01
-2.445118085942265207e+00
-2.965191700436032862e-01
-3.994871121836220951e-01
2.498484223632907175e-01
-9.600407729607102203e-01
1.023379935669765262e+00
1.029322027808206863e-01
2.769928459454300551e-01
-1.196030411279892958e+00
-3.367775819133299597e-01
1.186020415535799399e+00
-4.787281040274030119e-01
8.462578825108547920e-02
-1.133324847252057399e+00
-5.112434550293899760e-02
1.203708277392513265e-01
2.292337452127301001e-01
-2.670073938307009898e-01
1.550827989484614422e+00
-7.419667409825108084e-01
-8.389156206293546525e-01
1.089301445383995093e+00
1.396078629478528565e+00
8.014931769379881610e-01
-1.332138818455234963e+00
1.888086895986700098e+00
1.045545320880599149e+00
-5.230668041795085710e-01
5.361373905326768385e-01
-1.773899300896105147e-01
-1.808088128633671687e-01
-1.399042630327278269e+00
3.624274187888592014e-01
1.404730798701765981e-01
1.370201559704217864e+00
-4.064667570096934246e-01
7.827253902886432968e-01
5.610501528620288614e-01
5.957259652387530968e-01
2.396247507689095724e-01
4.773601802963323704e-01
1.391083447173342647e+00
6.436658412658260442e-01
-9.652183369507295607e-01
1.866658617077225912e+00
