-8.030000502181752209e-01
1.019652109692475439e-01
1.955319504934558639e+00
-1.023453925713445622e+00
3.878256861951653867e-01
2.001155946995159862e+00
-3.757886757176982506e-01
8.264278099125199617e-01
1.114276353269023190e+00
1.230603484489281696e+00
-4.009581938579157012e-01
-2.583968103506011360e-01
7.778838794906696164e-01
-6.336272865773593388e-01
1.059008265836560270e+00
1.044919401003402637e+00
2.774486815706885823e-01
3.476435744756773416e-01
-7.789383861246530483e-01
-1.174916346941754286e+00
-7.185828967048105143e-02
2.164080186391540650e+00
3.096676055271801453e-01
-8.197228199915775892e-01
4.208691048332901530e-01
-2.906596421846694561e-02
-7.925163076142909269e-01
-9.505812704792823697e-02
3.908292454548833450e-01
8.921726175382090895e-01
1.098851885099305870e+00
7.648732407903608976e-01
-1.878461070036563596e+00
-7.357981503575775628e-01
1.168379273436928711e+00
9.351034841392551478e-01
-6.327732831700064731e-01
-6.107922907544673929e-01
1.139442785046855589e+00
5.301366671107227146e-01
-6.955326836058962625e-01
1.115322298879576124e+00
-7.514369222708859875e-01
-7.364253049678118890e-01
8.878292040233406457e-01
-8.813973898966056542e-01
-1.579029839134282298e+00
5.859516987565727142e-02
-4.893679507807007778e-01
3.861490482576594996e-01
6.245246683681140443e-01
4.689636722019939752e-01
9.478082428583618491e-01
-1.116232212353468478e+00
-2.827545622696490124e-01
3.539238834450934845e-02
-1.805487144078332662e+00
-8.587525695040569840e-01
-2.381934959946668595e+00
2.314000621014476455e-01
1.912552983544650420e+00
-2.826601351492184500e-01
4.796604575715869290e-01
3.670738706770382276e-01
1.310834869520655754e+00
7.413054297485786037e-01
1.192409809627928530e+00
1.120474634229331912e+00
2.016869425450755759e+00
-5.248757100367437145e-01
5.434291817700251936e-01
2.875892030939364852e-01
1.271601198515869724e+00
9.610055448220039542e-02
-8.464859125931283312e-01
3.773219730433673980e-01
6.636249186168874381e-01
-3.768372417878353975e-01
-8.235290842084290464e-02
-2.554363068476030521e-02
7.112298335949830408e-01
-1.555599985848416522e-01
1.280644339725493519e-01
6.437200102475293395e-01
-1.471822140764064424e-01
7.462242092966636653e-01
-1.182734202585397965e+00
-1.793325353221568941e+00
1.301673696202308772e+00
-2.666717393164282912e-01
-2.411906994577751040e-01
-3.484667778875900068e-01
-5.337397304186964897e-01
1.161078596269460167e-01
1.682704337215645829e+00
-1.664682079635031453e+00
2.386290620838436571e-01
1.587511485304844150e-01
-1.421529881287873165e+00
-2.090252624147274751e+00
-6.394761773999478871e-01
5.092417913770993509e-01
-5.805156333751236575e-02
3.074104029611740563e-01
4.307138053123485411e-01
4.077704739934615019e-01
-8.423457775870032416e-01
3.364910916261585477e-02
6.109509198350396852e-01
7.832174242847995682e-01
-1.264435237090209219e+00
2.255709043887129672e-01
2.644776413361097367e-01
-1.010360146064204212e+00
-8.044044854288812108e-01
9.531969968869524745e-02
-1.195196853922995572e+00
-9.371079172999638995e-01
-1.528873992855553476e+00
-8.308990503415367712e-01
-8.497262640836397152e-01
3.633413841250572318e-01
-2.551125905404084682e-01
4.400081223833223754e-01
1.585776214674382636e-02
6.139459435007312837e-01
1.606604207982055943e+00
-6.779534372042192447e-02
1.452052366224605429e-01
-5.684894740128566548e-01
1.110520700279058914e+00
5.031392880616981644e-01
2.192152190673845258e+00
-1.081439618734435504e+00
-8.087900564304918438e-01
-1.183714591694816853e+00
-1.718241267412477791e-01
6.040865023140684631e-01
1.136651682390873441e-01
4.024018427399562725e-01
-2.068057123495764885e-02
-3.714915302309136913e-01
-1.235660287047181116e+00
-1.725181567082618939e+00
5.523959665622251158e-01
-7.945401058817593842e-01
-6.233510413860054999e-01
-7.299953190101745593e-01
1.598116478947204655e-01
-1.314087415294498684e-01
-8.861490080460332486e-02
1.351656996222253326e+00
-6.556902660013053108e-01
-6.104551134677311808e-01
-3.013169365015637147e-01
-2.265696551575505868e+00
4.929188249879307149e-02
-1.056009090145913348e-01
-2.911248876639035976e-01
7.511826584577664390e-01
-2.215254256580388020e-02
1.088608722785481708e+00
8.883511917447890482e-01
-3.546861791259687258e-01
-8.066681573099062641e-01
5.960998563270755168e-01
1.085350203556268989e-01
3.486953171642923621e-01
-1.055830517115607103e-01
3.475683053229493558e-01
-7.029727148303499540e-01
1.114129836582451238e+00
-7.878717024492228882e-01
-9.776777989166370031e-02
2.139806180587472753e-02
-8.470125287306691508e-02
1.442152125572873755e+00
2.215261885851809720e-01
1.602655271823365535e+00
1.658207782199643487e+00
-2.149326521872139573e+00
7.535599021447094703e-01
-1.597220429194987856e+00
1.041465868514716009e+00
6.648680440878629305e-01
-5.699649788987591892e-01
1.090807808155555225e+00
8.695305931003712852e-01
3.547500093009524624e-01
-1.742471660960895619e-01
1.234909863435044608e+00
-7.084257557890001333e-01
9.550728537751712599e-02
-3.517560764861779599e-01
1.034997644216111512e+00
5.372028176862078119e-01
-1.512149571169814632e-01
2.317353713359703526e+00
-3.819987554006215036e-01
-5.937460325666739092e-01
1.262474223256960348e+00
-4.456210857973327277e-01
-3.136579355018973558e-01
1.102711751521673333e+00
-9.033909152063351877e-01
-7.804521548285219268e-01
4.165083439039616309e-01
1.861619872949950238e+00
-3.344779489362394859e-02
4.084968957579867554e-01
-1.111718892860662944e+00
-1.460259231715866246e+00
-1.822577158251066087e-01
-1.271234710167459481e+00
8.072141232328796656e-01
-4.408277195964577233e-01
1.722866865198944941e+00
-3.364606945030644281e-01
-1.044737406444867123e+00
5.495835027609995427e-01
-1.408400214622570479e-01
2.227196969803561799e-01
2.093004855002853493e+00
4.064959812826750563e-01
-8.905489134538683293e-01
7.602673622845947943e-01
-5.612900801509078663e-01
-9.469409662958286900e-01
9.822014766813933484e-01
-2.554696290168562811e+00
-7.078106813438993922e-03
1.208548214706570922e+00
-5.798370755397580512e-01
1.875082094326334381e-01
-1.105336852559555938e+00
-1.348900706863418231e+00
5.589227992247212118e-01
-9.597098905435104410e-02
5.198304367842214724e-01
-3.132608138908990481e-01
-3.715720922097388579e-01
1.676606422534725915e+00
4.362182092152578350e-01
-1.939803272167253678e-01
6.810379815806697490e-01
3.817692211107803768e-01
-3.645777250569012917e+00
-1.639337719137747396e+00
-1.896003020164550135e+00
2.190139937382050705e-01
-4.561137308689910408e-01
-1.181820286497202721e+00
2.613154713928806383e-01
1.181628111882274235e+00
-5.208901208070138011e-01
-1.538255271303920590e+00
9.686829087997400611e-02
-9.711626725912343439e-01
-2.554648659512974151e-01
-2.533849920236434183e+00
-3.706103272758286549e-01
1.387583389730094319e-01
3.187091682765022527e-01
6.967002566733134783e-01
-7.402433368213374720e-01
3.983061109501989105e-01
3.886796426086734368e-01
7.163351873472275644e-01
3.524610419308084608e-01
2.623598042976221234e-01
-7.028701573931745994e-01
-2.983524354348541796e-01
-1.342316971354416522e+00
4.620393778181154376e-01
6.224383181686610200e-01
1.047089538039760320e-01
-1.192316310991079709e+00
1.204565811940916165e+00
1.302868586922197425e+00
1.435796706460913619e+00
1.200260140850425011e-01
2.772953825507098319e-02
-1.854420997049077008e-02
1.276070282605898054e+00
6.748488648044198568e-01
6.929719820836089950e-01
-1.783857584557303699e+00
9.059095181173890121e-02
-7.369420685027495699e-01
-1.432291853790472302e+00
-1.047019197857693484e+00
6.049083445123284442e-01
-7.982948868122273778e-01
-3.620614202647960411e-01
-1.176525135620872353e+00
1.219379528309235239e+00
2.198975779544500853e+00
-1.479713703109125200e+00
9.316954937773215539e-02
-7.945428357240339468e-01
5.033360498458951948e-01
1.198118447783657725e+00
-2.092282116483716869e-01
9.789808997901223719e-01
-8.348645754965662302e-01
4.343706176486372694e-01
-5.137068132479226668e-01
-3.650291340563148190e-01
-1.885773548561391622e-01
-6.587456584708034635e-01
1.602765733417899963e+00
2.366288184190907806e+00
1.382226465807529392e+00
9.081042493830336973e-03
-2.855689648645782786e-01
-1.243324255753371022e+00
-1.371276805903675733e+00
-1.753197288950730570e+00
1.034371041960940457e-01
2.605512352216471372e-01
2.239217843505155070e+00
4.037657050654207547e-01
-1.707131459260620154e-01
4.656737149665881037e-01
-3.134156799177558600e-02
1.911456956767139337e+00
9.121853437911572327e-01
-1.964511521487127821e-01
-6.559778879306293886e-01
-1.956126658383844585e+00
-3.686183972796958641e-01
-1.103362047652630240e+00
1.583861633818312908e+00
1.606790795862405474e+00
8.799962076933556809e-02
7.192057020325425265e-01
-9.386697648117012793e-01
8.458527580590379236e-01
1.135370619111565782e+00
9.159563047159861027e-01
1.300602985578122039e+00
5.293903510572628424e-01
-5.523813894606885988e-01
-5.108940829938302119e-01
3.857208786330543204e-02
5.794100447239105417e-02
-8.284427700874563705e-01
1.083425161101841505e+00
-8.042352848834197765e-01
-1.124881905439732765e+00
-9.708789968639334189e-01
1.118278397625661169e+00
3.355851903616605125e-01
-1.279275347793532580e+00
7.360982333576779890e-01
2.170755582442522591e-01
1.003368698869414821e+00
1.145740119705463522e+00
-8.247044734974187108e-01
-2.119574365434981456e+00
9.539121124797953488e-01
-8.446992649975377798e-01
7.948160011262538349e-01
3.059827463001481562e-01
1.245320352716782208e+00
1.451281564249505385e+00
5.672573111380199151e-01
-8.418540705460406670e-01
5.424982635130994879e-01
-7.180232765865660616e-01
-2.416402340808439797e-01
1.420500515880499970e+00
8.459870309152965895e-01
3.312617914345616033e+00
8.524829901795311082e-01
1.446523760735996200e+00
7.002700074686936116e-01
6.357137649697125470e-01
-6.737976368136870953e-01
-1.407038242352756929e-01
5.798026828602364374e-02
5.927331013195670240e-01
4.431860427007131009e-01
2.195439046604292788e-01
-9.824378035664793618e-01
3.652148621891107561e-01
-4.930146907089624220e-01
-6.485325783393806054e-01
-1.775503138820395899e+00
1.468897926907838589e-02
9.701111005912749219e-01
-9.143087406463696887e-01
1.262521554045682004e+00
6.833981302549149150e-01
1.372220995817791944e-01
5.293401525931820117e-01
-3.461308083122632828e-01
1.663943462112692062e+00
1.238625910843330180e+00
-9.029497923159061079e-01
1.886728509998134795e+00
-1.005912394746447447e+00
7.233698212515367043e-01
-1.421473863235599711e-01
-5.280742089392378436e-01
-1.618602940863506090e-01
1.834771299608695116e+00
1.620392962625993194e+00
-3.382140518058612821e-01
-1.893980258252211835e+00
1.647987718851237293e+00
-4.147328998695079538e-01
-2.052684001130564151e-01
-3.324886891340856354e-01
1.899296156737549479e+00
1.314664422257576515e+00
-8.446510513685641097e-01
-8.494612518350943553e-01
3.829052982962280471e-01
-6.156454070623121888e-01
1.636362737387239807e+00
1.316967821466602517e-01
1.833843948976450755e-01
-1.633156718964682286e+00
-4.860704983868953666e-01
3.037092540267481988e-01
-3.962170895062385734e-01
9.829886840137028181e-02
-4.813753781391219011e-01
-4.810854712690761370e-01
2.082117307525697403e-01
-7.032899632568887505e-01
1.257922983118391347e+00
-5.523575859295318802e-01
2.169396470895255669e-01
1.719750121059446135e+00
1.138790979546688981e-01
7.778046538783858765e-02
1.667782194928416617e+00
-4.015096779775965130e-01
3.834153449672257907e-01
-6.989945727912317830e-01
2.422281218560032034e-01
1.986881355548923311e+00
-7.757978500646142139e-01
5.689735300914857685e-01
-7.357378456959664526e-01
-2.053229829231432435e-01
7.474723280227572042e-01
1.273440804252218561e-01
-1.039412307549604897e+00
-6.487845529716314008e-01
-2.327047533869279761e+00
2.274159299153049929e+00
6.644228427860269237e-01
-5.057950421310202227e-01
1.323166182381246170e+00
-6.243800046699782280e-02
-1.712678580492576597e+00
3.042750952924908603e-01
-3.527992607351244092e-01
7.162973526147985437e-01
-3.854925881417805011e-01
-5.119035212216259678e-01
2.074171017500003600e-01
1.202024175332265105e-01
1.835456002356121719e+00
-1.607009235727879570e+00
2.143089970924944243e+00
-4.046571933082264150e-01
-4.924521537708811958e-01
-8.248747018485923510e-01
-5.352465460477857651e-01
3.039217996997217730e-01
1.500589110957640582e+00
-1.527935321710631733e+00
3.416694313118124327e-01
8.975205854468100153e-01
6.573439731516876883e-01
-2.239613024539442776e+00
1.395725857409429727e-01
-6.610880065574800124e-01
4.492619979937311214e-01
-6.202180064597561104e-01
-4.558285963354619802e-02
-6.368004209882136557e-01
-1.510759290438296265e+00
1.205969694792241587e+00
-1.248062321913270545e-01
5.954287908819143604e-01
-2.168824576976215557e+00
-9.188133283011786778e-01
2.992658048734348486e-01
8.596691082428307984e-02
-2.209685938055277798e+00
-1.153154590210513142e+00
-1.582230431125500880e-01
3.427157525734576993e+00
-7.884815872283498228e-01
-4.520070245236119666e-01
1.939745647133761963e+00
3.636592074456167500e-01
9.505442091232886581e-02
1.097463989877156765e+00
-1.406222873194860612e-01
2.367782745783066911e-01
-1.259048381740464073e+00
2.689559549355244328e-01
3.495482604394665183e-01
2.198572430935086697e+00
-1.378467616507537352e+00
-6.640838401054772744e-01
2.775749340695566336e-01
3.582774438325010413e-01
2.334701966257415884e-01
-2.644784961567310799e-01
4.034934950810295518e-01
1.964324422270902482e-01
-4.106742327871350517e-01
8.939807587765761232e-01
-5.840175451549044494e-01
-1.465027340022575286e+00
-5.158256963965913711e-01
-4.268601657857726273e-01
1.087443562927985274e+00
5.418120641110155677e-01
3.664823282825920014e-02
1.983693274179160748e-01
9.150405376941622704e-01
-3.933833712356182843e-01
6.521304464447954530e-01
-7.500362476303079617e-01
-3.291493614096937526e-01
-9.305763718046282662e-01
-8.814036010725270209e-01
1.144924043825802373e+00
6.093147930502784693e-01
-1.775119881073850436e+00
7.119440891435623309e-01
1.811420000646131734e-01
4.469019101801501304e-01
1.457867591463541723e+00
-2.715073160524613671e-01
1.152327917837744575e+00
-2.216999903733876565e+00
-1.664394243405878715e+00
-1.714267544795344822e+00
-6.946717346545907557e-01
-6.636194020655071801e-01
-1.654874812426892217e-01
-4.173473876148454109e-01
5.174363083440831623e-01
4.657433038766494726e-01
-1.636889480785418627e+00
6.832141018572596147e-01
-5.527200693383085284e-01
-4.170709191012395879e-03
-3.700881626617963382e-01
-3.994866439922978851e-01
1.504855777966617625e+00
-3.108860787531335101e-01
-2.955490237749955895e-01
-1.195699022587432513e-02
-3.353386289223291294e-01
-2.170886085410084904e-02
5.066705700669189572e-01
1.359650454602620018e+00
-3.682293662427469916e-01
2.392945973489237765e+00
-1.112129678585210835e+00
-1.273290542454482033e+00
-1.017379549581483689e+00
-1.752772369689613585e+00
-1.108036041521559767e+00
-1.640588543754440742e+00
-3.721068740721969470e-01
-2.339288055076188255e-01
-6.726151720259307965e-01
-6.554943513560883561e-01
4.100137693250292120e-02
9.885881663711137968e-01
2.919947224679710074e-02
1.224212536596988699e+00
-3.331130969248499163e+00
2.323245517586164099e-01
-6.310013364284202675e-01
-4.040437935582897461e-02
5.856160568369497277e-01
5.558720916886388252e-01
-3.642812654083429913e-01
-2.406587556915423143e+00
-1.085960120874515766e+00
-8.962265340073599651e-02
2.136312452264772788e-01
-4.484723143571153758e-01
-1.537874914683678151e-01
5.499111674568610830e-01
1.983604944021934102e+00
-8.333175903805866147e-01
3.431075332201074524e-01
-3.775637836748835241e-01
-2.742244116230494466e-01
1.619890118619081054e+00
4.532120651314099080e-02
-1.790283745435566010e+00
-3.374617345377421973e-01
-1.294854636083137001e+00
5.432932163442668605e-01
-8.067386079103748553e-02
1.317557064873958184e-01
9.606613427645410708e-01
1.462842669680233972e-02
-1.843980234665543394e+00
7.330100861582128369e-01
6.901573931640353488e-01
1.190210636461416893e+00
2.731812811847525446e-01
-4.647987945531052989e-01
-1.801428482803100417e+00
1.840422062092287980e+00
-1.194896373392801081e+00
-1.613507167114511531e-01
1.078662624660511993e+00
-1.496458852814499529e-01
-5.766337995633733504e-01
-6.126380348606657034e-01
9.785782661717454811e-01
5.608777745676979398e-01
-1.205369304097960170e-01
-1.232367399591076107e-01
-5.090478322837772157e-02
-1.058441697461031783e+00
8.043415408921457121e-01
-3.160375636955776307e-03
-6.897483521144885665e-02
3.382766378736718482e-01
-1.091397481916334344e+00
-5.913419797553671753e-01
4.152850743734236572e-01
-1.189223195079533113e+00
-5.038702197129274474e-01
-1.634556658324999301e+00
7.990515532262576492e-01
-1.800641619179790265e-01
3.727391219610732276e-01
-6.578078359045950174e-01
-1.324253702372227837e+00
-2.006298371829406069e+00
2.554360326594599662e-01
8.252924686534425236e-01
1.542738779868390864e-01
8.204062453971069369e-01
3.172264256029909690e-01
1.079502892388939372e+00
2.954945273355853996e-01
-1.173606976374313299e-01
-2.074208282875494580e-01
6.726494120536835597e-01
-1.233786113598653644e+00
-3.971651350150653403e-01
1.542287807368142083e+00
6.723505672434946234e-01
-2.005691290167754826e-01
-1.317750811482281792e+00
7.335728749882387545e-01
-1.405093632761657441e+00
-9.654195916260853716e-01
6.537889256373797808e-01
-5.372530170587463960e-01
1.243868141429188834e-01
-3.571008723752665953e-02
3.184902271388568851e-01
-4.833520216013756365e-01
-4.299565737285948597e-01
2.378201616987402067e-01
1.118639049284602116e+00
2.407103088035396354e-01
7.802087487178857028e-01
1.483250542096142377e+00
1.627881555828248228e+00
4.518399500678816350e-01
-1.275384388699178695e+00
4.410385744220017279e-01
-3.016852944847773776e-01
-1.701150932560992812e+00
3.699364398743641980e-01
-6.309432486713563437e-02
-2.213165319012462828e-01
2.394271913122907880e-01
-8.953642538651235272e-01
-1.423941441328337776e+00
7.320067099152998136e-01
1.073817653511963677e-01
-9.103485266288516842e-01
8.313720362959322596e-01
5.238436414717788647e-01
5.537926328640508933e-01
-2.716353665591001998e-01
-1.933925047187752932e+00
7.579590021949379475e-01
2.921674892391975531e-01
6.578012811583766606e-01
-1.728031578441590943e+00
-1.261119463339744229e+00
1.077760342927588377e+00
-2.888794505130458656e-01
-2.122360832299871714e+00
1.286379154344715392e+00
1.599643823186924996e+00
9.211832148020021593e-02
-1.952032937786787770e+00
1.510132774283607482e+00
8.615891455680811939e-01
6.045679869376410220e-01
-5.503614828172310736e-01
1.205746870721924498e-02
6.222573768274605177e-01
1.180441715044781237e+00
5.846570308112549741e-01
1.267939364826859761e+00
-6.775776941301084877e-01
7.569157368961031418e-01
9.134112055141950515e-02
3.500089759957930036e-01
3.905651028436743499e-01
-2.519875442815034394e-01
-7.007995094757690779e-01
1.393742563047943195e+00
5.721754926198182600e-01
2.110504102855180086e+00
1.071758724299682608e-01
-2.766159274651025957e+00
-8.992606778113116928e-01
-1.378201168634185514e+00
-1.184118126613060484e+00
5.837546534001621934e-01
-1.044185780422418386e+00
-8.365098140054593179e-01
1.071602653383191273e+00
-2.617835766653919261e-01
-8.981755295013316154e-01
3.280221765797978334e-02
1.448713287779833381e-01
5.693380904971668821e-01
1.687264294591470370e-01
-3.055640352732268972e-01
8.174904221465407739e-01
-2.847157037960299508e-01
-1.674351070668305574e+00
-1.976005855215076323e+00
-2.030986236531310829e-01
-3.816690953230013061e-01
4.308384818955507400e-01
3.397032461543928461e-01
2.773869729445747612e-01
-1.276998861794890638e+00
-4.000757423523430001e-01
-4.318696248074970767e-01
-1.301192383371254091e-01
-1.976365163595480645e+00
-1.632582336486460894e+00
1.848428129482293514e-02
-2.028306755482044199e+00
-2.980390038764402227e-01
2.915746539202006549e-01
5.609277633954065090e-01
-6.676722498337570033e-02
8.650469558822128369e-03
2.609841444480401895e-01
-4.110318050519873312e-02
-3.360769209223377629e-01
-1.118730693568650292e+00
1.001384363331159655e+00
4.033671685209369584e-01
-1.383634489490139119e+00
3.715888672139964766e-01
3.230967059477851122e-01
9.791733052168465345e-01
-1.166733361030325211e+00
-5.418021654275543275e-01
1.118878997227987115e+00
-7.687992966947019280e-01
2.776941123230954211e+00
1.043311653049427745e+00
