-3.152064882399372991e-01
-1.234483693017755623e+00
-1.131340443280692387e+00
-1.218236340232529580e+00
2.071105289143055028e+00
-1.689703478053930175e+00
1.033334241676046594e-01
1.377653279498003425e+00
5.385488368146534865e-03
8.946706441132588894e-02
-3.666400491076234336e-01
6.798017987091240499e-01
-3.974142442689518884e-01
-5.577057082749595773e-01
-6.512389411456893651e-01
-1.412904294494344570e-01
6.055152748423110465e-01
5.127981768091642856e-01
1.484620093351820547e+00
-1.253849341889937685e+00
1.301637751301428503e-01
6.437824557750501109e-01
1.212569807018950840e-01
2.716808809959994075e-01
-1.010469505970174264e+00
-1.028356180739321557e+00
2.366649989971069679e-01
5.137905915309538551e-01
-1.344635872277295752e+00
-7.394965974497239580e-01
-2.964981562460475839e-01
-5.150254962401884518e-01
4.376533917630067161e-01
-1.192340504215548380e+00
-9.946527265964215658e-01
5.762720742322600120e-01
-2.721399291167300172e-01
-9.909116205129436805e-01
1.766393870827158707e-01
-3.365252435464233804e-01
-8.947741064822055668e-01
-8.276591438488938302e-01
-5.329036056584818271e-01
1.417920292471863464e+00
8.573028939557175709e-02
-7.470232190201985256e-01
8.221032364618167110e-01
-1.820638508612449358e-01
2.651184867371565446e-01
-7.699276564154508007e-01
-1.406169583976543680e-01
-6.946840269924194899e-01
9.816110612026435200e-01
1.632989924492947442e-01
-2.285504309236589648e+00
7.966351783307011880e-01
1.378194363838804337e+00
4.757145283367776867e-01
-7.199285975955436179e-01
2.960475252510927013e-05
-1.132456495510156591e+00
-4.273038295227138406e-01
9.836533379153091783e-01
-6.630242197617067790e-01
3.158007086128428176e-02
9.284957387333451218e-01
4.583528200966139332e-01
-6.078021583685339069e-01
-4.949262929822854096e-01
-2.644342448845082294e-01
8.354373686147038569e-01
1.575605034287676620e+00
-1.141961646781772588e+00
-1.805319121407804595e+00
-2.065806812789545144e-01
-6.279987423098196686e-01
-7.333139358251387907e-02
7.613026900485696524e-01
-3.165666491913478597e-01
-1.474305309961398081e+00
2.134600065873736519e+00
8.670630819197037986e-02
1.051851894455709813e-01
2.591969500114695846e-01
-6.951588286684544649e-01
1.327402845126790965e+00
5.069998048593286066e-01
7.767441801714434213e-01
1.503399934045815511e+00
-3.842691207692738309e-01
1.972295464022249645e+00
-8.130816700258580720e-02
-2.037586563839307863e-01
-3.137707942741165823e-01
-1.844937248210377634e-01
-5.611904504237015257e-01
-3.518005439174633209e-02
7.273453800856274354e-01
-7.128231237447323343e-01
-2.121186046699408967e-01
-2.075800250644503353e-01
-7.858927922341146788e-02
7.982363424934107998e-03
4.909463038880699792e-01
1.216687419240533696e+00
-3.412384663079942038e-01
-6.025781420320365234e-01
3.176758992359359213e-01
-8.142856953144386178e-01
-1.001590563918617782e+00
4.271737543109618840e-01
-1.106287532815547259e+00
1.782936017289579400e+00
6.458476794419623079e-01
9.204148261697950861e-01
3.705906052287971097e-01
-1.347913352540639487e+00
1.863738121181302887e+00
2.660606767615609214e-01
-1.785359598893163646e+00
-1.673534393014368904e+00
-5.927084850067153576e-01
4.346225600371859676e-01
-3.954747922289458262e-01
6.140257097325471092e-01
-8.777668685520330361e-03
9.673137678185911303e-01
8.249339955830490290e-01
-1.062748453107023261e+00
1.382845075086573061e+00
1.093331869655339572e+00
9.340986726322674655e-03
7.552553802764211399e-01
-1.463503417815476826e-01
-1.253058801793147936e-01
7.363589009567808041e-01
-6.729296595766623978e-01
-5.377898371986429282e-01
-7.180233623721603564e-01
2.018716655807899052e+00
7.579523916168159348e-01
-6.825609865859773029e-01
1.584345537233944334e-01
-5.161955899972550110e-01
2.157066811919563509e+00
3.066420971101600432e-02
-5.141944456930409857e-02
-1.064242316178962700e+00
-4.617137701991981813e-01
-9.834718431746706235e-01
-4.174237147580754925e-01
-1.171465995867815302e+00
-5.495446523855787024e-01
7.134028959439798756e-01
-1.179415253188028201e+00
-1.423541272400834723e+00
-8.977797458824368082e-01
-6.497999189180100332e-01
2.295447070319499017e-01
7.468101355071400382e-01
4.952948964368222851e-02
3.969117080448409385e-01
-3.529477517824081145e-01
-2.287634579736993690e+00
9.464714101636514942e-02
2.124504976831144976e-01
1.712861475302144498e+00
9.855661884752300317e-01
1.920526781706360930e-01
-1.475833324657885193e+00
-1.483937739026333968e+00
1.046159245200562360e+00
1.512202466748083340e+00
1.420648607980351530e+00
1.349412890173773416e+00
3.576306799930497604e-01
6.063921416257402885e-01
1.490711614711524510e-02
5.194828737612263714e-01
-4.181732410690305879e-01
2.173353626590214804e-01
-2.360272658510472188e-01
1.555720126515850232e+00
-1.490303029800097878e+00
4.294694478105658408e-01
-5.946342926766746105e-03
-1.740785888910138801e-01
-1.239701307234575972e-01
-6.804850881769449744e-01
-6.480665005939746648e-02
-2.369607332542671418e-01
1.539245665111234507e+00
5.517836149340354934e-01
4.618216154481888380e-02
-2.119173794571743041e+00
4.123423794879930715e-01
-8.587440185601961928e-02
8.752042513410247526e-01
4.651700896717009814e-01
-4.153387968552670895e-01
1.854482051265338605e+00
4.610141184944387405e-01
8.364848407240849104e-01
3.311304011350565957e-01
-2.184473736242715791e-01
2.218120606407671946e+00
4.328060654467516533e-01
-1.212250842809590029e-01
1.282951208355138650e+00
8.879676897932931023e-01
1.670664521252454293e-01
-4.526577671504273814e-01
7.338615180440740682e-01
1.520160009487864228e+00
6.436971087175140660e-01
7.513108558199540488e-01
2.619838234115738351e-01
4.509530223969841489e-01
-1.193335944594714038e+00
-1.193993174726381223e+00
-3.627011745686726796e-01
4.087074501184778663e-01
-1.012444979102653519e+00
1.708595427854029847e+00
-2.238615937575061388e+00
1.450782905056272609e+00
2.331609482172093628e+00
2.681660322524407336e-01
2.380994732805338909e+00
1.419815565045111194e+00
7.822901361345013793e-01
8.562245928392096805e-02
-5.364242311102676020e-01
5.106845359113662552e-02
-1.243107645713866560e+00
-5.355655684805253891e-01
-1.513757285443593892e+00
-3.957667260298281843e-03
2.277096114867464660e+00
9.940727509042304177e-01
1.504990497689747131e-01
5.942382361357832071e-02
4.792254065547461583e-01
-5.062408892607045408e-01
-1.150287246907029104e+00
-7.019083151500650486e-02
6.315486536044929711e-01
-2.193109494989564201e+00
-3.039427939033646719e+00
8.249226002546677927e-01
3.418435889814518958e-01
6.173520311075744171e-01
-1.108810054831365521e+00
7.066979678688320998e-01
5.538614006496033193e-01
3.546668629221945701e-01
1.049974456376627785e+00
5.530304891139997681e-01
-1.209079180735870562e-01
1.961930326053592522e+00
-1.784896023852089453e-02
-4.355938824445416135e-01
1.073221714568395324e+00
-1.166631848184665809e+00
-2.852522815130178468e-01
4.692808301979197738e-01
-1.717341164800471276e+00
4.220844646999730720e-01
2.324623024437927121e+00
1.996625992898802604e+00
1.406137050869176175e+00
1.878981391958609581e+00
5.417537275786247220e-01
3.701085416149491603e-01
2.438634345978588358e-01
-1.072386388304457233e-01
-9.343453100060635785e-01
-8.374524594006166334e-01
-1.037618742596953192e+00
4.884445213603435532e-01
2.480988574059571850e+00
-1.510563422303997649e-01
-6.604497638520850922e-02
1.586821947170953262e-01
8.803012094849759217e-01
-1.970726325097209353e+00
-4.904334628954606368e-01
-8.040950889593037054e-01
-3.402318047510658472e-01
-1.160803126153467091e-01
-1.553646194409025849e+00
-1.184274869414497555e+00
-1.236572480217892789e+00
9.550695211664128603e-01
-7.171120585315794438e-01
2.206730456524113926e+00
1.647267031193867748e+00
2.419800330750673023e+00
-4.988041623846667938e-01
1.216301450936438266e+00
-3.664069906246407160e-01
1.751558200229375473e+00
1.240165550533695482e+00
-5.336524053604143614e-01
-2.282388634001343508e+00
5.522702796281763193e-01
5.027542016241182132e-01
-9.880602898232189457e-02
8.861042930743262547e-01
1.660470358926676937e+00
-9.771858525811368823e-01
-1.018933296492362972e+00
1.596404608422621607e-01
-1.088667548293822396e+00
-9.561434840370056643e-01
8.248410047498927478e-01
-4.103088974123234589e-01
-2.085032047119232956e-01
-5.388479017891900646e-01
-1.121108080425885722e+00
-1.344175257241128074e-01
4.374945319511894803e-01
1.599430171012289625e-01
4.827124698895304822e-01
1.476343622271340195e+00
1.915056507266093444e+00
5.639047525775208181e-01
7.531485674157986088e-01
5.515316486056952572e-01
-1.447353337649605498e+00
4.630187702561813223e-01
-1.160563804794153997e+00
7.776683592389309618e-01
7.202895757013473288e-01
-5.841143112830633477e-01
1.532381552012983095e+00
5.851716080080677784e-01
3.860556460980703597e-01
7.662596863399911973e-01
4.257831786790727824e-02
-5.399096678807424610e-01
1.415496482418383828e-01
6.085525014658820231e-01
1.128306443455356217e-01
1.133868343920021893e+00
7.802995465441882050e-01
8.307777283021566817e-01
1.639865860461717784e+00
2.289264546905767084e-01
2.076983265430374814e+00
9.884300641840098045e-01
2.192994362577853185e+00
4.983978173775105991e-01
1.760578532426838150e+00
2.215291106260055098e+00
1.499386855436910970e+00
9.916842101762157746e-01
-8.473196219787003658e-01
-1.623635898550733758e-01
-1.100171803823102978e+00
-8.491341805427071732e-01
-4.390767587455922105e-01
-1.684978698260351404e+00
-8.580270568603844961e-01
1.345985004483756242e+00
-6.971103359429993152e-01
-2.405078839966880988e+00
-5.421968029715922011e-02
6.841723027787133260e-01
2.077622689049213878e-01
-3.134622668127268197e-02
-1.026799101056496966e+00
1.546040202346206927e-01
7.219011893391524826e-01
1.224378168010300041e-03
6.454869827355462775e-01
-1.127812538806283849e+00
-8.522727343410089196e-01
-3.187757187506679579e-01
1.382538093720773409e+00
1.424540347489562653e-01
2.047832466934717655e+00
2.340918498877067933e+00
-1.806615125038673608e-01
5.487312785017868233e-01
-1.791392581234935999e-01
-2.641005082141727467e-01
-1.087237586488734697e+00
-9.255643725678024403e-01
6.826792683449394161e-01
-3.264895984239060134e-01
4.164899644886225771e-01
-3.428606798644517895e-02
-1.256970846746256809e+00
6.332474660909508113e-02
5.553085723903928850e-01
2.333224349297050804e+00
1.431911202606674260e+00
-8.290660390374278432e-02
3.037284649774078457e-02
-1.039969106965411560e+00
-8.916588831580271046e-01
-7.991136283349667968e-01
-1.132216680835089084e+00
-8.317585874584875194e-01
-6.787998847152409976e-01
-2.389313616201690582e+00
1.364864280532021690e+00
-1.735553890411619893e+00
-3.630099044965856003e-01
3.195372165309318557e+00
1.334375433645057951e+00
5.223459260621992062e-01
1.572075648877055531e+00
-3.424264702899655344e-01
6.273420902584943004e-01
-9.687722417185241630e-01
6.739266201305511572e-01
1.394922656643103664e+00
-1.986007780861363869e+00
1.185236858154113060e+00
-1.035962475733948063e+00
-1.330836234982626376e+00
-1.106842627936147183e+00
6.616815927180225154e-01
-1.291740668300787598e-01
5.126047614303826105e-02
7.477027912437924639e-01
-1.096616943250470877e+00
-6.094016616638744388e-01
7.247935012048267733e-01
-3.270751818145953976e-02
-1.089955999357986455e-01
-8.918984679014828609e-01
-1.777805760711664629e+00
6.568552665455618111e-01
6.832281448182618844e-01
8.905223483168674958e-01
-5.318411264777151981e-01
1.689272951826629843e+00
9.526412504132488746e-01
5.031479269641676577e-01
-5.031498440858923615e-01
-2.027449455195883543e-01
-1.316460695423770533e+00
-5.281749434112473773e-01
1.204074421724847577e+00
-2.449987546549059481e+00
-6.526205409009930847e-01
3.024768172234134078e-01
1.501525712863418294e+00
-1.929669532285307465e-01
1.497504958686458387e+00
-1.099900591435019059e+00
8.212256156462206524e-01
-4.565812455034752582e-02
6.991358187780244426e-01
-1.409091095338028676e+00
-5.999955091805724283e-01
-1.281610680403535651e+00
1.370025414824638910e+00
-4.039998686175285125e-01
-9.714106232871950741e-01
-2.965493911490514334e-01
4.894650439685178656e-01
1.882067004148578082e+00
1.711303960611763708e+00
4.710003659597875036e-01
1.279123222503044000e+00
1.349187523825615687e-01
9.316058434495451124e-01
7.412892652418165418e-02
-2.198708470491159486e-02
-7.440333069661079213e-01
-7.918980341358611286e-01
-3.355090623940313876e-01
-1.032923556655934716e+00
-7.980048438410762834e-01
-9.930897813786317974e-01
1.775545132424103167e+00
1.802156070903380425e-01
1.087839735371723737e+00
-8.522939747088332796e-01
9.555843420738360794e-02
-6.672923122380067795e-01
-1.366051346571310665e+00
-9.722586222806463008e-01
-1.257319302535957251e+00
-1.651656233909672755e+00
8.324706409279469810e-01
-8.006775990170720281e-01
1.221212594571548404e+00
1.672534274265857213e-01
2.019562441943810183e-01
-4.213536188044065406e-02
8.676540809957865585e-01
-3.021447067786764973e-01
-1.498204780464955865e+00
8.057170845189298714e-01
-2.707777184704106777e+00
-1.253840591136306859e+00
6.627432512707746026e-01
2.298064103007354808e-01
5.402519664296332458e-01
-1.032608014218967973e+00
2.232156396286381905e-01
2.622534443236118618e-01
9.779945734910981958e-01
1.107164063756473027e+00
2.041314247849004004e-01
-1.073730219210655035e+00
-9.362457093378215855e-01
-1.815492690923198316e-01
-7.088512710590567645e-01
-2.027732635829734065e+00
-1.985795660166152832e+00
-1.509303735215498765e+00
-1.358976917482810132e+00
-2.740578669893392605e-01
-1.045386445718356816e+00
-3.173667304571927139e-01
-7.577681949117317031e-03
1.971037742272615800e-01
-1.689459680705154010e-01
-7.960055937747765320e-01
3.361057870282398996e-01
-4.140587305530786244e-01
-1.210962333047378436e+00
-1.027814871050654055e+00
-2.206485961406770557e-01
2.181560442968005553e+00
1.499091650715204782e+00
-1.620403749099735613e+00
2.607235144488641687e+00
-7.557153971952589311e-01
-1.327946839902747755e-01
9.694026887746994836e-01
-5.264177664652495148e-01
-9.149275917271866287e-01
-7.716732530515909572e-01
-4.450492154457418303e-01
-2.678648460496503070e+00
-1.681915664579155312e+00
-2.180885009258654694e+00
1.556765795847201705e-01
5.889741762147160387e-01
-1.349211087831530875e+00
-6.187367092627785725e-01
4.489705935219688859e-01
-2.788585148189056673e-01
-3.526919021490506623e-01
-5.873161466659020391e-01
-8.219869554885215202e-01
-7.129862887722682174e-01
-2.494370745179677329e-01
-7.614706353636920833e-01
-2.613823010320555973e+00
-1.890402044315719621e-01
-1.290549079379581077e+00
1.262063312060523801e+00
5.897444235023503456e-01
-7.884080081102049498e-01
4.496794011072239305e-01
-4.631682785101092770e-01
2.337091258307432806e+00
-1.030927249551819358e+00
6.386522630636058961e-01
-3.947191875035068187e-01
-1.071060712770897316e+00
-2.073216720522927048e+00
2.168859957360076696e-01
-8.532176503756405683e-01
-7.353347846240675389e-01
-1.406868732111670406e+00
2.004669097780295006e-01
-3.502457138068313380e-01
-1.273613152740209253e+00
6.378156580505156548e-01
5.290935774016075621e-01
-2.663850239891530358e-01
-2.656243847679891079e-01
-1.245071950588309440e+00
-1.708630755878374208e+00
-1.576143721077328141e+00
-2.233812186958613388e+00
-8.961507317556491325e-02
5.418740882585952878e-01
-5.564915716200605766e-01
-2.110381028727914554e+00
-3.576754179747322904e-01
-1.892186351589355553e+00
-3.842308750822641117e-01
-3.319519918211860099e-01
7.677985794587088852e-01
-1.994795688047799942e+00
3.365298833397054601e-01
4.883209443999234622e-01
4.863068983652173438e-01
-1.186502754297940276e+00
-1.190786546578562755e+00
-2.294752508494889431e-01
-8.608199435098132790e-01
-6.163185597690795658e-01
-1.065236355759751952e+00
-3.257420380931990156e-01
-2.073365360023620152e+00
1.903493897151165459e+00
-7.480482944349068353e-01
-6.731627267421722571e-01
-8.681225358929604008e-01
-3.482091938654032770e-01
-2.096083109925095833e+00
-1.417323237316371609e-01
3.724341197632499711e-01
-1.331378907839407155e+00
7.765924396735903734e-01
1.747336679697897077e+00
-6.386883418760920250e-01
1.321019759874290767e+00
1.807183266655165987e-01
-3.854582376037705149e-01
2.170370490389398110e+00
-4.253071728229869675e-01
-1.105449359128090947e+00
-4.936542870464475374e-01
-4.271793130343163325e-01
-1.382733738444067662e+00
-2.748963633593823341e-01
3.030999230013783352e-01
3.033335925767642327e-01
-2.948476923978608777e-02
2.292914889369440934e-01
-1.110696216188231666e+00
1.768158458364302299e-02
-1.152515181573161573e+00
-4.794446374141165812e-01
-2.378321623142680141e-01
9.052527107318505406e-01
-9.128223761739949482e-02
5.792645878983374574e-01
-8.074066694722944471e-01
-2.637732325037085435e+00
3.465060977009759013e-01
2.361592905814138832e-01
-4.777684438925282606e-01
-1.068538662462457378e-01
5.113225980877479371e-01
2.691800380381202951e-01
7.858512517508533524e-01
3.134389259556148444e-01
-1.632027288196692683e-01
1.057246897353170789e+00
-1.893912595491243023e+00
1.320285251507200774e+00
6.082890218450949238e-01
1.624760466569847087e-02
-9.315589268709532078e-01
-7.806318186966147987e-01
-4.570867449914584602e-01
-2.672162421901977947e-01
-7.386987536598422777e-01
-2.182115058873136171e+00
-5.413365949678893285e-01
8.845999130038526004e-02
1.213726081094743892e+00
-2.259894279678027473e+00
-7.227103418632582210e-01
1.323237371560157527e+00
-6.500749711052479229e-01
-1.819920387839663700e+00
-6.746008387458581890e-01
2.704592439418379790e+00
-5.768994228346429054e-01
-1.587804607114428612e-01
1.088986345564600944e+00
-9.292933977689107894e-02
-2.219582145051065269e-01
1.870092964600430951e+00
-2.230819655190449113e-01
1.311467558486055118e+00
1.543132130398563451e-01
1.140304844269791396e+00
6.519615533547113984e-01
7.142559265568806381e-01
5.584293438167159396e-01
2.956478263079136415e-01
1.137537960070772236e+00
8.357748304299831288e-01
1.298328562164078104e+00
8.648311845013076926e-01
1.407441564418709712e+00
-1.688194231938179524e+00
6.829898758271527592e-01
-1.430173176643055211e+00
1.122809772119256921e+00
1.321043483267326346e+00
2.703963194088247479e-01
3.222011318019782911e-01
2.565920935465291208e-01
-1.953045399784289204e-01
-1.184103746702670046e+00
-5.691611094204926946e-01
-4.233622647367007996e-01
-1.322370086385739718e+00
3.397959147297787141e-01
1.782386752870603441e+00
1.305055423982488083e+00
2.815685092017774505e+00
4.528612948795652238e-01
-4.561064955957096489e-01
3.767221693653313719e-01
1.413775472591978444e+00
4.981549239759257008e-01
1.855205275734086223e+00
-4.174727554735842006e-01
1.078261117534551783e+00
4.977484134298755802e-01
1.005875997194080940e+00
2.504996637529381953e+00
7.874464442950166454e-01
1.169817236125327842e+00
1.175651925434352929e+00
1.516166273279625776e-01
1.335122169145682491e+00
-1.868194250513792454e-01
-4.136260871331631783e-01
1.719447074526635921e+00
-6.625115242540950966e-01
2.481794640831784804e-01
-4.737288852779648618e-01
-6.719887990417410251e-01
9.426959075563846602e-01
8.281031867778627653e-01
-5.164866505300795829e-01
1.440335952119868035e-01
1.472732425667431011e+00
1.575940296133771179e+00
1.284566142675677813e+00
-1.413873906968451666e-01
2.142067359778733471e-01
5.940056424213263631e-01
3.663389941194122312e-01
-1.260014122554828475e+00
2.476849298715960490e+00
1.435930612388869321e+00
1.820846180687646809e+00
-3.197209303696412763e-01
2.420571476328842175e-01
-1.650034422393576339e+00
6.424093578732191778e-01
-9.884709969155897058e-02
5.769386701823217209e-03
1.263451943100626584e+00
-1.060497630939127189e+00
1.684533659466402211e+00
8.495374098042817179e-01
-1.114563342649694144e+00
4.803162830792195859e-01
-1.296812173818892022e+00
-4.424586416954502943e-01
-2.648397786551766053e-01
4.153087594328872534e-01
-5.121898815973550123e-01
1.112099314283431672e+00
9.224756977131487456e-01
-3.265149601058979223e-01
5.927274822604441384e-01
1.983011175278019067e+00
-1.433669320522516388e+00
-2.410745319086075034e-01
3.749899034136057185e-01
-1.235229471864965678e+00
1.490501901503582971e+00
1.982892301555923553e-01
-9.436732758400925292e-01
6.972563804598630455e-01
3.642636888276573615e-01
1.488308148451062518e+00
1.777818198855231902e-01
-1.156232625633066835e-01
1.320207218245658343e+00
5.365694161896634728e-01
1.443806023509225378e-01
1.150733971806526231e-03
