5.781533375938490149e-01
-6.470725959541426819e-01
1.087007301103905643e+00
-3.875998761010642224e-01
-1.482266410133746382e+00
-1.949652076466410255e+00
-5.981929352884535200e-01
-5.737759695477552269e-01
-4.511437990245328877e-01
4.655955961156666989e-01
-5.376208177401796684e-01
-1.270062031625416754e+00
3.577217192462844308e-01
-6.594199893677451518e-01
8.393201491022511673e-01
1.012198683676648336e+00
1.427286882206812435e-01
6.952235745736757844e-01
-2.682140432608442482e-01
5.374258063695045440e-01
1.636440740303614527e+00
-1.218204791545065779e+00
-9.961290274195483407e-01
-1.411242052065086350e+00
4.817497650026152378e-01
-1.345484580271461894e+00
-2.071444589330827757e+00
-5.256477341554984806e-01
-1.712599013745427001e+00
-3.370918574842216020e-01
9.036261313539549755e-01
6.536779859505922330e-01
-1.678592170281414109e-01
4.121807260546994089e-01
6.249822666260335113e-01
-1.614460825544246636e-01
-1.387590288651096848e-01
-5.504439057696155491e-01
2.863865235385782082e+00
-1.027459321065324227e+00
-3.894674138784477990e-01
-1.084398473680354025e+00
-9.678903361645181391e-01
1.585088047947559586e-01
-6.484343045219365109e-01
-8.978947808002264441e-01
4.557362760450064387e-01
-6.413378689682729394e-01
-8.841180306644157161e-02
-2.868646162248031928e-01
-1.152869875711111325e+00
-5.800719650240584446e-01
2.241129180314919367e+00
-4.697584606098282878e-01
-4.021578100747957296e-01
-2.104705283572248842e+00
-3.454454852019396838e-01
1.423247396286174915e+00
2.349318662888442155e+00
-3.427908270609523744e-01
-4.856523723810976523e-01
-2.359980659616706333e+00
-3.351278601264141010e-01
-3.181342146888437861e-01
-3.423216530493904397e-01
2.278679202623683508e+00
-1.983207705352440398e+00
3.520012265883314950e-01
-2.113617887244617410e+00
-3.737700846756321083e-01
1.117263343893167171e+00
-2.453985158599091554e-01
9.585934884831180947e-01
-2.991304832038247152e+00
-7.028109780128590778e-01
-2.811386398133951525e-01
8.295289127795394402e-01
1.181576027527685646e+00
-4.332356377506539347e-01
-2.892066072013002587e-01
1.928188959347152398e+00
-1.985091377362251386e-01
1.686635105204776330e+00
1.040490402577506801e+00
-1.385326365046204877e+00
8.588232041830438923e-02
1.386394948948207917e+00
2.848627125559369144e+00
-2.480940884090997722e-01
1.007631777600914935e+00
-1.921180298671965603e-01
2.105263414773745012e+00
-5.580945110818755772e-01
4.246477659648590364e-01
-7.784749846946575902e-01
-1.219674878159418441e+00
-5.405581733995293847e-01
-6.984496361221056437e-01
-1.375331991851991953e+00
-3.127302640306773296e-01
1.328593802177572503e+00
7.186877418982442478e-01
3.506664529212502601e-01
-1.042249635360555260e+00
2.026565189890916496e+00
-1.121444825723014072e+00
-6.712234748855938626e-01
1.770152264739292658e+00
6.688737787237311085e-03
-4.833309530305745505e-01
-5.828577715266513026e-01
-2.922442806027397699e-01
8.721058836947771509e-01
-1.142577332265696688e+00
1.373766527470235532e+00
6.238247779848145047e-01
-1.956756568889213010e-01
5.730258642409525108e-03
1.487934664958785014e+00
1.536482387593841370e+00
-1.135941365410736148e-01
4.905420838844890552e-01
4.801057925956698780e-01
-4.359783764711810394e-01
-9.867662369927060473e-01
-1.481835541678143908e+00
6.342984864242574572e-01
-2.354248816767095853e+00
-9.904028125641576308e-01
3.942953405894391583e-01
2.633930512524954026e-01
-8.293838237771106181e-01
-2.054121118652515232e+00
9.818176149952678733e-02
-9.002763254150319971e-01
-1.315175235446923718e-01
-5.376771888007718658e-01
-1.682009957376735532e+00
-2.908270018563741122e-01
7.981223335739258129e-01
-1.125817589390956663e-01
-3.056354370956110289e-01
1.762135111417677313e+00
1.235770414781281801e+00
-8.211429110560981570e-01
-2.414531278822127369e-01
1.905724218943647130e-01
8.652704083308749849e-01
-9.133889670106983827e-01
-7.789720631469257972e-01
-2.500976843073526190e+00
-1.492600452697566915e+00
1.258160572503523200e+00
9.965645960888908084e-01
3.516531511676146415e-01
2.070498773842384566e+00
-1.456817225886100520e+00
5.380091828856737868e-01
1.029337619770632345e-02
2.914333657279237766e-01
1.661319361435537600e-01
3.639942502953870118e-01
1.515283845927135387e+00
-2.069117799517706580e+00
1.280976948158412954e-01
1.770851785208562290e-01
-1.023423558259024813e-01
-1.468637567844360003e-01
9.532248779768592861e-01
8.447880293907313876e-01
9.863841660381176268e-01
2.985761590183608899e-02
3.210675160356251112e-01
-6.780722627841799521e-02
-2.891381401934755083e-02
-1.001009910776907930e+00
1.093184288612725430e+00
1.517031309837166164e+00
-1.532129180035825211e+00
-1.243945178064029822e-01
-6.829792512365424617e-01
-3.765663810674882983e-01
-9.673983754509390964e-01
1.650635698480188873e+00
7.822238331348250195e-01
-2.980072104624159057e-01
7.067349060137649852e-01
6.906787629131457829e-01
-9.828967824965871847e-01
-9.569709968364862318e-01
6.218326626968112558e-01
6.751400611138758112e-01
-8.652315507175949438e-01
-9.676523202283430214e-01
-8.660776030392579594e-01
-1.520691350438988509e-01
1.148498448117786674e+00
-6.956527354786133932e-01
-4.565848150618839196e-01
-5.686281840782211328e-01
-9.328560177394690234e-01
8.356596472482473725e-01
1.231313116408790931e+00
-1.419846965961012231e+00
7.684631245333003458e-01
1.536927053866622872e+00
-6.116451411552197293e-01
-9.663044251593805312e-01
9.123211497702857220e-02
4.963870163133038416e-01
1.436440365078117010e+00
-1.543572142600494190e-01
2.252376491593163776e-01
-9.587550094528587419e-01
7.419904891625473710e-03
1.801355006334979691e+00
-1.540514746411420166e+00
4.386427954668624118e-01
9.886277746176694858e-01
-3.180714572652297845e-01
-1.080130166387762713e+00
7.484918172818511017e-01
-1.115257923348625280e+00
1.592933240305213216e+00
9.503339946927299442e-01
-8.559126826621393791e-01
7.602726512934811220e-02
7.128011825710136584e-01
1.927846484984335307e+00
-6.508261486828508247e-01
-8.755056198180601879e-01
-2.114129093984332131e-02
-3.939856646545342178e-01
-5.961131200596214014e-02
-3.078380912062628760e-01
6.802172624397763157e-01
1.018064846647189770e+00
-5.553675830417319492e-01
-1.569989802990954919e+00
1.087126151374826932e+00
2.831982972178740399e-01
-3.656149483817952572e-01
4.979478310172812949e-01
-1.312273398343472008e+00
2.745466850293866723e-01
-1.520901348757818905e+00
1.896850122179698506e+00
-5.652689626293356806e-01
8.012340042084896696e-01
3.237203787194833926e-01
-3.984885081950599872e-01
-7.182570875838573121e-01
-7.816346808397561796e-01
6.695115549474327243e-02
-9.037508716396063235e-01
-7.647072369788399104e-01
7.489751166755201917e-01
-4.494536550372364991e-01
-3.287390826242057862e-02
2.691700030311018968e-02
-1.406037099074096242e+00
-3.618606250266335200e-01
-3.651421058319739288e-01
3.069873553241024844e-01
1.324693827898674459e-01
2.966110841547149879e-01
-1.381836055413636855e+00
1.206799266511328961e+00
-7.463842295831940588e-01
-4.584523008103145725e-01
-1.692292477108178650e+00
3.419621159113609421e-01
-1.053786836783325020e-01
-1.103853940736121197e+00
-7.435005679247967958e-01
-9.948264865652246547e-01
-2.191234054135190235e+00
1.018307777216475252e+00
-1.481018273153465126e+00
-1.987919170735748864e+00
8.458383828417724848e-01
-1.564471143716957169e+00
2.443326834948015058e+00
-9.667385025004215926e-01
-8.969079566840816309e-01
-1.611852461444410523e+00
-3.625962581454480471e-01
-1.531795748797000645e+00
1.475454825327214614e+00
4.005683587011126257e-01
5.205719108642939963e-01
1.217513154264434627e+00
1.095911667529463479e-01
-1.332813008398464338e-01
-8.801885035233304455e-01
1.077159761102421287e+00
-5.826431285196733700e-01
1.907533726844695909e+00
-2.682478002995085653e-01
3.178842887102116266e-01
3.979403489684277817e-01
-1.095758913562459247e+00
-7.351875244826439060e-02
-6.780987751695596311e-01
-7.198827302466053180e-01
-6.360845621122387383e-01
-1.264914745460667511e+00
3.271298456097015972e-01
3.560229965509384420e-01
1.349998962999921392e+00
2.612227685477983008e-01
-5.365756657323524914e-01
1.270107336700038725e-01
2.876067339773495934e-01
-2.190164426683967880e-01
-2.393288157345800360e-01
-3.055402714539494635e-01
-8.810864394657574872e-01
3.076911240296911210e-01
5.961179179895041980e-01
-5.402583824194115980e-01
7.892391861660950081e-01
6.017241990689928266e-02
3.319845739690933661e-01
3.267702524977743606e-01
-1.016092187302133132e+00
4.532752413472992958e-01
2.134695088452418066e+00
1.003759599952655401e+00
4.916579479037841982e-01
-7.414118988955632483e-01
-3.306336201018212351e-01
-5.038576359379850489e-01
-9.792492357442355022e-01
1.205600242332483321e-02
-5.582423806870144833e-01
-2.456684830486909110e+00
7.168121256319522905e-01
1.162540752939521305e+00
-9.138118992726189660e-01
1.540431735158368787e-01
-4.162060547114558862e-01
-7.146592657928744208e-01
-1.513012982765685965e+00
8.016543649677755345e-01
1.359638485349493886e-01
-9.469285540510996579e-01
1.983835544846425936e-01
-6.795392623765754703e-01
9.758818205563013493e-01
1.428968200137926914e+00
-1.698549256521245887e+00
3.564342360760840989e-01
1.082802348404388271e+00
-1.969526164563537574e-01
2.419021936692781871e+00
5.820210734825743693e-01
-3.628525344022375809e-01
-9.743487822394879538e-01
4.276189154693455646e-02
1.709855440241568880e+00
5.198793126965322031e-01
-5.611278226051733542e-01
3.795292256573408740e-01
2.299489045680146226e+00
2.824028639851556277e-01
-6.452523267795459150e-01
5.269778583862131383e-01
-4.983575066651494967e-01
-1.957871721192674608e+00
4.682874041627953510e-01
-3.106731011344833204e-01
-1.069636109975478977e+00
-8.800565945297768033e-01
7.217820551896650949e-01
-3.816843173979306281e-01
6.879754936848765379e-01
-5.102034030337536386e-02
1.681948399822482676e+00
-3.003991172075106131e-01
5.200256835590169047e-01
-6.030496549840941301e-01
-2.333670295509566284e+00
1.338436862726619880e+00
-4.256586456573768218e-01
-8.376773466586011352e-02
8.480676647269934643e-01
9.452105919993044614e-01
4.025990792925903672e-01
-1.192689729638815033e+00
5.066208871248375489e-01
6.265804040652117601e-02
2.850262873068411251e-02
2.231846877517567940e+00
-4.672745140422446264e-01
-1.366430749834464553e+00
-1.489410738458142092e+00
-4.949466790220945489e-01
1.052478579232446254e+00
-7.965035169118322989e-02
1.837406822357101399e+00
9.554602666122700150e-01
7.253260334603959247e-01
3.713109125783953801e-01
1.964415113394251122e+00
3.824190799217354608e-01
-1.152407744468780360e+00
8.351485492496535379e-01
-2.003320220756793280e+00
-1.889921239046161272e+00
1.300684647633491453e+00
-1.638424791330735708e+00
-5.104219843873039064e-01
-1.172345721078348779e+00
1.420577851033331673e-01
1.435671592870743973e+00
1.741878469228452575e+00
4.203593389298484473e-01
-8.209107083714710373e-02
2.367691873142639125e-01
1.904259310298833441e+00
5.076674455526818397e-01
1.262888810681240814e+00
5.585036822072695362e-01
7.842170517663880069e-01
9.772650658772652488e-01
1.648003387474264170e-01
-1.426200569284599817e+00
-7.709568341133647973e-01
-1.599934148637059517e+00
9.915520472683014841e-01
1.719978336012338405e+00
1.074479281144546716e+00
1.296780818720500439e-01
-7.467767163061027613e-01
3.504836223613538304e-01
1.025028549972220315e-01
-1.806280520546295343e-01
-8.309773931531833080e-01
6.849708621740325798e-01
3.321160897142230173e-01
1.798079987231360199e-01
-1.207944527783268551e+00
-3.713501962919159016e-01
-2.003745480770649401e+00
1.386686015493229673e+00
8.600566412055584697e-01
4.738749782690511170e-01
1.365325176709178967e+00
-1.050544230243791732e+00
1.448044094687796379e+00
-1.288482187913548627e+00
2.636378014037371043e-01
-5.185711055396520219e-01
-7.234856313166860842e-01
9.146657841773235542e-02
9.058051035346622593e-01
-8.012389215876299930e-01
-6.344854921466284159e-01
-5.677082585517749802e-01
1.060446793123024811e+00
1.461525764267235461e+00
-2.196195206187411930e+00
1.179958853816628128e+00
-1.662172566661134776e-01
3.679414640339751519e-01
1.451329096120335782e+00
-1.271595036560630554e+00
3.815809370010503354e-01
3.346328632838496686e-01
3.320174630293298845e-01
9.529811344824509201e-01
-2.340812994775730016e-01
1.673591564841084289e-01
2.470224731562306597e-01
-5.634264413337838340e-01
1.667070389968881017e+00
6.553825696315590532e-01
3.999504855473361986e-01
1.254146646323241354e+00
-5.389946739306072238e-02
-1.046566491567289869e+00
4.769768801253632118e-01
4.770740338902135780e-01
-1.275400427863805142e+00
5.708743736375788691e-01
-1.044122110497889055e+00
9.217151761298871815e-01
8.144352822228555500e-01
1.633757407145369767e+00
-5.562575751460924200e-01
-7.724005458347983355e-01
1.033857311679174051e+00
7.756673156259294988e-01
2.956710525171989956e-01
-2.243657213281699814e-01
1.447346547428106645e-01
4.487160717048717662e-01
1.900132634932553133e-01
-4.115490150195871832e-01
-1.409794744155610458e+00
-3.520253541689241095e-01
-1.256730110723408789e+00
-6.508343287412727829e-01
1.250717501862152803e+00
2.228119883726521755e-01
-3.398625144747224793e-03
5.729476647462853345e-01
1.033647725694799568e+00
7.262850728497012298e-01
-4.444533136513027505e-01
-8.165404208163220545e-01
-1.440028757824848293e+00
-2.014707507930404706e-01
5.017584873177031168e-01
2.191616326795789771e+00
8.545152276664121915e-01
-1.663858078316302613e+00
9.516710698740891983e-02
-1.981685789614440418e+00
7.366703059677768284e-01
-1.816610068728499838e+00
2.028746180099528229e-01
-9.224839954894640259e-01
-1.530199121840827292e-01
-1.394215480705119248e+00
-7.215398342326329040e-01
5.776343802360208723e-01
-1.707409844197174675e-01
-2.283293351865231635e+00
1.040725707626672936e+00
6.124614391292249743e-02
8.832516413566011693e-01
3.887703007573860003e-01
-1.169173085079102892e+00
-5.182364545633157127e-02
1.434373987265276984e+00
2.389766311033912627e-01
-6.475388002192801196e-01
6.152286521114233020e-01
1.248060750412299136e+00
-4.513214146693305673e-01
1.345483178957557424e+00
5.293935749321519724e-02
1.038080799112132135e+00
1.622381263005629182e-01
-1.705163472349379705e-01
-1.046504097030740654e+00
4.142550806271584618e-02
-3.383715485310788695e-01
-1.459982440884946442e+00
-3.170454954017976057e-01
2.018866868546290938e+00
2.750741194167383719e-01
2.797448521352330353e-01
1.944345247908678020e+00
-7.611350236225165045e-01
1.661069113340486736e-01
3.217958835145438568e-01
7.221265528478444384e-01
1.095620243463789167e+00
7.390159266394659143e-01
1.128756933277863084e+00
2.594225845673374664e-01
-8.982311482361294841e-01
1.634858586102043085e-02
-3.339261295793879980e-01
-5.744488156980079863e-01
4.527447056951813820e-01
1.222406558208724903e+00
1.410369236053607755e+00
5.182763448821928742e-01
-2.556113705770610256e+00
7.826731450969117709e-01
-5.178485960662930765e-01
1.125241106902216348e+00
-2.313787148607236333e+00
-1.286662036847938895e+00
-1.700950800770640647e+00
2.440985805887420756e+00
2.100648052801066534e-01
7.081235410714802336e-01
-1.318127626283861487e+00
-4.207996157113889080e-01
2.799317191138252503e-01
-5.766492845537786183e-01
-6.254200103101544353e-03
2.971986349282201623e+00
1.560548336276246673e+00
6.397647278716159791e-01
-1.897153081565287613e-01
-8.560302973966906759e-01
2.471972712591815835e+00
-4.452373556996082060e-01
1.193775799755916855e+00
-5.429437188124327379e-02
1.262824788345151328e+00
-5.927414280955960457e-01
-2.905016793534753172e-01
1.474121122624849622e+00
9.067148738215558001e-01
-1.039711223364645942e+00
-3.895473884474038306e-01
-1.183161354478830862e+00
1.245255256259464760e+00
9.287741691115900533e-01
1.165302432240038072e-01
7.608464118427669121e-01
-1.615009259312367718e-01
7.630835348618997260e-02
1.140620329288006385e+00
1.341396506219186158e+00
2.505312439058339891e+00
7.314370982505461471e-01
-4.139754452515464478e-01
-3.274498656257117113e-01
-2.384318523050262262e-01
2.815349802619178110e-01
-2.188909117570417839e-01
-1.572956934480822522e+00
8.412555734423849962e-01
7.371231147418576546e-01
2.107316131956496197e-01
-2.045471441626415476e+00
5.645624281688670365e-01
-5.623068232178185522e-01
6.751385518788655116e-02
-2.941184021432782236e-01
3.795787916463451706e-01
5.448012999296880654e-01
9.946908875091698965e-01
1.430930809953575300e-01
-8.393665020761309492e-01
1.137567864782593530e+00
6.246397502460543372e-01
-1.646052944962213965e-02
1.071237988927465912e+00
3.347991632202176326e-01
7.834862348321721681e-01
4.136249485110532476e-01
-8.434890978817495277e-01
-5.353194172973633203e-01
1.090076017929086483e+00
-1.708678575865676397e-01
-1.975864693596595556e+00
1.531580375475705580e+00
7.453707325271507816e-04
1.056465579003804001e+00
-1.467787223001298269e+00
-7.324875702898461238e-01
4.793492406009978724e-01
-7.372173784542485064e-01
-1.008274856419278498e+00
-7.666984428901338910e-01
9.241115805395948568e-01
-3.166485681399053287e-01
-1.401499851841039535e+00
-7.098112536518939031e-01
1.851531520410981235e+00
7.556997539942939511e-03
1.092735805980969421e-01
3.618897914602661747e-02
-6.894242328910655804e-01
-1.220200995914785924e+00
1.098869678928523358e-01
2.056809140924225482e-02
3.134561417212337608e-01
-1.195468979526977948e+00
5.083302486464772452e-01
5.613375181294794070e-01
8.896014022157947565e-01
4.800721091310067856e-01
-6.058483613010196001e-01
1.593407636494279300e+00
-1.146812677249349662e-02
-1.561333286932864661e+00
2.424265517957024663e-01
-6.549164172994790256e-01
-7.108601241082897204e-02
8.988086312845560144e-01
2.445266873068966951e-01
-9.557573760274447050e-01
3.842030157833307147e-01
1.014567515771199080e+00
-6.555336368091596588e-01
4.550009778428886209e-01
-8.307748190663150067e-01
-1.799698020373907137e-01
-4.029570969994288876e-01
7.387447080944206657e-02
-2.447949491369484920e-01
-7.797734822254649423e-01
-5.899607836308511377e-01
-1.212600323766303223e+00
6.606589110631239103e-01
-1.861141272187560591e-01
-2.311090605710328372e-01
1.621425513264903306e-01
-7.992756033100346658e-01
3.152655102712175750e-01
7.440494590195093072e-02
3.674019102312599538e-01
2.838671807898280122e-02
8.677627860867895837e-01
-1.751636799988947057e+00
9.689747987851937694e-01
7.076101178401891234e-01
-9.183873619130806798e-01
-1.739085115890769695e-01
4.058037339938891375e-01
9.645391715374591890e-02
1.532540446906423215e+00
-3.968837184125140714e-03
-7.106212811335479440e-01
6.237343821244533126e-01
5.263220086044052837e-02
6.810091262469071260e-01
-2.598542304217251186e-01
1.400633840066280333e+00
-1.486782531672851126e+00
-1.174072986188465506e-01
-3.567297216959678385e-01
8.898357357132063994e-01
9.646114411989028525e-01
1.211358759369401683e-01
6.313633635104407560e-01
1.411973814536284788e-01
3.833754869907151086e-01
3.202897013780782176e-01
-7.580836194252968951e-01
-5.713745218090953149e-01
-2.307340741643380475e-02
-3.157832857735772825e-01
-1.134764256294248153e+00
9.032047455379783596e-01
5.238630502342067619e-01
9.207539670069766480e-01
-4.983380582179836593e-01
-1.422814780690737191e+00
1.442240311015013710e+00
1.891615731329946426e-01
-3.920590067163014503e-01
-1.434675522751238663e-01
-1.183822737744762321e+00
2.153756240724600257e+00
-7.506063061400580771e-01
-5.691645693628424874e-02
1.244716563893603967e+00
-6.760376222763714305e-01
6.171598324724895945e-02
1.386667640921408928e+00
1.511383359933481385e+00
-1.531768086494714187e-01
5.034562502963526587e-01
4.162778553740267840e-01
1.163454119912119333e+00
1.515087192574593233e+00
7.756408254333053698e-01
4.236763500640129965e-01
4.484819525927082884e-01
-1.466920219438739847e+00
3.399034781606190547e-01
4.103072531107679333e-01
1.120438320784320707e+00
6.793229118694505964e-01
1.457692871462639816e+00
-7.366190695357972551e-01
3.370540661198287991e-01
1.420596356905542423e-01
-1.033925629689383952e+00
-3.245719380608090843e-01
8.430362096603395416e-01
6.475059161694738386e-01
-2.172439881954191798e-01
2.329125731304873881e+00
-1.148600044762371208e+00
1.187880984554912089e-01
-4.071916115412131387e-01
8.753783208548584494e-01
1.903626781026828974e-01
2.080280523048906594e-01
1.075865005959941723e+00
-1.514684805689402225e+00
-1.750445363757923811e+00
