-1.490463294313427500e+00
1.586983483413870299e+00
-2.712845850066356146e+00
-1.491689677556379046e+00
-3.643447917353184184e+00
5.628446527010212419e-01
1.378459566536444525e+00
-2.914908356005175838e-01
-2.066531836601631422e+00
2.062634854376698135e-01
5.350317717961163844e-01
2.574745670822487842e+00
-7.239613108025777510e-01
3.259532373788476711e+00
-1.753957044000394871e+00
-1.031104113366033137e-01
-4.681414426765310388e+00
5.221315950546617790e-01
-3.451160900551608623e+00
-3.274154014194612383e+00
-3.052193715253487927e+00
-1.810882804113262690e-01
-2.082776654939159755e+00
-1.132015726172464765e-01
3.080936895112243779e+00
-4.136661950298619495e+00
2.128201434967005312e+00
-9.987748447479595226e-01
-2.741024085908656982e+00
9.669417439909278045e-02
