-1.360774131442961110e-01
-5.100223867419374085e-02
3.010148035238748854e-01
1.155656776455674661e-01
-3.089221392579108438e-01
8.936898269430181285e-01
-1.454151982226311812e+00
1.496711139040182992e-01
8.708529932522125483e-01
9.313924908454007667e-01
8.944076354577012999e-01
5.261345981410231465e-01
4.368884090818401233e-01
1.412061160322691800e+00
1.889235960919580570e+00
-1.229018279975171879e+00
-2.660928557536507699e-01
-7.160048168692274562e-01
5.840271774800221971e-01
1.477845292867805416e-01
2.783131017583235778e+00
1.344345900122591475e+00
-5.476630718972541612e-01
-1.353318796440855953e+00
6.843980971880956332e-01
-9.521987240496136706e-02
9.160742914442030482e-01
3.205115081393639653e-01
9.458203126909693337e-01
-6.547488940459070816e-01
-6.969058593914259081e-01
-1.105306125211680257e+00
1.461924676531364042e+00
2.621523739469778236e-01
6.104950358053256032e-01
4.931282883720302657e-01
-3.705286533533124760e-01
-1.424284238886334819e+00
-1.056504774380309541e+00
1.033354960509800469e+00
-8.170833137560239434e-01
-7.099781552743650304e-02
4.147068956700822873e-01
1.849194263390032011e+00
3.825800663780505317e-01
-1.499532881550991847e+00
2.838843275728817339e-01
1.247442227665814252e-01
8.859754801140387048e-01
-6.087664795784060445e-02
1.703856297142695708e-01
-2.965481942618350408e-01
4.257599233216377010e-01
-2.429124915370787507e-01
1.374853546255801140e+00
-1.984986528023577002e+00
-1.521475359928894822e+00
4.905525082262960912e-01
-4.225147192426100817e-01
9.992027415968285364e-01
4.008026228491681220e-01
-9.589023326353107723e-01
4.237645593778084363e-01
5.059814855392406052e-01
6.914657643819965838e-01
1.199186103983975071e+00
3.432962414626448133e-01
3.580847819362421580e-01
1.827580435649179269e-01
7.893717162833557843e-01
1.267950523343007063e+00
-4.226461112472988946e-01
-9.979323437505083216e-01
2.049935399978631168e+00
-2.412455756371521265e-01
-9.497924294100117404e-01
-2.187029474713165500e-01
1.442432534682137835e+00
6.539581990721737847e-01
-1.126437511312989637e+00
-9.204023522861762840e-01
4.819430625896125586e-01
1.746131389164655490e+00
-4.986286806119238912e-01
-3.223292820064032616e-01
-1.400980684718462266e+00
-1.515000149580744138e+00
-1.777317939704600169e-01
2.129917793377057667e+00
1.436589599317320554e-01
-1.688162406050654485e-01
3.491006633051836339e-01
4.932329283164688660e-01
7.588879691497387725e-01
-3.774025799857515517e-01
1.173971564465343453e+00
1.215213755989182465e+00
-2.309883254332412428e-01
1.628753236702894958e+00
2.018294834358992651e-02
-9.139327467628373391e-02
-1.290599891769283677e-02
7.209668938980382524e-01
8.536808446980600484e-01
4.415090998910166653e-01
5.830380732659057319e-01
-3.525177380408347494e-01
-7.568038830021217578e-01
-1.371974704191138539e+00
1.035022300087122149e+00
7.872058618123501939e-01
-4.677767662336587140e-01
4.007599049454783624e-01
3.706032164837455012e-01
-5.245103846633575317e-01
-2.896217874018297556e-01
1.421913445166574641e-01
-6.822709576919494534e-01
9.032937640829644677e-01
-2.814508052258383672e-02
-8.331766678995294884e-01
-1.003804273868208918e+00
-4.230756982298365665e-02
-1.383338754600706100e+00
-1.567633835245968221e+00
1.032128163921174763e-01
1.251816809322164603e-01
-1.439883209177044154e+00
-4.519948070864131945e-02
4.004265246008291146e-01
-5.542356282375335841e-01
2.468057077916502973e+00
-1.736500479055840263e+00
1.883423381901051519e+00
7.628926848348881462e-01
-1.144965447548800253e+00
-1.031577271958163733e+00
-6.142135799447919764e-01
-7.409041598347382296e-01
-1.422459645430132202e-01
7.628183238697477941e-01
-7.186789893926917028e-01
-1.367678300102344868e-01
-9.302754654810452273e-01
-2.049498734318967230e+00
-9.225085126103034494e-02
7.331870006498243386e-01
-1.139179352033328652e+00
-4.513434908026671688e-01
-3.726841592229334088e-01
-8.951686029111883824e-01
-1.007902413211740011e+00
7.491247420035606064e-01
-1.374987358159746709e+00
-9.074532871320948324e-01
-5.298085836612244082e-01
-2.648813622487209418e+00
-2.516218905894589963e-01
-5.342368375317643192e-01
8.572781186864106839e-01
-2.870144349608690360e-01
7.159419072806110229e-01
-1.372139212953715326e+00
-1.244276457988705120e+00
-9.869220143550561097e-01
5.540900296462737407e-01
-7.696847614468796950e-01
-1.120823844870087738e-01
-1.025522584318251162e+00
1.081174581546295865e+00
5.308825653628788110e-01
-1.334603598262412927e+00
-7.221737616505491397e-02
-1.414271799422508913e+00
-3.767790454474356787e-01
-9.209713886396555527e-01
-7.271617810762108780e-01
-3.264296471208136263e-01
-7.116262389929857157e-01
-1.752362186469798466e+00
-7.876767503475438081e-01
-1.677887518182376247e+00
7.353998683761951982e-01
-4.500650829306699907e-01
-1.260110748388905584e-03
-1.058095503908673268e-01
-1.350868035087322283e-01
-1.290675773595396203e+00
-2.279869789872915664e+00
2.939438210258907835e-01
-1.161071009279226907e+00
-3.773194352703156951e-01
-6.157280748918549929e-01
6.680441737703709526e-01
1.294275061789817646e-02
-1.936040470005210012e-01
1.811957807149949362e+00
4.437888070117489425e-01
-4.114764719450333258e-02
8.859699983335374007e-01
-3.493670025456733219e-01
-9.729027668613779989e-01
-5.135076080012271893e-01
-8.379267290371732457e-01
-1.364595572612683938e+00
-7.387700013544467037e-01
-1.278189849219326879e+00
4.777365709748817579e-01
-2.975663130454003213e-01
-4.992090346149896107e-01
-9.175390575613284749e-01
3.419258606034086267e-01
2.588508667230721150e-01
-6.800039887774700365e-01
-1.554552579962307668e+00
-1.359072424856308414e+00
-6.313027722941640940e-01
-2.871442077708453722e-01
-5.714289135813690468e-01
-1.515422218260472409e+00
-2.215654473486409426e+00
5.870812732122681066e-01
-1.199577539566092144e+00
-2.272088759769674282e-01
-3.580387217080382989e-01
6.531029499867765375e-01
-1.080701804317642400e+00
1.018497939302049682e+00
-1.367952289220177864e+00
-2.346976383940584387e-01
-2.340352678975138545e+00
-7.806624037667587723e-01
-1.811131804095052367e+00
6.762676466781896156e-01
-1.132410914341674513e+00
-1.944722292584200707e+00
-1.447782835891824549e+00
-7.246589605484827779e-01
2.003300885047441415e+00
-5.257263978090196410e-01
-7.794379189557782972e-01
-1.554707749689518526e+00
-1.698551505167581244e+00
-3.087825871972513792e+00
-1.164896708223042143e+00
-6.748334865138013727e-01
-1.374846507115286665e+00
-8.874136444893391262e-01
-1.065317905207155080e+00
6.928424575114712214e-01
-4.351300532699967083e-01
9.505600502008316743e-01
-1.218366185274665087e-01
5.430783659702002053e-01
4.469521232024241120e-01
1.723051428048845979e-01
-1.946659013568475538e-01
8.775590397053348868e-01
6.237692346711822822e-01
1.208454371169538355e+00
-1.242903307955091519e+00
-7.734184958946919153e-01
-1.605609907216841714e+00
-1.185332959817829712e+00
-3.150096275826688719e-01
-9.584549489585190984e-02
5.700344361298357969e-03
2.022714560436933984e-01
7.349688293601315536e-02
-2.796222828306709651e+00
-1.126180575591170241e+00
-2.234330732456565993e+00
6.108843134235065753e-01
-3.927740671269291273e+00
-1.797713268120999075e+00
-2.059361950933505270e+00
-1.820403939878179278e+00
-2.781695286296635428e-01
6.864130625232289784e-01
-1.324791103691300709e-01
-7.345729544393924115e-01
1.691222491478304280e+00
8.757708089422239217e-01
2.867647324693381461e-01
-7.317973598074747343e-01
-1.017015626660220162e+00
-4.976370662517782817e-01
-1.101415429180414352e+00
1.885673640607837820e+00
3.716486018961043247e-01
3.921778230903929519e-01
4.661874997371529689e-02
-8.285376963998234423e-01
2.221673505070099086e+00
5.513211436947712540e-01
-1.869382806375424477e-01
-4.818633469341762621e-01
-1.628963387753565195e+00
-1.331474838754111545e+00
-9.520712165323512721e-01
-4.716956029319901433e-01
-1.336449001565613193e+00
-2.604212425949929965e-01
-1.157090464506184579e+00
-1.176369916297788532e+00
-9.058274021372938467e-01
-4.626732084363597841e-01
-9.276958922054791001e-01
6.983376989807672519e-01
-5.291082338339317959e-01
-7.736666046236578831e-02
1.393474922770260582e-01
9.146467998016143408e-01
8.229439713917285903e-01
-3.475202415598977468e-01
1.447637270474002147e+00
7.238721544172359579e-01
3.123143270684237138e-01
-1.411915026902264003e-01
6.292535867890414192e-01
5.573110175743444250e-01
-6.084686953364025763e-01
4.930622577511749038e-01
4.352992142672312825e-01
-2.935627379081475752e-01
2.063026806317100892e-01
1.121610643878427765e-01
-1.248144854906334533e+00
-7.855860268824066406e-01
1.397131945138790465e+00
1.287451477953112378e-01
1.233911462391376501e+00
-2.539768413249731349e+00
-7.074871480690553271e-01
-2.998714036604501199e-01
9.284958970105952059e-01
1.130990770331962159e+00
9.376404547901096009e-01
2.396326001919032445e-01
1.094761811243839755e+00
-2.425455651724274173e-02
3.369677110241851570e-01
1.193535991521005535e+00
-1.857295744385481784e-01
-1.142039468387481937e+00
7.127653209884837748e-01
1.390398532465539683e+00
5.602506367117682240e-01
4.465432190165256054e-01
5.300832075518238096e-01
3.958464531403649983e-02
1.467982252058810166e+00
1.120544986845803948e+00
9.288097336359610878e-01
1.188860614122913550e-01
1.269487724941936291e+00
8.174664786439633790e-01
-1.545184518271176810e-01
-4.786619436833811636e-01
-4.333259897103040603e-01
-1.081545211200743983e+00
-5.792413388721849854e-01
1.881403340927737311e+00
-2.175385499373422571e-01
1.311277280223435815e+00
9.370817871559809775e-02
1.514978421745521109e+00
-6.053530533323763230e-01
-1.091191413304106073e+00
5.151261898452168531e-01
8.659184367573101726e-01
1.423320963650076099e+00
7.379594800410639310e-01
9.863476829111009203e-02
8.898430148078587676e-01
-2.805483503816053603e-01
-2.737953709602545249e-01
-3.639881046593890779e-01
-6.441427728482271853e-01
3.348659053947535824e-01
8.367025272624255550e-01
1.416824063700961589e-01
3.793437065598814217e-01
-1.591667777429908170e-01
1.575832044938544341e-01
7.338173476887069890e-01
9.922443784091734831e-02
2.141402216203942555e-01
5.142254412886261283e-01
1.735942141812593764e+00
-2.135366170238621186e-01
-4.434418375350575314e-02
4.874638173668861540e-01
-6.515133614400954176e-01
8.750183268822284699e-01
-6.100152860686984813e-01
7.244074974839175285e-01
-3.388040345082836136e-01
2.309236633769194746e+00
1.208300478367074771e+00
-4.837333480201605473e-02
1.645992647276903753e+00
4.156873894361451383e-01
1.614007814926331275e+00
7.726828479507178438e-01
-1.007416364216586757e+00
7.467351909278540090e-01
8.510747061926507984e-01
5.616604162205833806e-01
-2.217704105376873680e-01
1.281287024837612365e-01
-2.882803818637754145e-01
1.881049480748128611e+00
3.968890490604172205e-01
2.498195792591670017e+00
5.131066458974884448e-01
-6.465310365815924998e-01
2.519040958524257912e-01
6.536536979351358356e-01
1.571682702183137659e+00
2.209412124579719638e-01
8.845174340292362783e-03
4.430176975956999774e-01
-8.556674616290119717e-01
-1.396865361755026846e+00
1.121015018694853510e-01
9.449621491256378070e-01
1.038786920869022135e+00
1.219220522374944382e+00
2.849226740980052575e-01
5.047093565030837947e-01
-9.346371464892084813e-01
6.185435086433199725e-01
-6.193774167141814502e-01
3.793171058571371268e-01
1.081247633260421503e+00
7.147104674099282740e-01
1.870618092734315230e+00
1.362035954255742976e+00
3.876942627455479684e-01
9.872900689480524905e-01
-1.742549655469585457e-01
2.571031725358992936e+00
-8.181593478900524019e-01
-9.104417660418242519e-01
-1.124786016978697845e+00
-1.556097574611728040e+00
-1.724272991931676602e+00
-2.843173810241454991e-01
1.795349396462665226e+00
-4.972447549166265079e-01
-1.879907989281471625e+00
-1.522049651833369932e+00
-8.432401437385070864e-01
1.046597892589284484e+00
2.483032112443011474e+00
-1.299030942985908710e-01
1.499479158584474225e+00
5.982136868272762698e-01
1.782605772371166575e+00
-9.850167264670324219e-01
-2.114851307500047461e-01
1.037138233163448664e+00
5.191988135584260089e-01
5.052965064655693395e-01
-7.757636604186518570e-01
-5.648808457621483647e-01
2.355811942975867546e-01
-1.978660422673335528e+00
3.999496652235358107e-01
3.145796392799787289e-01
2.565352769990648582e-02
5.015368208356959512e-01
-2.351091744471114353e-01
3.744720083417333312e-01
-8.456192471447852854e-02
-6.378027396103085334e-01
-9.236784191578623071e-01
5.699082213055778334e-01
2.475597162022337427e-01
-1.118143264359985789e+00
2.471304991081373359e-01
4.636317630445496718e-02
-4.069660505628311942e-01
4.706281885673051224e-02
1.133332333995792585e+00
1.607966334692316313e+00
7.666526432794286139e-01
1.449458132259270893e-01
3.770098785182700030e-01
1.636718155246501993e+00
7.395351094266722214e-01
-7.158597966691000458e-01
9.153334046895096332e-01
5.660953172366309932e-02
3.368260004586653422e-01
1.331604292311897864e-01
-7.250179264714667893e-02
-6.756136560331850623e-03
1.201253261939756456e-01
-1.745158770423980821e+00
-1.133855653893393045e+00
4.471997118614468580e-01
9.328036476748741146e-01
-9.437881571046068119e-02
-9.176574637688468261e-01
7.428331131372624130e-01
-1.829255486209077519e+00
-1.169511315929169459e+00
-1.137449753724068646e+00
-5.719022663109021298e-01
6.099250746772955090e-01
-1.266258877044429187e+00
3.422421952039947368e-01
-9.742409301170983360e-01
-2.901099877354218481e-01
-1.642440957214438280e-01
-1.319198221969880347e+00
3.303978339549479282e-01
1.307711538944341889e+00
-8.241113418661607515e-01
-4.515636150756462963e-01
-1.159256938002635851e+00
2.359595680401710416e-01
-1.061357839477843346e+00
5.688284641966223631e-01
-1.606157753183348635e+00
-1.054619104960929477e+00
-2.443066232010512540e+00
-5.608957634486264610e-01
-1.929162642945798367e-01
-7.756260670082554265e-01
1.374973210010321578e+00
8.836160461322107862e-01
-1.190925820361632859e+00
8.895508694745289935e-01
8.661348821317934599e-01
-1.295836119096921424e+00
-8.860427692366383834e-01
-1.745432185040751483e+00
-1.258297990093554031e+00
-6.827606280937965622e-01
-4.950169787996878124e-01
-1.716404350761291164e+00
7.339636168130442284e-02
-9.882713505994532577e-01
1.328074047241823541e+00
-3.605057435373839048e-01
-8.224320825441396865e-01
9.754614744709203533e-01
6.612314509256813633e-01
-6.583565886206147466e-01
-5.289534187489164374e-01
-3.269199570293646606e-01
-8.192359652482404941e-01
-4.707663984917852262e-02
5.701558428363999731e-01
9.026724264816162746e-01
1.107876724268631319e-01
-2.799425767328840853e-01
-1.589177181363135904e+00
1.734570053454859706e-01
7.729467278883296599e-02
-1.924928963396307813e+00
-2.069950652756163967e-01
-9.713628938747499442e-01
-5.491144123782524256e-01
-2.469096204069284095e+00
-1.431608885304070711e+00
-1.559041457126741026e+00
5.501017649718041858e-01
-1.013040504146311305e+00
1.217536095876336599e+00
-1.071807865789617120e-01
1.651144766482977699e+00
1.749516726552354129e+00
9.791178537316533870e-01
3.734584427979644183e-01
4.033484532227347708e-01
9.515388226232361912e-01
-1.910581326752661013e+00
-2.971031452396303840e-01
-2.127245112724410969e+00
6.846161375559252082e-01
-1.009781072020597525e+00
5.588943281449260114e-01
1.417539822470125221e+00
-6.151202796214999546e-01
3.244333778664264950e-02
1.205633935691209357e+00
3.896413584788341877e-01
-2.468586451508919311e+00
-1.702035646136480951e+00
-9.621155479060253812e-01
-1.044467137718151806e+00
-1.282221224289217476e+00
-5.316779707391182663e-01
-3.069616034811923355e-01
3.279833778711315206e-01
-1.131649339544297028e+00
1.578089325557154032e-01
-1.885622834360580202e-01
1.836739281871887286e+00
4.621904560102373938e-01
1.131936518752209686e+00
1.130610934485723362e+00
1.025158775837219594e+00
-1.070931938418269835e+00
-4.606341423251053557e-01
-1.290130398265296297e+00
-3.803137010586620237e-01
1.048104569909753536e+00
1.696200035275895246e+00
1.805797679352703966e+00
7.208472406938459809e-01
-1.033006416777572767e+00
-2.230022155833545905e-01
4.246366432795555812e-01
1.086671566679608070e+00
-6.599968125340013314e-01
6.326323265332671753e-01
4.528940923800406915e-01
-2.584979227107007671e-01
1.322375529793100801e+00
5.140191156087304813e-01
-3.757009981312894098e+00
-1.297563519664965526e+00
-8.117310905399263143e-01
-1.278568171045877833e+00
2.138745292963418476e-01
-6.481642573701272836e-01
1.807294714963029458e-01
8.724348873082028444e-01
8.130366509423004873e-01
8.332078380201921597e-01
-2.425231033659548174e+00
-6.269125300431377390e-01
7.782714032785383873e-01
-1.038893804833634471e+00
-5.477401193503220189e-02
1.540085854856753367e-01
-1.623913522959247402e+00
7.224035192793142324e-01
-1.253444099964964753e+00
-1.180914099892762942e-01
6.854474519320247206e-01
-1.488990287181753303e+00
-1.204547543167541201e+00
1.286881812036613781e-01
-1.889266277675916150e+00
2.023019963140827993e-01
-3.582587618367730209e-02
-1.639434688848739441e+00
-1.282834446312905552e+00
-2.512814378163408691e+00
-2.095729912855532451e+00
1.167375344528943787e-01
-2.688325144282809886e-01
3.628112189362933115e-01
2.690017831282241478e-01
-2.571111457252306942e-01
-2.005950862140974678e-02
9.229955912381149208e-01
-1.698737259217776074e+00
4.058260294839891036e-02
-6.713492634065497677e-01
8.482505697263890143e-01
-1.192562257384232938e+00
-1.158196110445504301e+00
-1.611701752874802773e+00
8.659730922128113795e-01
1.802625247935689234e+00
3.975215036396208546e-01
1.167979909457861565e+00
1.379108598195358248e-01
-4.663085211831665688e-01
-8.479444274820231719e-02
-7.771731390040148568e-01
9.512451093558356163e-01
-6.792761156867346273e-01
-1.372875659467086784e+00
-5.199549641682975620e-01
-1.224334267011778637e-01
3.435159072687250514e-01
-2.747522528529744434e-01
-5.795346129752521058e-01
-2.005771517978473639e+00
3.439205380451088034e-02
-8.382797431089594742e-01
1.243390475622164759e+00
-4.293007870375061263e-01
3.753147185936027141e-01
-2.333158866066599099e-02
5.290682924505814011e-01
1.257553144874025586e+00
-1.796706043294153510e+00
1.948889260382518362e-01
-1.394222096630489682e+00
-1.404085907237516251e+00
1.063841250754696682e-01
-3.308024669432090836e-01
-1.394443442518209730e+00
1.037966143903765071e+00
-8.084900632082286931e-01
7.112268991359445014e-01
-5.785984225416929139e-01
7.324281070855499509e-01
7.544668360227659853e-01
-3.574300793296606438e-01
-5.170666179037072263e-01
-8.696850351144875813e-01
-6.430906289197261261e-01
2.511098337670870095e-01
-1.142667948382884192e-02
1.233659448314033957e+00
6.541293832568244593e-01
2.505832980642514474e-01
1.694435807511508685e+00
2.703477038060490001e-01
-1.217709062337984649e-01
1.960786056712022773e+00
7.880549224517724438e-03
-5.321843558311162292e-01
1.389986791041245340e+00
2.811404900609411062e-01
-5.134630792658952947e-01
-2.108038633448546251e-01
-8.001841468133169544e-01
1.070459089606425440e+00
3.957591275327714819e-01
-1.290981316050231698e+00
-5.949069472555349458e-01
1.306595572149322981e+00
3.694613028777888886e-01
9.328039131455839739e-01
-2.056345872452693069e+00
-4.245401473091302003e-01
7.374631857547093994e-02
-7.805786366222623451e-01
1.059203075685086315e+00
1.775239982535735228e+00
1.106093905406077438e+00
-5.190845221108085772e-01
1.181330686412910280e+00
2.211108137334325097e+00
-4.915072487869431295e-01
1.164931637333447734e+00
-1.227207339969970945e-01
1.080848881423614349e+00
-7.497523080115918725e-01
-2.851079027110524078e-01
1.285914633901404702e+00
-2.005255022280185706e+00
-1.186384162363933292e+00
-1.245776104822635538e-01
2.317058556909958739e-02
-1.113830512487499619e-01
-1.049062958330397172e-01
-1.157038134371555893e+00
-1.405443616015529029e+00
-5.903687613690492553e-01
-3.312375303762711554e-02
3.467765285279189591e-01
-1.212338459195983820e+00
9.679164526081895925e-01
-1.687551915971610583e+00
-3.470714070586577993e-01
-9.299830866883370684e-01
3.998152242781878862e-01
4.429375661574999623e-01
-6.757704109132115500e-01
-2.807426985007010489e-01
-2.047073140778395750e+00
5.346550533671098338e-01
-3.956913407154916129e-01
-5.822000763898739495e-02
-1.026801946591049619e+00
7.278420624110698567e-01
1.691460676523222517e+00
-1.122572541683681147e+00
-1.888678976522189190e+00
1.212826265122231850e-01
2.802779893736279671e-01
2.569663290337820816e-01
