2.548048385450250475e+00
4.040370860638916817e+00
-1.042458422703735454e+00
-1.407300206585957669e+00
4.454498495374167533e+00
-1.677491896799258031e+00
-2.569190116048545303e+00
-5.146734706334616938e-01
-4.220411121151673051e+00
-1.138211208411239017e+00
4.817548367072546966e+00
-3.069058925628953993e+00
-1.241790707402182337e+00
-2.954636716570274935e+00
-2.734453196714858425e+00
2.962734150940325772e+00
-7.869267553860644082e-03
-2.660024824420175182e-01
-4.591009695920457823e+00
3.131226839187124522e+00
1.591310352904023562e+00
5.349872496704166203e+00
-1.205142105865248503e+00
2.613041990058235786e+00
1.307044583000292359e+00
-2.940573088482151043e+00
1.237679083981451322e+00
-1.120029497683338926e+00
1.717886570856310913e+00
8.421289456521219297e-01
