1.045211176078646886e+00
6.697876801209518005e-01
-8.776295055480322072e-01
7.260653772831961172e-02
-4.317464667200192618e-01
9.614872820180334623e-01
-1.434813359415196166e+00
7.986471552080901537e-01
-8.104796248457748487e-01
2.160179416088158499e-01
3.884811661668176042e-01
-9.529811320119682128e-01
-2.461645987947242986e+00
7.988063266311679067e-01
3.191410009541476578e-01
-6.184584321391476402e-01
-8.688536295928277198e-02
-9.214665350546729083e-01
1.289243732471017367e-01
-2.376194514565252991e+00
1.321246974579017408e+00
1.465772293537123960e-01
-2.284025637471453596e+00
3.199643943365300669e-01
-4.769810080504293670e-01
-4.353107820755022783e-01
-9.201501049654314812e-01
-7.673090998319801459e-01
7.216928737623709011e-01
-1.431485827988225656e+00
9.955380232043461453e-01
-2.559799012059011947e-01
-3.710613351743767829e-01
4.221238151276748285e-01
1.433933809245002022e+00
1.427202466375355749e+00
-7.267792516157065563e-01
7.817814928108955952e-01
2.473138101268424205e-01
-5.027864371173934588e-01
-6.725133559292024721e-01
-3.018080174875122090e-02
-7.549079803439220360e-01
-6.682149524588939515e-01
1.799979619953085974e+00
-1.060677127703066658e+00
-4.149537725223421680e-01
2.305442680832369418e-01
3.494843680026796795e-01
2.924976644442425777e-01
1.838911204004525235e+00
-1.777350441051755714e-01
1.590533065511872568e+00
7.054072076716835227e-01
1.318927919965848572e+00
7.221949208977099799e-01
-9.515020805927566494e-01
-2.553346741011531140e+00
-1.276514060495091529e+00
7.097180415274576548e-01
1.055307011284931207e+00
-3.321572243219328979e-01
-5.386229707678982237e-01
7.689511579128728291e-01
1.531238944447604222e+00
-1.248797507378482052e+00
7.643206813944174449e-01
-7.420433996100087581e-01
4.592136930831082764e-01
-4.276916670771042650e-01
5.663735538399980451e-02
-6.270468753599698353e-01
1.442971933540239671e-01
6.916382183112541604e-01
1.526608008036921538e+00
2.411700940263277637e+00
-6.890987298711036546e-01
-1.309567397511070430e+00
-4.905182991784803881e-02
9.195289917939205582e-01
-5.175974400162963729e-01
-4.474476041288488748e-01
-1.077571220137652164e+00
-8.688801580876287511e-02
-4.164361123640412665e-01
1.161127772132573899e+00
4.906186222323310475e-01
-2.774043843765202633e-01
1.610965807294150176e+00
3.745355704164731181e-01
-8.252364516416418327e-01
1.991144103481354566e-01
-4.331146002947093288e-01
-6.699367544769221361e-01
-1.098206911596391944e+00
-9.464129632080623411e-01
-6.269757907798346741e-01
4.988745739791703576e-02
6.228247039402975416e-01
-7.577852016518417111e-01
8.082826491337490316e-01
9.299171752257535672e-01
-6.198634333505674832e-01
1.128007875402660787e+00
8.079754116635498584e-02
1.205375663065409109e+00
4.367328865319405895e-01
-1.471264259772236405e-01
-1.737828891333557779e+00
-1.893021308980781026e+00
1.139502605280197756e+00
-1.669777091061555474e+00
5.217249589903929508e-01
-2.526665348274249601e-01
-7.494717846191947253e-01
-2.140876133624289412e+00
-1.042892752665499412e+00
-1.759718893337409273e+00
-5.517314583737624734e-01
-6.329491038634482702e-01
-3.186891510793853355e-01
-4.169730893413335360e-01
-5.249334452427691922e-01
-1.386881559352956428e+00
2.090398389105052601e+00
9.840648640741513908e-01
1.699674010353812825e+00
-6.626033034690084200e-01
7.851264826577788458e-01
-5.332224287416522657e-01
-9.321127653311312988e-01
-1.995663198507595215e+00
-4.032638325977522809e-01
6.588531448202264995e-01
2.448366193070180274e-01
-1.948592530879592610e-01
-1.327872619321322167e+00
-1.479832404805092816e+00
-1.606164937802872505e-01
-8.588437057105248185e-01
-6.332629461648103808e-01
2.014696651960494744e-01
-1.279491687199135308e+00
-6.258324537077334382e-01
-2.253388627294156121e-01
-4.672872946919067599e-02
-2.850139492743844483e-01
3.934208538370388974e-01
3.812165446237471000e-01
-2.235962766669506163e-01
-9.970308825569008659e-01
3.483326569610753487e-01
1.941193132769023222e-01
2.512289269731812213e-01
1.400511180722219251e+00
-3.830596499338209671e-01
-9.783871426357280132e-01
6.625348749339778909e-01
-1.175637388792127647e+00
-1.089726506176555310e+00
-4.335668268264716851e-01
-4.538332957662422062e-01
1.109531395536230702e+00
1.730919279865654525e+00
-4.104939562163300582e-01
-1.865680997449647993e+00
2.823915681402916489e-01
-1.136489294429445795e+00
-1.294909814361387523e+00
-1.390332508071008555e-01
2.131061451277108110e-01
8.965385389554934026e-01
6.971049699111429021e-01
3.259360195813914007e-01
1.528997293183788742e+00
-8.257262540987079236e-01
-1.747847155546899289e+00
1.656364225386417255e+00
-4.468591312440447494e-01
9.911663825099606417e-02
1.397662037845599281e+00
-8.201836967084147334e-01
1.867724941490503276e+00
-1.213046823867408142e+00
-8.505478808562186854e-01
1.124137560266630226e-01
-1.276252951442506112e-01
-1.164918410158285678e+00
1.442469984693095508e+00
-7.235733384089944042e-01
2.448366468109565153e-01
8.238116482173509780e-01
-2.346373402479682568e-01
-5.089920327530238486e-01
-1.938467211195582518e-01
2.050262239571802314e-01
7.994378509831705504e-01
-9.444192940898850086e-01
1.240455672675659926e+00
-1.273493002474499480e+00
1.082934706796854080e-01
3.353132989623742177e-01
2.019024366424709560e-01
1.408752981285496197e+00
6.854705867555144216e-02
-1.281360537442964631e+00
5.986184568029814246e-01
-8.128687698861002814e-03
9.478025460954893067e-01
-1.074474398784723839e+00
6.175245770714945515e-01
1.512602429428194561e+00
-1.043692976017065871e-01
1.009737446123908811e+00
1.660037870980432873e+00
-2.757858805216084619e-01
1.102407818140614726e+00
-1.586973268642895674e+00
-2.088998567206826196e-01
-2.572475113130579416e+00
7.878370678778038316e-01
8.387565861309428938e-02
6.952937248014269267e-01
-1.767333424422077970e+00
4.471469485254460641e-01
8.125318690853868819e-01
-3.929907995870478010e-01
2.405988110383071588e-01
3.009442905569105209e-01
-1.018597443820363324e+00
-6.840864991162443065e-02
3.993552900765245384e-01
-2.381946596938831817e+00
2.254052508730480131e+00
1.787967312595473146e+00
-1.457377841576525057e+00
-3.630470109159510961e-01
-1.104460325648751740e+00
1.190177708855189698e+00
-1.926504574008717496e-01
4.985775263583013817e-01
5.808153423378318442e-04
4.369062229525448871e-01
-4.388705961756338980e-01
3.753951705880658740e-01
-1.228230518740187627e+00
-9.231914615264917856e-01
-2.184314042433842751e+00
1.113692800121947934e+00
1.182907389775222917e+00
4.935696130657997172e-01
-4.503471020277958758e-01
-2.854330506314783911e-01
-7.054243264140670489e-01
-9.862478248144888049e-01
1.166575715983239725e+00
1.633444993334408846e+00
-2.324163227940938548e-01
6.418597289254046601e-01
6.917059690718221354e-01
3.716274491854666406e-01
1.576362749649534711e-01
1.624189806365915478e+00
2.394693716182445808e-01
-9.308165726407039431e-01
-2.131128961072790706e-01
-1.211188096131845304e+00
-3.513755873623026216e-01
6.029903996970363833e-01
5.777301320083217534e-02
-6.434412641395584886e-01
8.052412518198678315e-01
1.353767994711901679e+00
-3.704071542876609668e-01
2.689630000952905609e-01
6.827474447450415651e-01
-5.216093352894540097e-02
-9.457056198626916377e-01
-4.610747485797966339e-01
-1.210875835647644561e-01
1.133955643084691767e+00
-1.064180176011882972e+00
4.444226745043216020e-01
-9.201498309469220427e-01
8.270548592679629607e-01
5.803318465685184391e-01
8.303967135571380664e-01
-9.039632690615772015e-01
7.574052698883973478e-02
4.908854204057944148e-01
1.582406758676087322e-01
-1.348727537671893906e+00
-1.023398489796307320e+00
1.151017358436090543e+00
4.408175719616922450e-01
-1.885553574523596954e+00
1.158086109450997547e+00
4.533471675906003417e-01
4.158630437689740666e-02
-1.130971279695657694e+00
1.365872699436674331e+00
-7.990186349472522265e-02
-1.417181467657244953e+00
-9.366148602980800542e-01
4.491923172970152534e-02
5.643118993245237469e-01
-1.154912248044900336e+00
-2.539852385336063278e+00
1.490373645608867426e+00
-6.011774798893612104e-01
2.532318049303572405e+00
5.565160772015077528e-01
-7.691245551014629367e-01
-1.971428896800773600e+00
-1.030576645555204118e+00
-1.054623358131515420e+00
5.354942606640190617e-01
-9.326144164681460236e-01
-6.404689517354554829e-01
3.155205242733194471e-01
-1.938432671904774640e+00
-1.647499777364553886e+00
1.729556197847191834e+00
5.674625515706672729e-01
-2.500108430967039053e-01
-4.093344561878736743e-01
-2.017027485152446786e+00
-2.592254361554568454e-01
-8.169999887461085741e-01
2.628054954790978393e+00
-8.046060205204743632e-01
1.497533657234059214e-02
-7.177831110276485793e-01
1.287358561328958428e+00
-1.407403720221726828e-01
-4.449322373473618003e-02
7.605070260829281947e-01
6.894857605513455834e-01
-9.322847671122962421e-01
-1.954002609287459391e+00
9.149816207190745176e-01
-5.573856347570200764e-01
2.119324886065890659e-02
6.090086579192668381e-01
-1.642886055140023727e+00
5.614608237379475897e-01
7.034640407587612332e-01
-9.170099848294822609e-01
-6.279394825728931151e-01
5.724810648974625327e-01
2.527577954053139564e-01
-1.232885584472888096e+00
-1.797771899968222675e-01
1.890247299939542547e+00
-8.904419363587314784e-01
5.587573603969772096e-01
7.880790392987150339e-01
-2.660111148991366470e-01
5.437344016708204331e-01
-1.363495989758191085e+00
-8.695048673123197958e-01
1.308475163338617131e+00
-3.417778099528457347e-01
-5.516118926602516792e-01
-5.835156741427187654e-01
7.944627050020531822e-01
-4.341770875587117745e-02
3.131514235240772770e+00
2.130025701740175137e+00
-6.498064312084783634e-01
-3.627461437910351472e-01
1.308146810042466690e+00
5.110641610366797316e-01
-3.389759120036318629e-01
1.342874075508677878e+00
-8.633645879679286983e-01
5.549615664172448115e-01
-1.919729298429306008e-01
-2.373035736581646238e-01
3.356701337352299142e-01
1.052813885800446991e+00
-8.619373885405020586e-01
-1.071629124804170274e+00
-1.588100173619605149e-01
8.555035111067474385e-02
-1.716421889976904591e+00
5.988894476684692991e-01
1.186492757519932439e+00
-2.589075714109131954e-01
8.350463335709578105e-01
-1.987887196332813966e+00
1.395951998387002790e+00
1.074180819807966925e-01
3.310738554012622736e-01
-7.896693885557731774e-01
-1.234309373775585250e+00
2.737769949766608590e-01
-1.374378781696439455e+00
-1.020255129649522585e+00
-7.412422814186422348e-01
3.174510811135294874e-01
5.686610385800986434e-01
-5.683282589994766987e-01
-1.379793339104905092e+00
-3.829628087737393938e-01
-3.923732423425809746e-01
-9.011470547185409519e-01
-3.381951898274774826e-01
2.551746486005867176e+00
-8.261624252724332207e-01
1.589161747992317020e+00
-1.496008465724251724e-01
-1.924789028312586359e+00
-6.862691939345210157e-01
-1.171817904277903999e+00
8.938968842894446931e-01
1.779627627119570343e+00
4.860755048306839021e-01
9.494080624912296651e-01
-6.945226148959178225e-01
4.605664274590068330e-01
5.749362491102059103e-01
-1.457920395029180805e-01
1.508757583422186965e-01
1.324659984297881454e+00
-1.621485110134854857e+00
4.441133569245359070e-01
6.542580600703185034e-02
1.056611069559768371e-02
-2.461721196350505347e-01
-2.353775471096835492e+00
4.968727811274212258e-02
9.402357237928329337e-01
7.415291387441967919e-01
-1.709085280862348011e+00
-4.811821209370334201e-04
-1.308015287752633204e+00
7.366559645750364593e-01
2.054025648891871225e-01
-9.360088924543774613e-02
-5.784993083827383309e-01
1.324330788278539561e+00
6.054580333816829141e-01
8.735550391625089839e-01
2.589952123275008677e+00
2.756435777305015211e+00
6.642296178913013049e-01
-5.943194109975351580e-01
-9.938498645427163991e-01
2.469249702798295698e-01
9.401634499720030735e-01
2.785656037307632782e-01
-4.071548360171280967e-01
2.495392738377220643e-01
-1.208564652897240244e+00
7.747044187278223637e-01
2.053186089017701388e+00
-6.703891727478656914e-01
-8.066558732187996128e-01
-8.047940425428727895e-01
1.582952280805749901e+00
-2.857946649101915093e-01
-4.445379955042698672e-01
6.795103652388416737e-01
1.854597085745769203e+00
-3.786177358581035990e-01
6.062289288942030591e-02
-4.049963623931587264e-01
1.064199720016695272e+00
-1.696592027980069028e+00
1.905409971623699128e-01
1.228414249535945801e+00
-2.935025576838591888e-01
-4.519337927162714874e-01
3.945491513642725434e-01
-9.179128622250956049e-01
-1.221433174999243310e+00
-1.224928201511203296e+00
6.792326986819831047e-01
-1.794442811049579700e-01
-1.775219652852519092e-01
1.109072344772589480e-01
1.131164360945815295e+00
8.915775427994707680e-01
-1.794473107417154933e-01
-1.815924780305772979e+00
-2.428136001595174454e-01
5.604941080070496850e-01
-7.586518027110332740e-01
-7.232800109637033126e-01
-7.562280041936747521e-01
-2.442351981105805522e-02
5.046416206145165617e-01
-2.501854594181092684e-01
5.604249288622827063e-02
-1.082197272673137922e+00
-1.668913676012020231e+00
8.419960395072083603e-01
-5.848418913432472388e-02
-4.125079102304208822e-01
2.079844822048143360e+00
8.607026713515266228e-03
-1.867041970862980405e-01
-1.641233851253549592e+00
-9.757341159870359659e-01
-2.544533993473363509e-01
1.097888827834875292e+00
1.833047465686070021e+00
9.004905938657025155e-01
-9.765489846582696698e-01
2.393698068131727030e+00
-1.379602587663937285e+00
-3.886519232801973200e-01
-4.200918866485864323e-01
2.943274426035754843e+00
3.241560235554105662e-01
-1.396907142584179029e+00
7.436168745335122177e-01
-8.387029474664304818e-01
2.042540435666291732e+00
2.043208090250920428e+00
5.426436273815974376e-01
-1.064420980321014509e+00
1.264255254252854253e-02
-4.176940694180356073e-01
-1.232283375188860663e+00
-5.291113573755301669e-01
-4.099423968210755276e-01
-1.644823075738850227e+00
3.734105162363858810e-01
1.905467671639593963e+00
1.647599084141182502e-01
7.807331961951639032e-01
-4.659339472629260293e-01
-5.902081521320078350e-01
-1.691378009872033683e+00
2.161435393239450775e+00
-1.985403697391468381e+00
1.822283622987159069e+00
8.793636861227984713e-01
1.785152107030567870e-01
-1.490852507964184337e+00
-1.228502447208802417e+00
1.620151224362868625e+00
-3.786591368256997936e-01
-3.679906170101266971e-01
5.168804038815956181e-01
-1.067824329586491094e+00
-1.931992257101108779e+00
-4.928725742223478146e-01
6.040781639936484426e-01
-1.033715909681998807e-02
2.888970425442619616e-01
-3.330269385717864183e-02
-7.287254109735213925e-01
5.895409405994955776e-01
-9.379677017300241948e-01
6.238938088299690321e-01
9.103986090401051667e-01
-1.385031643973722693e+00
1.876618790251702584e-01
2.459944066202766344e-01
4.142500373829532956e-01
-2.706987057093532822e-01
-5.957351201582737898e-01
1.710547652713154676e+00
2.034531862077820552e+00
5.067376140443092813e-01
-7.037707305974090499e-02
5.415858114043620164e-01
-1.873216006045857140e+00
3.597233265963900029e-01
-1.101507555261100668e+00
-8.199608751563842723e-01
2.399713959171572986e-01
7.544473790223678311e-02
1.286639158184192111e-01
3.820264774895419935e-01
2.610180295051217403e+00
1.081122867390589271e+00
6.579424051264007867e-01
-2.742207552107207125e+00
-1.390257414239305378e+00
-5.828639869715939170e-01
-1.229872181637076345e+00
1.280123662053165301e-01
-1.122474267186101271e-01
4.842219111777487650e-02
1.697560911331428557e-01
-2.152023606910902498e-01
8.469431116573413743e-01
8.936294706519457565e-01
1.510834937645275211e+00
1.262255254885405742e-01
6.313768683010771987e-01
-1.201466416149478134e+00
2.989723203859222522e+00
-1.295237992481421907e+00
7.543070284133565062e-01
-3.869441533280630896e-01
-1.590503815996788584e+00
4.381546429241772178e-01
1.954358705645968808e-01
-4.720363741334112073e-01
1.610603268223787854e+00
7.838081153668551293e-01
-1.598902703949349302e+00
-1.198600241565403568e+00
-2.025456334339509556e+00
-3.904871835874030861e-01
-2.879926066873355825e-02
-1.218649779161690150e+00
-1.132349897631952151e+00
1.401168686306896394e+00
1.714463500843881327e-01
-4.504969942169973623e-02
6.524795486231615982e-01
-1.036545875000419947e+00
-1.536528593814783461e+00
1.401737845466330956e+00
-7.595580266495133293e-01
-1.510744763501344234e+00
-2.830665226319864503e-01
-2.880891916487040086e-02
-1.487684917129391771e+00
-1.067358079308275531e+00
-2.002000239809177684e-01
1.105437026968826064e+00
-2.125069780917075324e+00
7.790813312651735378e-01
1.431022128060598142e+00
-4.683817086487537806e-01
9.542206297547851657e-01
-9.198565488876536689e-01
-1.640203812478022161e-01
-8.270190486879128722e-01
2.731180102829768863e-01
-7.225534645103721676e-01
-5.057765526537197354e-02
4.137326335128933552e-01
-6.618469288747673707e-01
7.459205192197576606e-01
-3.214013501419947794e-01
6.502259327024648705e-01
-5.131987337699800422e-01
-4.512977696542974093e-01
3.641693267196485229e-01
-1.187235215914525632e+00
-1.043650165011448527e-01
-4.919122289824379157e-01
1.026020481466153322e+00
-3.527202481734779682e-01
-6.375334408653803298e-01
9.281633938463982325e-01
-2.265769177639366916e+00
8.620297752332802821e-01
-1.331924401334364960e+00
-2.450028313668423385e-01
1.911404431980242291e-01
-1.190176403006536932e+00
-6.293857098268709205e-01
1.899700797062815250e+00
-9.115371877576639026e-01
9.826939129864943334e-01
-6.969806811846745997e-02
-1.039641727708182639e+00
3.151693323240722933e-01
-1.766737795720069837e+00
-1.896894970511349768e-02
-1.746689857586361250e-01
1.246698159744054291e+00
4.702562670505125442e-01
-2.069755403149162287e+00
8.209062254271477510e-01
1.330669037357252504e+00
1.106123248850996443e+00
5.095445916704897937e-02
-1.460462718176830654e-01
-1.475051030572327448e+00
-4.675731670012941432e-01
2.536919154755286065e-01
-2.176704210317175203e+00
5.424738856867088455e-01
-7.696842166479082037e-01
6.161658852439954037e-01
-9.213496431051744207e-01
2.290576524842081518e+00
4.655934457018992556e-03
-1.808092572883309046e+00
1.273166022625054516e+00
-1.945845598013440092e-01
8.543712242370685717e-01
5.758398714768292459e-01
-1.284503423110477494e+00
-1.900848947808732592e-01
-2.128365459104229362e+00
4.924733394514339002e-01
1.060964395816058475e-01
7.039771786375700335e-01
-1.398767829387157713e+00
-5.441217809983369541e-02
7.009895067020645021e-01
1.321338021864272294e+00
-8.657925676553541727e-01
-4.277179490087585356e-01
-8.461787840269949790e-01
-5.996478287882890390e-01
1.457249356612569935e-01
-1.583389683751762700e+00
-1.384967861075761641e+00
1.216459356545211756e+00
2.232335582772745561e-02
-1.470228580907785965e+00
-7.853799605569926345e-02
-1.640555378681803900e+00
1.306601237681974739e-02
-4.114149286474776401e-01
-1.092777827613252484e+00
-1.122506118309381407e+00
8.255290856525673293e-01
-3.710966000409706145e-01
4.512101420622389308e-02
1.072668018307175952e+00
6.570781238348820663e-01
-1.405856292143204511e+00
1.317031412081730024e-01
-2.333180220335720201e-01
4.221928680067383449e-02
5.312728932495113243e-01
-2.271543710030874963e-01
-9.702022761699192754e-01
8.432585252414344368e-02
9.348853935604359844e-01
1.429952940317843257e+00
-1.224320508326339763e+00
-7.122241211122586346e-01
1.127452476862802477e+00
-8.438089611927643841e-01
-1.633859631060364803e+00
-3.976024325679733962e-01
1.373631011523854251e-01
-4.617779018192118001e-01
-1.006963717340730202e+00
-8.508844992891447662e-03
4.649059079217123247e-01
1.477219938705039703e-01
-8.868914101813524242e-01
2.419099740903737139e+00
7.403181169155960140e-01
2.030866245786405178e-01
-3.284096797430136744e-02
6.607329472821014960e-02
-1.354765490378259996e+00
-2.772660315278484333e+00
-6.550041136037112466e-01
-3.989660606978207014e-01
-6.306753449216315754e-01
1.248669331734361787e+00
-6.262868556938158138e-01
5.633329870501361247e-01
-1.246721300949865940e-01
-1.686453936467430248e+00
2.275437423104177681e-01
-1.291074249931238871e+00
-1.731190236744761801e-01
8.298234785198571606e-01
-3.247090981015325339e-01
4.483265147186968336e-01
-2.189546321516747107e-01
2.212532443160634410e-01
-1.072301005730002643e+00
-1.703304920329289818e+00
1.897392424402180033e+00
-3.760186369634608283e-01
2.063525900610061026e+00
9.009244645520558814e-01
8.477062061707106855e-01
-4.100131651574897007e-01
-9.187011119419670191e-01
1.949955742532586633e+00
9.363744591940891260e-01
-2.526525299153581372e-01
5.774953300686948010e-01
3.517974897673610546e-02
