1.676417495321628204e+00
-1.084718507196503479e-01
-1.013852909749898945e+00
-1.005956426119390734e+00
-1.475013317573613092e+00
-3.946630952444567519e-01
-1.604552700500498474e+00
-8.401564256627259697e-01
-8.649961076744843158e-01
4.633039758465300473e-01
-1.054031058501356533e-01
7.600163961619620379e-01
-1.051702032014598442e+00
2.274622432470537192e-01
7.979747502556301386e-01
8.737648876487225102e-01
1.499371456344955833e+00
4.740158397379803934e-01
5.139167577362908634e-01
2.890917663007477323e-01
-8.420114516966172857e-01
-2.376226463814712808e+00
-1.300066878701194584e-01
9.724240155520730289e-01
-6.622072258357581953e-01
-5.177634692843043895e-01
-1.228014345264522023e-01
-7.302759303114711997e-01
1.177632093710188066e+00
2.298344028159155505e-01
6.526721708224098029e-01
1.013942451149912438e+00
-1.234149732667939037e-01
-2.552082112803277347e+00
8.188050152242309920e-02
1.132520982011262500e-01
-8.489387234732294063e-01
-7.481680792765171839e-01
9.603138400739281710e-01
6.256028281458984042e-01
1.200243716817672501e+00
-2.810417365805291112e-01
3.066718689572512369e-01
-1.062247766497117496e+00
-7.376202095139294812e-01
2.367923206907815104e+00
3.192050688758866217e-01
-1.874110151403376445e+00
-1.306599836718337126e+00
-2.613609042096538992e+00
6.869153608782224696e-01
-4.031310002103392076e-01
-1.015905965853095116e+00
-1.193402324807214088e+00
-7.943608092412427490e-01
-1.017388422505299816e+00
1.784878271568266728e+00
-1.048027792603141384e+00
-7.165651505190346882e-01
4.484586351836850754e-02
-1.947612632191221549e-01
-6.592699831427101254e-01
-8.818757302881395643e-02
2.193391206906011082e+00
1.274333179611188527e+00
3.345698590360703939e-01
-2.484633726942426235e-01
1.613514348101470874e+00
1.285189705103347624e+00
-1.626182599913848170e+00
1.006491226257570926e+00
-1.540537072217958547e+00
-6.372011443458658331e-01
1.422577720419458736e+00
-1.048128084891670309e+00
-7.501139593576452436e-01
-3.069167990818495451e+00
-7.724383238951417763e-01
-3.339298331330813885e-01
9.626214723171170329e-01
-6.162660338901057022e-01
1.475330878083628061e+00
1.259346737193182797e+00
-4.844078821643973964e-01
-1.996631974103719454e-01
-6.312395100108426638e-01
1.134612112454084887e+00
-8.366313909097096158e-01
-1.853320713519885921e-01
-5.904296607678392039e-01
4.306753386818272245e-01
-1.013033477263996396e+00
-2.460917706464407773e-01
2.118932089347826064e+00
1.820290143616211387e-01
1.034708845380413050e-01
-8.014218601772858941e-01
7.459826660214183836e-01
3.593113047486850564e-01
7.689401750136544145e-01
1.508687755516746387e+00
-9.798881980376970002e-01
-8.590071074642378068e-01
4.430687873226287626e-02
-1.375070580884669297e-02
-1.164817265709415794e-01
5.429038790096519795e-01
1.187784522272730792e+00
-8.148278534388083694e-01
-4.515632732437478702e-02
-1.102749192281943680e+00
6.193240947216521741e-01
-6.283651981137097775e-02
1.513195171532322414e+00
-8.221362277411480290e-01
6.933188742157331275e-01
1.221842298505769475e-01
-1.611985943278614331e+00
-3.034033946570479645e-01
-1.527286491939186253e-01
-7.308137992057554821e-02
-5.470141318588691570e-01
-5.259268951438610395e-01
2.143208271515937735e+00
8.843414420256575648e-01
-4.993242096390934082e-01
-1.112133502934788298e+00
-1.631216702567248600e-01
-1.595590786999442623e-01
-3.741175990929743178e-02
-4.042031115867653762e-02
5.265210885678955899e-01
-1.252709849411769882e+00
-1.777722386800342780e-01
-1.720297436459580886e+00
1.078259562451223258e-01
1.441215246209637035e+00
-1.071442634506972524e+00
-1.184499909979690679e+00
-2.786187717858718549e-01
8.764466808131327058e-02
-5.388818587627880463e-01
-2.040707112004657431e-01
-2.657399882775884681e+00
1.012825726245468738e+00
-2.520333442111180045e+00
5.006001738269720835e-01
-7.372137590236756965e-01
-1.317201613437844809e+00
-2.039353816492549543e-01
-1.157631951794684255e+00
-4.830059937580062357e-01
5.744875283988797321e-01
8.356630936833824019e-02
2.149926186058674915e-01
1.030746048908834644e-01
-4.650734387173877105e-02
-5.558513242712430635e-01
9.071875308250199055e-01
1.533292196985710953e+00
-2.220461129227541353e+00
-4.504256928327128873e-01
-1.035082269932740440e+00
8.525540499496429003e-01
2.883479297589307544e-01
-5.730763203092582581e-01
1.037121016656889383e+00
2.016512804136678383e-01
1.046725338922397830e+00
1.903777751018834868e-02
-1.664606718014558728e+00
9.367104475661442997e-01
-2.051023707678488517e+00
-1.057468756500532958e+00
-1.452329495557014738e+00
2.009482869337687827e+00
8.252331326628512542e-01
-7.255003452288931731e-01
5.954011040499316287e-01
1.248385241472751650e+00
2.530360661605739470e-01
-1.101678671494795925e+00
-4.580323948619978158e-01
5.865975780665314554e-01
1.708793865579315008e-01
-8.486743108449530393e-01
1.975167361422300871e-01
-1.023566349864137859e+00
4.337237801905367146e-02
1.415158690966755062e+00
8.427961534837419277e-01
2.560558305996301964e+00
5.163571055281434008e-01
6.167369159870365047e-01
-6.795733208601157926e-01
-1.309671464310109279e+00
3.621793240871183372e-01
-1.850254508037591616e+00
-1.271902670093399745e+00
1.349013779028060744e+00
1.223191588678461450e+00
6.944994271851155920e-01
6.655222384703989302e-01
1.398057581209727895e-01
5.230650004679082699e-01
2.716670342845165509e-01
1.160576466832189846e+00
-1.054704050837389079e-01
1.521338429678095627e+00
8.145330803123240759e-01
1.240015206488561894e+00
1.175253482269203342e+00
-8.301009206425327691e-02
-4.505415160444859457e-01
9.407157712937840033e-02
-3.013337582796252190e-01
9.164552506067024096e-01
1.453536043738860695e+00
-2.907339903779254664e-01
1.472305605922597793e-01
-2.413254695306268904e-01
2.493830400310938777e-01
7.744993917743962786e-02
7.994954959903312064e-01
-7.717546259355523297e-01
-1.664194818428755829e+00
-1.291229168152839168e+00
5.991851808864162576e-01
2.484565070114199553e-02
7.122937452494184640e-01
1.994240806413768996e-01
7.093568611842413496e-01
-4.052774160131740189e-01
1.111652004803598714e+00
8.766685279902545203e-01
1.421157418151495766e-01
-1.059311579197577569e+00
9.571749249237632151e-01
-1.061756300905455586e+00
4.039107486936389102e-01
5.892990394848346414e-01
-5.966615649603691507e-01
9.740741505417969126e-01
2.374797963107236898e-01
1.296468275088498157e-01
8.731076378851135855e-01
6.767817278036389883e-01
-3.632385002360850601e-01
-1.331705480866401281e+00
-1.018050310517218282e+00
-8.863943139663913451e-01
1.044827917527497929e+00
-3.347957091286127840e-01
-2.869859983821186900e-01
-1.601151818618472111e+00
-7.324350457114160440e-01
2.238115675807296479e-01
-2.644412441612831621e+00
-1.211567905029942382e+00
-1.017700564958315956e+00
-9.836020483881192933e-03
1.875869115110141150e-01
-1.908342988010929345e-02
6.258792838550214510e-01
3.207680226725919126e-01
3.027791847725035401e-01
1.058742708936420002e-01
1.062993634795986742e+00
9.736876168649466479e-01
2.801323406120420634e-01
3.419009551912513545e-01
8.131941571854549994e-03
-1.400667818324922154e+00
8.851288530880675465e-01
-3.193721162552373150e-01
1.895901390622734828e-01
-3.130762766896431210e-02
2.100154359092788192e-01
-1.444137593504982719e+00
3.340712117694147332e-01
4.364699719512050158e-01
-6.893743839219066416e-01
7.829809066703546927e-01
-4.854592183379071169e-01
1.580250318393553940e-02
-1.506601021259814932e-01
3.751725165042522070e-01
-7.831865463314633402e-01
7.182820605514548262e-01
1.343453660800894012e+00
1.011196521827634864e+00
3.746262620091082574e-01
-8.693817117311316567e-01
-1.894209709217678839e+00
-7.189321935482122505e-01
-1.627217081709741109e+00
6.036482797816054013e-01
1.347655805297008624e-02
8.404625553867011156e-01
6.658878843085164201e-01
-1.421261626753522966e+00
-9.683053860414256864e-01
6.567404407036875336e-01
3.568319601945996178e-01
2.927503770648205994e-01
1.038802880867629064e+00
1.038804790720917054e-01
1.048373082336361506e+00
7.543439580590223237e-01
1.316411934891039914e+00
-9.377052737792656023e-01
7.185173654873715510e-01
8.002080978917291976e-02
-1.790862367365084307e+00
-2.586256415626636773e+00
-1.099730513647735997e+00
-1.256101557719019990e+00
-3.765976189755045334e-01
-1.278382538720196360e+00
6.523233555528492600e-01
-1.480430220602900748e+00
-1.327815722472267090e+00
5.726193725490307668e-02
6.627160954556231554e-01
-4.893875190467976144e-01
-1.112057003397754623e-01
2.022306836796318175e-01
1.547747992267883177e+00
-3.478263786727459062e-01
5.640077535441330170e-01
8.904903525621046256e-01
-1.270071498792565146e-01
-2.426815544092783272e-01
6.143892604805645426e-03
5.271988087600931738e-01
8.441524731828480010e-02
1.460650754818098251e+00
-6.398909710884594926e-01
-5.223650273681417211e-01
-9.773371604137666147e-01
9.384745711813835545e-01
2.163177366488857167e+00
-1.920251605275253085e-02
-3.361483344708281473e-01
1.877068988150145668e+00
1.920797561158639200e-01
8.716209602190582162e-01
-1.198764528936181184e-01
-2.451240944467553973e-01
-1.189629230957979678e+00
-5.403814878328137006e-01
-1.094669813906280487e+00
4.774314734606294186e-01
-1.027211869671748934e+00
-2.985855668071904501e-01
7.962577068975331684e-01
2.650671939154157775e-01
2.551854871945419267e-01
-4.223962543514065970e-01
-3.604560299979824856e-01
-1.870950686215151482e-01
-6.937525756510569686e-01
-3.286612322423611010e-01
-2.262202115689012083e-01
3.533210914524685387e-01
6.653826463610958974e-01
1.251783372597639332e-01
8.145211364950284416e-01
1.014461097150528124e+00
-4.420403003124562802e-01
4.649939177042334282e-01
-1.482060263756077301e-01
-1.585474262200420759e+00
1.223181125110116785e+00
4.534663037685167652e-01
9.426537485812580552e-02
-1.961517235427139294e-01
-7.653094891330914917e-01
5.008037602138034616e-01
2.239835527750896060e-01
-8.584482019675299114e-01
2.357852038266227204e-02
8.346422638122452664e-02
1.527584391963838106e+00
-2.308166989592089768e-01
-8.865747751449641889e-01
-1.514932771779623710e+00
-1.034625729440162401e+00
3.670760629165708000e-01
-5.953076740860838711e-01
2.844493957017333874e-01
3.487371506273479471e-01
-5.563684772789297961e-01
-1.105156521926932811e+00
9.083156256955932442e-03
3.280761271220672404e-01
-7.257806341326439314e-01
-2.078634316065631538e+00
-2.575383056708640539e-01
-3.707308545185269422e-01
4.524128687530301063e-01
-8.879702726441204286e-01
-3.023659250745844851e-01
5.886185615150620887e-01
1.095410847025260592e+00
1.424473373114968133e+00
8.188265160626975181e-01
-2.435713417253798085e-01
2.647401926286352403e-01
-1.496075365224473375e+00
-1.563125595236359855e+00
6.246226540776330660e-01
1.599798137860584668e-01
-8.153224099259376301e-01
-3.034949809379298369e+00
4.591404539537736751e-01
-4.214984188078557126e-01
1.683646783283314852e+00
-6.569760032583472631e-01
-3.769527567716550731e-01
5.752030013157094501e-01
-2.641090339738113441e-02
6.093725885829933686e-01
-4.463650861384879653e-02
-6.236998941560635279e-01
-8.905076398229356816e-01
2.208315560816097867e-01
-9.329777376829881952e-01
6.326775819190323391e-01
-1.281507953709809522e+00
6.154034949257112391e-02
-1.204067810731521693e+00
7.833899265892365626e-01
-5.696181391128724014e-01
-1.729186514638494376e+00
-2.303432776070012400e-01
5.605439845094777329e-01
7.163945552056631971e-01
4.433125144826044473e-01
-1.492944707256536496e+00
8.438970898742949311e-02
1.001555333557168082e-01
-8.796122208912899865e-01
-1.581361627173713424e+00
-1.074631254780704648e+00
-1.958734195679139312e-01
-2.658189211461209900e-01
1.178693651778220275e+00
-8.390489281547314215e-01
6.452940587498892100e-01
9.497233701901555136e-01
-2.971695971616378218e-01
1.554269020035359827e-01
1.956155249371879012e+00
-1.422933171670867747e+00
-1.228787160164584336e+00
2.383446015462683254e-01
4.302652625333878156e-01
4.432446575354813123e-01
3.173367540436013989e-01
-2.239007259760835700e-01
-1.452328357878819531e+00
-3.896792602915851583e-02
1.535563359776282777e+00
9.161138688234808924e-01
7.688682735104337418e-01
-7.179701109688523264e-01
-4.929552643509371723e-01
4.000106044230568592e-01
-2.666374410851180543e-01
-7.470613018248665194e-01
-1.484905157711371659e+00
5.134212902885688656e-01
-4.681451765133654019e-01
5.530447196140055865e-01
2.257034041192887697e-01
-1.579164036029381712e+00
-7.955264385937470539e-01
6.599026207317657544e-01
-2.203962046164864852e-01
-2.216217332938814066e-01
-7.712438948736655142e-01
-4.590537007814712300e-01
-2.313227705390101363e+00
2.549626570232322864e-01
-2.117596770056935807e+00
8.915778283901238943e-01
1.066590182456733649e-01
1.988967214386950511e-01
1.730818342726964110e+00
-8.709119385910163436e-01
6.481761362569881113e-01
1.872088049972494006e-01
3.381730782836257498e-01
4.319463679898523645e-01
5.897023069306622789e-01
4.135968026816274623e-01
-1.694694765762075228e+00
4.379812160816924371e-01
-6.805984663778791299e-01
-1.611999030855222115e+00
8.102305472857721513e-01
-8.783223748890660598e-01
-5.059207185170211396e-01
-2.902987738512221583e-01
1.935366123776565972e-01
2.955736521482748569e-01
-2.177475159157698792e-01
-1.377425692802149160e-01
-1.542210919627014398e+00
-7.082489276567067726e-01
-1.220452751458009022e+00
4.344351652727958535e-01
-1.948596180258505450e+00
9.368176051509388147e-01
-6.523025119409554540e-01
3.656178775081256882e-01
2.135991689565842400e+00
2.033557491859173116e-01
-9.462441806638178798e-01
-1.309491535999748990e+00
1.178157539964769102e-01
-3.092022527387483510e-01
-1.606295386893296095e-01
7.576335690578830939e-02
-1.094614121459003497e+00
3.756908907752593008e-01
-5.896746647686496035e-01
9.479114570702567022e-01
9.602016492243867773e-01
7.322681159340347357e-01
1.436628009853643695e+00
1.223203215406813538e+00
9.458018485340886627e-01
3.717204182781602001e-02
1.194059795841585059e+00
-3.394326006601754986e-01
-7.756778897448822485e-02
4.960107172083111915e-01
8.422778858234558630e-02
-6.413072291399624092e-01
-2.137968948665913693e+00
3.304340815983595192e-01
1.165289198921009017e-01
-3.161334420971980030e+00
6.369337672982288145e-01
1.695515994007052926e-02
-1.306115227074074792e+00
1.011913120687347734e+00
1.250439125084527481e+00
-9.114102352354829240e-01
8.347276774783229936e-01
-6.196295521078371005e-01
-1.342371496362471328e+00
-3.502676954776449136e-01
-2.941899737248393487e-01
-6.134494772120817618e-01
1.080486233589265321e+00
1.939042139155502387e+00
-2.505528026989457313e+00
8.783686904949100649e-01
5.724444734319770189e-01
9.517458194773739111e-01
8.504931370428534532e-01
3.344811740547846274e-02
-7.666852692089417554e-01
4.900189662204402774e-01
-2.645484169037823699e-02
1.876069132314219567e+00
-6.869818104526412839e-01
4.231271641154635277e-01
8.041370292907230599e-01
2.013699554542662962e-03
-2.145977039047635981e-01
3.896361559718458656e-01
-3.693025559085247878e-01
3.166701393015926985e-02
-4.816695628548833819e-01
-1.384761241573676305e+00
3.184920115540741392e-01
-9.939056237617313605e-02
-9.155145058291438986e-02
4.476392211454608971e-01
7.269311381349119472e-02
1.224202978780610129e+00
1.892709984883060415e+00
-7.732233243784650822e-01
-1.452988025267688332e+00
4.110716419101251989e-02
6.246388826541374728e-01
2.947902066678941835e-01
6.112296045110831022e-01
-1.725120832235901069e+00
1.361383163114065820e+00
2.177503725053029360e-01
-5.925343748735780736e-01
1.305146702936224257e+00
2.138336135348825273e+00
2.322787707315555894e-02
4.934567621463292753e-01
1.632133662161295629e+00
2.943091027644857416e-01
-5.043883261277950503e-01
2.069357243550574932e+00
6.262218444040774656e-01
-1.037085005477833333e+00
-2.705659011564081062e-01
-4.411142145715135632e-01
1.621278387089810369e-01
9.652380040819993345e-01
8.522872103701231161e-01
-2.398396548269490225e-01
1.619960752221655254e-01
3.659930504724224209e-01
1.277857847960877369e-01
1.234949049764604512e+00
1.112479126291795906e+00
2.349719267785380927e-01
1.872566796397437061e+00
8.840052037425444320e-01
-1.856060149391959957e+00
1.194124579783596429e+00
1.137411583917144808e+00
1.429530316085459773e+00
-1.916778519897867072e+00
-3.294304970545207101e-01
-3.723198443524465273e-01
-2.272885893288724146e-01
-1.013810092069775903e+00
1.580586645652036104e+00
2.166099464979877709e+00
1.306783975812370269e+00
2.723190157764749375e-01
1.480908210384132229e+00
3.228094490666169047e-01
3.217322214904796973e-01
-2.357425387313781817e-01
5.468820536915790509e-01
-5.475878715808128738e-02
-7.931320250848760134e-01
-8.944026480279374525e-01
-2.776349849239457268e-01
1.526554343767510424e+00
3.812266234468101311e-01
-1.327139533017604789e+00
2.603029531156080822e-01
-2.058551643792079222e+00
-5.057401853736391839e-01
-1.459832362290678365e+00
-6.647035013515012469e-01
-1.323116540259341223e+00
8.494630904999053156e-01
-1.939364748375241587e-01
-1.349192060224679635e+00
-2.507674803032007294e+00
-1.269456616485927558e+00
5.817376413642356692e-01
-7.456487756886959195e-01
-3.684968819966011333e-01
5.948883331093295368e-01
9.028497941251081294e-01
1.374323922520137575e-01
-2.345875632976321679e-01
5.275808270624715579e-01
-4.623946608528012314e-01
1.818943980379788883e+00
5.358435718973949546e-01
-7.962018581054580713e-01
4.038953922940769492e-01
6.533939811294542377e-01
-8.205969967280214439e-01
9.186549081988972798e-01
4.269275131596607098e-01
1.322841281278013925e+00
-2.464292777088283593e-01
1.195822314610993420e+00
5.680150886883106320e-01
5.142762212602225436e-01
1.120008302891518648e+00
3.501813640603492761e-01
7.440273168921630875e-02
-1.151006429423550026e+00
3.465114756135969087e-01
-4.687590737741995084e-01
-1.743691481165910162e-01
4.656132403201488495e-02
-4.442972803734468457e-01
-5.509857219404201700e-01
1.798954893520931408e+00
-2.266503419076580927e-01
1.045078702583722485e+00
-2.625008782179366396e+00
-8.422366253937747793e-02
-2.101294919738542877e+00
3.256739668652960940e-01
1.199565266341495878e-01
5.230661178293838365e-01
-2.780168593443140268e-01
-1.299748386724773608e-01
-7.598750408949833668e-01
-6.218960078344584197e-01
1.390639043009036069e+00
-7.595811479170926361e-01
-3.842643375500421343e-01
-1.417353616595274701e+00
-5.223711735139182633e-01
5.668601974829633461e-01
-5.439898102582012562e-01
-6.723949198011014428e-01
-7.375276580480089050e-01
1.339982486354727720e-01
1.030016068085088721e+00
-2.237833490628794220e+00
1.135450114099122026e-01
2.583694730832183373e-01
-1.727071753457369407e+00
-1.181353655919547219e+00
-1.839508972602553472e-01
-8.248503695003819303e-01
6.406148469372544008e-02
7.936097982811214369e-01
5.607246409317282465e-01
-1.311465542450095612e+00
7.346843308065367228e-01
3.647485822586263304e-01
-3.534405602023861226e-01
1.008619719033066353e+00
1.329519911408922894e-01
-8.122624896158017194e-01
-5.987867202247459941e-01
6.855427351404873582e-01
6.153755315965302869e-02
1.318289379517199933e+00
-1.343775954074448442e-01
4.796920607224354483e-02
5.242774309133855226e-01
-3.133624433243729218e-02
6.579816579471852167e-01
9.560389686035364321e-01
-1.132206387622472166e+00
6.891415107079342794e-01
6.569938054588023713e-01
-7.251844774240888691e-01
6.605938150704345757e-01
-1.124211448615172415e+00
-1.607095475507677396e+00
3.866247544532808167e-01
-5.361911774744424486e-01
1.488972308628431218e-01
4.470401257708649934e-01
5.631262031948471719e-02
2.064568933426405226e-02
2.112856698451892057e-01
-3.955140223849215042e-01
-1.301956072566711864e+00
1.644576661308672749e+00
-1.450009846373820688e+00
-1.543633841905038828e+00
-2.699600041936686123e-01
-2.956410738554588136e+00
5.451256857446463711e-01
-1.136332123523131177e+00
1.995756596490288470e-01
3.955431335094787837e-01
1.181035625897864039e+00
-9.523467623313320862e-01
-1.572188110212217327e-01
-4.380190683024889897e-02
-4.500646964096718938e-01
-5.591934246618426307e-01
1.400770895742418753e+00
3.148994322835635407e-01
-1.539746141394533030e+00
1.641411802667453734e-01
2.805352971286986796e-01
1.352446866612193876e-01
3.070628218399822779e-02
-7.199860399929024213e-02
-7.121220008527419099e-01
2.490782953576980430e-01
-9.440723206631673747e-01
7.607584073724557028e-01
-1.530269188885906573e-01
-1.065124499283961690e+00
