-1.794003785037067811e+00
-6.354741746282401849e-01
-2.174280136200859304e-01
-7.481026071558973811e-01
3.713231171291079824e-01
4.026706349622041770e-01
8.127704684261114476e-01
-1.045935538923132180e+00
-1.092027463604194670e+00
-3.715964919566318581e-01
-1.020064524477784396e+00
7.300809399188797899e-01
-1.958663839983391664e-01
-5.432692217652201894e-01
1.069387275933895376e+00
-1.479071350075361391e+00
1.441151093848111187e-01
-6.648721431632961254e-01
3.255315988297586838e-01
-5.368998946846840203e-01
-7.518918886807673951e-02
-1.076569159065322995e-01
-2.167577826885275921e-02
1.415394463090632882e-01
-9.637682932239646227e-01
1.136776232269298026e+00
3.180667068206071701e-01
1.103378128822450011e+00
4.310023469046468658e-02
3.895199570716807447e-01
-1.565294778383730323e+00
3.704236344827633309e-01
-7.664639405173852005e-01
6.200726068076702902e-01
1.102339549509281147e+00
-1.782379581150504544e+00
-3.895327730683469936e-01
6.893654545412256640e-01
-1.106886149846938672e+00
-7.680101501421386923e-01
-1.122616472491732686e+00
2.484103050786988787e-01
1.656259421273648558e+00
-3.619524685218307725e-01
2.378092583871458943e-01
-2.159324093849904549e-02
6.372665756849963392e-01
-1.952692989168866244e+00
2.147023343842687559e+00
1.271421288573200581e+00
1.196494869496861346e+00
1.177842949200270883e+00
6.771084380821691673e-02
3.833818147226991657e-01
3.732696599501334478e-01
5.718305159716025043e-01
1.583596674598302334e+00
4.283134034746193253e-01
5.125693818627219400e-01
-2.460655044574056316e-01
1.474817531958558137e+00
-8.007070650154574087e-01
2.152562239618405204e+00
-6.619377618357766835e-01
1.156582783959478222e+00
-6.619084206977626783e-01
-1.145133757541484526e-01
-6.026029318987324163e-02
9.615578962689667053e-01
1.892633181549899346e+00
-8.858221590323115402e-01
7.349680928685354830e-01
1.963092358355360278e-01
-1.749593455635678474e-01
1.204308705945031477e+00
4.827345520314427763e-01
3.985195600682636674e-01
-1.830915543229768294e-01
1.799500373637833717e-01
1.675474382571206511e-01
1.599671931242591771e+00
-1.597104158129610818e+00
-2.226456698370374576e-01
3.822492647963580126e-01
-5.867424206793728780e-01
4.955578193941252985e-01
-1.468195353757309141e+00
-4.005926995309787991e-02
2.566336248056309000e-01
8.808646878126756841e-01
-4.595688430962267534e-01
-2.134511797590399051e-01
9.299500660050519230e-01
7.708122207370234902e-01
3.981890591361280096e-01
1.035763535780324984e+00
9.679692331084044365e-01
1.276741922726974288e+00
-6.386427662354676738e-01
1.274467905560908498e+00
4.404222704227710450e-01
-6.549105197452272931e-01
-4.810491050121306622e-01
-6.688642625444270184e-02
-8.666597219197258450e-01
2.286179109180686009e+00
-2.028848594322889276e-01
1.004142852085677218e+00
1.942422375180533622e+00
-1.669272852034730192e+00
-5.172546259317406525e-01
-1.830841572723195809e-01
-6.182599857104997820e-01
1.078897827193160630e+00
4.763845644008457558e-01
3.864200773005291856e-01
1.646764701079893138e-03
-3.227163888848601225e-02
-1.202727566335668241e+00
4.897048381202979139e-01
-1.132518023973901000e+00
1.263118543182404352e+00
2.438406143579711305e+00
-1.369406240675057340e+00
2.460052421616857332e-01
9.656062534951856957e-01
1.192025381890757796e+00
-4.362103187463317600e-01
-2.591764193115113080e-01
-1.843240969286790987e-01
3.204715318181634576e-01
6.714916637603179916e-01
-5.160572641725723608e-01
5.239849713543324183e-01
-1.922275449096187694e-01
-1.840692718936981276e+00
4.943810309503016698e-01
7.942755564596831741e-01
1.438307259696872675e-01
4.186574397000544789e-01
-2.412464113065115878e-01
1.323561825273434911e+00
5.353849477169169147e-01
-1.434873343220967268e+00
4.394652464558281846e-01
1.090705617999972732e-01
1.528345734197637640e+00
1.825976716836278824e+00
-1.792574767200573627e+00
1.950055696049227960e-01
-7.859495875698064848e-01
-3.734216030591763769e-01
-7.167320219334060161e-01
1.971672184094912794e-01
-1.065202418901105563e+00
2.457209301586354755e+00
-8.932543503898742188e-01
8.621466768134320446e-01
4.632308763766879167e-01
7.093091956160418876e-02
1.180602799399163017e+00
-2.663888160009906692e+00
1.709523941695500593e+00
-7.799256085776030689e-01
7.216721790341290577e-01
4.670597772184294505e-01
-5.476936931481196646e-01
-3.711763559586976347e-01
-2.664957135195385463e-01
1.520923846703930993e+00
3.086752221014697484e-01
4.223624304091432857e-01
4.763078717930958050e-01
8.333431988969225435e-01
-1.651871510342381333e+00
-1.111284136472517226e+00
-1.457862879460897432e+00
-1.121264355683430358e-01
-2.128463207193610207e-01
-9.030860157896848373e-01
3.239416368431103921e-01
-7.109680441569671272e-01
7.396462505780950769e-01
-3.113261361504098823e-01
2.820200148874069807e-02
-1.309586617519879370e+00
7.824948628567488518e-01
-1.285724610259648681e+00
7.098809519259768885e-01
-8.235309229358778182e-01
-2.123588443434359929e-01
1.800376795448179468e-01
8.183237101626595900e-01
7.139042493447326221e-01
2.522603177692885335e-01
-7.021661315732582453e-01
1.236609256738239404e+00
-1.853866094852929303e+00
-2.767688632666342574e+00
-1.579580680538383852e-01
-1.157964566292684905e-01
1.778165620250454493e-01
5.749396230834058485e-01
-6.372061734959850732e-01
5.520841382702663669e-01
-1.265232145792775764e+00
-1.022040794234634203e-01
-1.038567374494324902e+00
-1.842706598185431588e+00
-7.810216061558367118e-01
1.210327085838711181e+00
-1.243793692194609335e+00
-6.541477441873899679e-01
-5.806990016128257825e-02
-5.904162536305614939e-01
-1.059317325230351825e+00
-2.723852905912245714e-01
-2.262556349357379482e+00
-2.558022662923437718e+00
-1.355574472231768857e+00
-1.643392219933608400e+00
-1.693875823415437409e+00
-1.040001017669291317e+00
-1.531066916975096337e+00
3.076195719979935017e-01
3.113539110457519410e-01
-8.273397462525027279e-01
-6.891529131278461007e-01
-4.998350119349074805e-01
-8.996129622462381015e-01
3.415366026487153261e-01
-7.520290741991438876e-01
-1.695134319653777977e-02
-2.829615263423634008e+00
-9.005116985076848657e-01
-1.341146519042911989e-01
-1.450818595116770693e+00
-5.635002787051075490e-01
-1.486023091356861059e+00
8.572252377488158437e-02
-1.515592075349128320e+00
5.884558874542430290e-02
-9.335469674162765186e-01
-2.924147589056520946e+00
-1.092322158909704743e+00
-1.171372131458065846e+00
-2.647924206209026007e-02
-9.212001846972753816e-01
-2.107587071374353638e+00
-6.005964876021624432e-01
-1.572949654601149660e+00
-4.863893096336053823e-01
1.486343930678405867e+00
-5.918552958900934469e-01
6.750758892939988653e-01
1.201454600901274317e+00
-2.393071014134273145e-01
-5.724521033974028228e-01
-1.372862332789925421e+00
-1.438226118664971853e+00
-4.781467727407865548e-02
-1.012655969971669290e+00
9.736013656801103533e-01
8.757276596568102089e-01
-7.617709176698646001e-01
-2.035421300766584729e-01
5.846612242823382433e-01
2.330487202402117541e-01
-2.947321463716086054e-01
-3.227137709662330156e+00
1.295772309323582894e-01
-5.712880694024849992e-01
-2.144478057360050816e+00
-9.359734357786914094e-01
-2.308547109642412387e+00
-1.896097309609538817e+00
-2.045368403754817876e+00
-2.692662998774888017e+00
-2.449473321149706173e+00
-2.287316766762058362e-01
-2.985809840240425395e-01
-1.021771698663147127e-01
-6.057053255855184837e-01
-1.192000320776527150e-01
-2.382096206344738842e+00
1.158008695291743884e+00
-2.197920567738492481e-01
-1.024615307822268173e+00
1.939255080441610324e-01
-1.687345996669053161e+00
-8.873554600745590104e-01
-2.872537883865517450e-01
-1.108557850698977720e+00
-4.745816633200227730e-01
-1.028838684668819559e+00
7.994373548723808787e-01
2.486932664690037764e-01
-1.557948073320177818e+00
-8.759406759361068051e-01
-1.343669957918367297e+00
-1.754530655380635462e+00
-5.527989796528697680e-02
-3.715300120777212389e-01
-2.232332792618466843e+00
1.235194990203050125e+00
7.000105090520823969e-01
-1.923675211745530467e+00
-5.503983915568092522e-01
1.402081526932897448e+00
1.220041651451332365e+00
-8.929539217808227791e-01
-1.882637339268527166e+00
2.621977804818749203e-01
-2.017002812277015611e-01
-9.409122687192565948e-01
5.611429105075367296e-01
-2.510056436731474341e-02
-9.914784102592291148e-01
-2.613201841928624800e-02
-1.478447025841691742e+00
-9.576410607788005125e-01
5.494880827533635825e-01
-1.132235925649067720e+00
-6.868126824648742579e-01
1.011709608556762285e+00
4.894244068488808330e-01
-1.710374454837389147e+00
-6.248430726009038816e-01
-1.116276553764169455e+00
-2.958049312825672406e-01
-7.537160469554538000e-01
5.297883739155926364e-01
-2.027247717670193905e-01
-7.178543034177888860e-01
-1.343126603521338780e-01
-6.358519837430367527e-01
7.563220962252825696e-01
1.405511709907305007e-01
-3.917340641833453874e-01
8.067309017848764974e-01
-4.511250005751957781e-01
4.779450233014657101e-01
-1.386824021772575799e+00
-9.580771724511023546e-01
-1.638803072850287146e+00
-2.760161286762827793e-01
-1.640153733751985587e+00
-2.362596657355098717e+00
-1.961409263822804894e+00
-1.804320066854070426e+00
-1.301763246927709755e-02
-1.106964314291696949e+00
-2.132681021644095232e+00
-5.411097779635978267e-01
1.245429923804790340e+00
2.037920811800194798e+00
-7.500040098912245101e-01
-4.538946777625252893e-01
1.899158388230650085e-01
-1.094575859100793913e+00
9.004107174999946839e-01
-1.488197568537485416e-01
3.417209784603970901e-02
-5.801499790735796802e-01
-1.812620209412992622e+00
-4.532730984202634206e-01
1.883648116100376191e+00
-1.643410040571992581e-01
6.665289912181741050e-01
2.757103481886122309e-02
-1.289511824285241248e+00
-1.546605413619257074e+00
-3.634723147293621004e+00
-1.048922365738019336e+00
-2.717790987718846640e+00
-7.212777435228434619e-02
-1.269574000833059824e+00
1.311314609983983859e+00
-8.034420132172714890e-01
-9.715948526987548961e-01
-6.742256647613081855e-01
6.707521145131853380e-02
-1.353084918004162418e+00
1.207820848958525373e+00
-4.479554385556425711e-01
-1.198789145105351839e+00
-1.037518983967542496e+00
-4.771579715133599797e-01
6.168982750145860505e-01
-2.145683684379006140e-01
6.526411598922081392e-02
-3.658289068537427802e-02
3.230044089979880462e-01
-1.172347653987896587e-01
-6.623348743831465324e-01
2.678123572565349608e-01
-8.283575857785623331e-01
-3.375049547918561599e-01
4.596556286222919230e-01
-4.290972421155823426e-03
1.606968060586892566e+00
-7.321511321882397116e-02
-5.919773244626798103e-01
-4.476240740319562678e-02
2.593702918563371429e-01
-2.116045286217486665e-01
-3.939347231492117407e-01
-8.443665515137256383e-01
7.753147529011339412e-01
-2.460653356512488621e+00
1.062721901922163870e+00
-9.884318570258791015e-01
9.685443247182480286e-01
-2.053716284853789875e-01
3.058323854686341714e-01
2.511177250253006310e+00
4.593149659914992355e-01
2.280709860628728214e-01
3.481679518434866449e-01
-1.048244193538993979e-01
6.148671963487936099e-01
-1.051766684218680359e+00
-8.905538395998813250e-01
4.827164609974904930e-01
4.998584776293936716e-01
-1.199859068985051902e+00
9.906272459763724170e-01
-4.998844509031236116e-01
1.690688137837066396e+00
-4.040755886041317302e-01
5.253472524302409408e-01
1.389479891343891049e+00
2.624594631058969202e-02
2.977098025611628174e+00
3.264039388832921107e-01
-1.457932274868977973e-01
1.092797184423667245e+00
-1.114773934148416856e+00
-5.683909699123488313e-01
8.992588649501679354e-01
-1.471665244244093063e-01
-1.042949959777682789e+00
-1.060632707617467752e+00
-1.572848277461501798e+00
-8.941457153711210859e-01
1.042943264466440922e+00
6.953831895439054334e-01
-5.263753960884114402e-01
7.081901557711345330e-01
-1.746599061088396909e-01
6.444458761091970134e-01
3.006327847290361177e+00
-6.616692122005920496e-01
6.242120633808188046e-01
4.485463601132587685e-01
3.853145219119258336e-01
6.056565919168991341e-01
7.005501082098113119e-02
-3.825227171481981880e-01
7.613756617836152374e-02
-9.107509869652873069e-02
3.238837462890490571e+00
1.704232183740151951e+00
1.088860279053398411e-01
-1.298511650214361490e-01
3.278887150545946594e-01
-1.602483205220713414e+00
5.876776658589620839e-01
-4.759774559090705348e-01
1.034286453696191987e+00
-3.490648433781891602e-01
-4.634957740894141698e-01
1.257004875154198897e+00
1.631804231083042955e+00
-3.848701960240170639e-01
5.120313818130739492e-01
-7.082702335622507173e-01
5.781432619611183155e-01
4.316398492835110123e-01
-9.512344388024780439e-01
1.788773818746371147e-01
5.334968429759856523e-01
2.865212161868719853e-01
3.629763905296238269e-01
4.447036680831660260e-01
-1.543583174737508168e+00
1.231813280458790683e+00
1.362743072052256421e+00
-6.809964219768492866e-01
9.954361679246592765e-01
1.836347169987613492e+00
2.342654616738384377e+00
9.113367099028061302e-01
-2.096932763192032867e-01
-5.666497177070708435e-01
1.309813030793858912e+00
9.520968813983372581e-01
2.111639363390289681e-01
-4.554017788162548902e-02
-5.984304924356764754e-01
1.097353443091995812e-01
3.377663216095450949e+00
-3.514652103179479181e-01
9.913390997020770090e-01
-6.264411027756157102e-01
-1.745709310573819284e+00
1.210436422686320457e+00
-1.015460355248167135e+00
3.751210207573442146e-01
1.091356164757954827e+00
1.509065207575302825e+00
-8.352225621986663073e-01
1.070062485406605424e+00
7.527727728768033311e-01
-2.807499088610305171e-01
1.251029301867697452e+00
2.816970277980847648e+00
7.132890978834617313e-01
5.465815628680916749e-01
3.675220796646350152e-01
-3.264443334298119392e-01
5.637264181089744058e-02
1.090489942606487794e+00
7.874389207750235320e-01
7.270551407075844796e-01
1.696933023712465127e+00
1.377200028850013247e+00
1.634297006983687073e-01
1.228846060647184268e+00
1.388063418705642871e+00
7.546303374394200403e-02
4.699539440737378615e-01
-1.904228417065108037e-01
-3.864194804063806332e-01
-5.059046457478949543e-01
6.561847576503796464e-01
1.000480969156468225e+00
4.965587310907513818e-01
-5.651077192754329070e-01
2.083436308746033028e+00
7.242139804415516080e-01
1.185187269463879173e-01
1.207019274238392947e+00
1.345598601063294542e+00
1.300152051620536486e+00
1.757636383453970552e+00
1.790240491875146445e+00
-9.516726204503077324e-02
2.126597702823617375e+00
-2.082725012440791446e-01
1.031222657533280712e-01
2.132681251567136282e+00
2.657084334470199427e-01
8.329928516700920715e-01
-7.872387828656449704e-01
9.378163813441139363e-01
-6.123339664363377510e-01
6.484851067904754407e-01
-4.305152047200951904e-01
5.651300467471030986e-01
2.448825767242807927e-01
6.888329830156668665e-01
4.187449084493103935e-01
-1.377221161344971412e+00
2.110031509686732587e+00
1.896762737144489286e+00
-7.513722865036873699e-01
7.346139824717348166e-01
3.566958956315307572e-01
1.039545123062998622e+00
1.249314498544654484e+00
6.780318433420914337e-01
2.509414322542597442e-01
5.577187959487689417e-01
1.294215677975749657e-01
-9.547760122310259279e-01
1.011594047636901417e+00
-2.034785994649750129e-01
1.506240149121953698e+00
2.788279921101452619e+00
9.882963155581827586e-01
1.881397301352368379e+00
7.037741933084084023e-01
1.134369082299982789e+00
2.087081099588269650e-01
5.786395581497936202e-01
1.058460832660856665e+00
7.399661107405878235e-01
-9.129894723219427188e-01
1.994075537649747931e-01
2.953850943622536862e-01
1.018334829763999139e+00
5.417818157260473333e-01
3.713571558476848056e-01
5.210479140796879793e-01
-2.977770334905920357e-01
9.387302671825878964e-01
1.074134048294612898e+00
4.085517306005347904e-01
-7.766848229538245718e-01
2.130559831443122887e-01
1.157337561122523839e+00
1.445251966026106727e+00
-9.347186063645269716e-01
-1.326274099272606311e+00
5.547859827045571457e-01
-1.649672866451027953e-01
1.975085586533108728e+00
4.097394262403325493e-01
-3.002859485768195544e-02
2.221947305833841924e+00
-1.249422045567528776e-02
2.502497006770020849e-01
-2.426844065544710993e-01
-1.409185198655516613e+00
7.000571129560803074e-01
7.107229011545497244e-01
1.083590224038599725e+00
1.707111493724241535e+00
8.270936833322016790e-01
1.013477086671407568e+00
4.205298429993993836e-01
-3.230805371705298690e-01
-5.310784434643626151e-01
1.576887938421412116e-01
5.402855311406437044e-01
1.181474335391924646e-01
-1.148270497124216138e+00
5.180152252485515918e-01
-1.255491870927726739e+00
-8.390036938651930232e-01
-9.263752527243344081e-01
-1.715985074821072986e+00
-1.441436903607446363e+00
-6.413185962156334741e-01
1.163147956912188308e+00
1.257506119736191641e+00
7.430889248931025204e-01
-1.501720771758150885e+00
1.988932746085889436e+00
-7.097095592997828550e-01
-8.755747149060770160e-03
-8.820039283237292027e-01
1.757505506271657358e+00
-1.013582333387201162e+00
5.639611784943170392e-01
-2.413664575180004324e+00
-4.087746431447857320e-01
3.048992228095902604e-02
2.857285480703104438e-02
-4.764290152669565237e-01
-5.215388807902942014e-01
-4.948886927849330819e-01
-1.575869714255977438e+00
2.598888357278421046e-01
-9.164528081251335223e-01
-1.071658389484229312e+00
-1.866455262055904507e+00
-1.387993866528584253e+00
-6.814075861469863771e-01
-2.270182594909735840e+00
-2.374877793629228684e+00
-2.952337636072764337e-01
-3.169481971380795349e-01
1.780865751339348657e+00
5.478188912840707969e-01
5.036680330941452066e-01
1.422384641709152631e-01
1.056165074997421405e+00
-1.694600893938643937e-01
-2.909919126655965416e-01
-2.018246585036614693e+00
-1.251969568842137948e+00
1.837276023408861703e-01
5.175501425211910256e-01
-1.607880239633278308e+00
-1.132971920623371542e-01
5.452672901732372734e-01
3.232120877492178357e-01
-1.504722875836179252e+00
-1.124408676690205056e+00
-5.897427774556498470e-01
-1.492905547073838934e-01
-1.186096286180871928e+00
-1.590099503024230698e-01
-1.852985388944208001e-01
-8.024435267916725234e-01
-2.315007885632285045e-01
-1.586571525007469230e+00
9.331587053379671870e-01
1.596068460195420868e-01
-8.860563938696056629e-01
1.461377856678747200e+00
2.423615805723977168e+00
6.490636281414431386e-01
3.711579889040257929e-01
-4.717018654716277903e-01
2.814203859319454604e-01
-6.279985786668009773e-01
8.235439333607946777e-01
6.106398844907060530e-01
6.910292469418682915e-01
1.205304023203707331e+00
-5.997838579732172465e-02
-1.382532426168903705e-01
-6.231494221065773109e-01
1.830041420862810464e-01
-3.560709323409146088e-02
-1.982739297710235660e-01
-8.342283280308281368e-01
-6.357359228419480202e-01
-1.976146320984431437e+00
2.094055783807280691e-01
1.559057247478740915e-01
-2.373781112339008181e-01
-1.090001520667453594e+00
3.358035025120105210e-01
-1.630291907560994735e+00
-7.462336392747836999e-01
1.220895968449674296e+00
-4.094372671790129647e-01
-9.079320753944415401e-01
-4.266643378849461765e-01
-1.258212434382055989e+00
2.519126117605347548e-01
-8.951741957281561524e-01
-5.651278310241741876e-01
2.295568944981784751e-02
-5.246208017264853973e-01
-3.858166017024779876e-02
-4.777335205449806943e-01
-1.196882523741679138e+00
-2.086141414737128663e+00
-2.461927259223903042e-01
1.228017826202431328e-01
2.047294705048530727e-01
-6.848215211457295837e-01
-2.688293673890748137e-01
2.909984387952048168e-01
1.235729767165529180e+00
-3.751901344016568829e-01
3.944993617318003076e-02
5.310319356664163770e-01
2.730434546484299951e-01
-6.083454304348545616e-01
2.187864751424007714e+00
-3.926072440188754786e-01
7.403874459780691586e-01
-1.152710869124432963e-01
8.050414703257642302e-01
-7.468280999199036208e-01
-1.631895165218810062e+00
-1.105162976193255986e+00
1.471715179967945583e-02
-1.046782568757416820e+00
1.817993873250926262e-01
-7.195975577878248597e-01
6.086865153882013990e-01
1.156227287906337109e+00
-1.441117856832153099e-01
1.787052854704037186e+00
-8.294349719319336067e-01
-1.132387367704228875e+00
-7.497493594528263638e-02
3.614752722181233113e-01
-7.398587050068268500e-02
-3.692892591085030207e-01
5.382445562080998558e-01
-5.021555789468833408e-01
1.271846419575586584e-01
1.197588281842362212e-01
-5.343556011464903888e-01
-6.407094296040346526e-01
4.720399485033840437e-01
-7.665550188490470873e-01
2.263717121207831362e-01
-1.555151244490610152e+00
1.281175278779647986e+00
-2.348889804268343151e-01
-8.659831365406331360e-02
-2.648093971461614737e-01
-6.395713032284607025e-02
-9.526580486459423902e-01
6.326579713048073872e-01
