9.094071892180564110e-01
-1.700712431976526329e+00
-4.408573128827534271e-01
-3.648803855551259745e-01
1.191005867229679493e+00
1.746087553472362996e+00
6.330198383423072395e-01
-2.446881741728437198e+00
-5.844021228986430394e+00
-2.305568170628813807e+00
4.724164833722112711e+00
-1.344178096837285175e+00
-2.536214506601472407e-01
-1.207489290151721351e+00
2.345574167178734903e+00
7.854057793496704853e-01
-2.681420737954735234e+00
-1.239379856562393245e+00
1.227356598501715856e+00
-1.383668211458683572e+00
1.746156495527535712e+00
-2.008982625380119902e-01
-1.643496567031912381e+00
1.819908734788811211e+00
-1.287696503585565644e+00
-2.947994697483386162e+00
1.230268877009093709e+00
-9.642937181675160785e-01
-4.837928868500636526e+00
2.711657727962894171e+00
