-3.066173323927005256e+00
-5.229625914868747394e-01
2.450013521189756904e+00
-3.307983328993540972e+00
-3.687301286946060408e+00
6.507832124458720058e-01
-2.714987076602297378e-02
2.285748345007853288e+00
1.265949726985361679e+00
-4.897150607443111703e+00
-2.675258356507347557e+00
1.817758694316889079e+00
1.796084944008878415e+00
-1.766562480873995922e+00
-2.687949017953160880e+00
2.259279939912255841e+00
4.721386776801008267e+00
-5.413006504933460805e-01
2.965470274775912518e+00
1.022942148183736188e+00
-6.991796260580272815e+00
-6.063814545565967329e+00
-5.104247171999049648e+00
-4.303624847983236634e+00
-5.387869909381234335e-01
2.890230012769406720e+00
6.358441909286118410e+00
2.977320732264445713e+00
1.724591262534617586e+00
2.496244703369064233e+00
