1.365182949264793777e+00
-6.456269559059275576e-01
7.871443808912020890e-01
5.053817395806508017e-01
-6.372715184859181203e-01
2.297695597799048473e-01
4.811528002076977950e-01
-3.874654318528721886e-01
7.585966762897398130e-01
-4.706956235798962496e-01
-4.266975503579151230e-01
8.360222889148947178e-01
-1.112392996208462437e+00
-1.860377227710929560e-01
8.021904862697264438e-01
1.352387900188750658e+00
-2.897694890326450445e-01
1.076719623229442702e+00
1.081901947685744103e+00
3.676746032867318076e-02
1.595749200323336447e-01
3.765429213847724665e-01
1.416432736957539129e+00
-1.271644067273290379e-01
-2.839917930166265259e-01
5.492918076527518734e-01
-1.640219947564925285e+00
2.282741768811414607e-01
1.458293154282452431e+00
-6.453474361703246398e-01
1.455042467346834067e+00
-3.898839140588278296e-02
9.576613114061738319e-02
-7.778565660880013555e-01
6.290498484622154551e-01
1.079706761308065532e+00
1.706334271944858483e-01
-2.401959960406147288e-01
-2.255691250085336830e-01
2.235925143981661645e+00
-1.332816953842361318e+00
1.675920140111749257e-03
-3.429474798193540286e-01
3.150274166851632640e-01
9.696128696651621359e-01
-1.975115754297353199e+00
8.926459011578797842e-01
-5.355841953811824041e-02
1.052408854061140375e-01
5.121921029816464133e-01
-2.762427056346406732e-03
-7.113777675297726644e-01
1.723384913115773576e-01
-4.086531762619549091e-01
-1.107220925415174362e+00
-1.219140980850006439e+00
-1.008216845070810441e+00
1.112147496786071721e-01
8.381618883215671278e-01
-2.083839508502348892e+00
5.011271223456101875e-01
-1.369878353595587184e+00
1.603707994613850607e+00
-1.459413236392403279e+00
6.515217599483525968e-01
-4.247270700528771314e-01
-2.593609266174447203e+00
-1.571027725149007237e+00
8.000697173978286170e-01
-7.007825649688566028e-01
4.698248939130687529e-01
1.664942652885517405e-01
1.352506859849938348e+00
-1.849462057977872442e+00
9.551857175098100727e-01
-1.523433369964138473e+00
3.339070479641049194e-01
9.572554925405029058e-01
2.063691071481391637e-01
8.382914355039535748e-01
-1.700925528338822046e+00
1.496814770644333104e+00
-2.604845313319871861e-02
-5.072775412316513632e-01
-4.602227024954895496e-02
7.936670360530500012e-01
9.933182155420853254e-01
2.939839367132613956e-01
8.581368943434363183e-01
2.399286724623709011e-01
3.434214186574343075e-01
1.825127474320855370e-01
1.965495273537247511e+00
5.807440278557169933e-01
-1.870684524045427843e-01
9.911783550457903269e-01
-1.230473273804260970e+00
-2.327722285921605128e-01
1.256091647260687783e+00
9.183130100419236719e-01
8.175022252816922519e-01
-1.475009664124581565e+00
5.683068588158286527e-01
-8.753278774879665880e-01
-2.404872043423794015e+00
-2.838817194594758231e-01
5.901443643303883047e-01
4.213258891824689933e-01
-2.029770819281180749e+00
-3.407723267060628336e-01
3.525865893891082514e-01
-8.328992980119733769e-01
1.105199191960035243e+00
-5.428921872101910573e-01
-3.345466621851979072e-01
-4.991910719307681710e-01
-3.259697366612017699e-01
-1.295838414360818813e+00
8.118369514444122581e-01
-7.877901165358533464e-02
-1.122155819084430517e+00
-9.929155311234980630e-01
-7.475498490147143293e-01
-1.062891547990731489e+00
5.878545702597821609e-01
-7.774471398961672886e-02
3.438887059116193523e-01
6.534983590239595852e-01
1.306228955792323489e-02
-1.025026383716716172e+00
-1.463838416876729775e+00
9.808815773333046106e-01
2.428829450273192414e+00
1.204550082984624237e-01
2.148488318492758342e+00
-9.305033491560135150e-01
7.256264359042319256e-02
1.530329655560005886e+00
1.172802146177216454e+00
1.344333535285355818e-01
1.274475164159082796e+00
-4.995483421328720808e-01
-7.232772032502846615e-01
1.100506038422573551e+00
8.974327077949706410e-01
1.075980917711643059e+00
-4.162968648711107833e-01
-4.902046060320848220e-01
1.287637285975217760e-01
1.094840019779984575e+00
8.872184641300462360e-01
-4.277749445649344784e-01
1.653577159429046595e-01
1.175785659580059761e+00
-1.317339353687796644e+00
2.713818255975204430e+00
-3.119228311320125235e-01
5.419491494780496188e-01
-1.118742730658426554e+00
-8.083541654589825043e-02
1.427660050632663991e+00
-8.320094686508225923e-01
-1.954095530237663289e-02
-9.937768241760419619e-01
9.327537786276050014e-01
-2.642917309758247013e-01
-5.475958962613196590e-01
-3.601802041775113428e-01
-7.560596016573196687e-01
-1.831924656875036916e+00
9.346141353382630967e-01
4.031164983560731052e-01
8.334253744251267637e-01
1.883337405169869472e+00
-3.298998136481720023e-01
1.209524984957660809e+00
-2.460836970613208052e+00
9.304658427140044541e-01
1.144619637586968608e+00
-3.523041410835756754e-02
-4.752600083856228785e-01
2.354461595471527002e-01
-1.056281471214632228e+00
-1.257630986248418070e+00
1.692087217988270942e-01
-1.668978093397106788e+00
1.567212826371572887e-01
3.733747929270139210e-01
-6.264836960771976715e-01
-3.277113930199765379e-01
-6.603234468529720624e-01
1.138498072405302430e+00
-4.209880480596899233e-01
-2.507388914247060119e-01
-2.959403245898002410e+00
6.984279727556307327e-01
8.273411967107404674e-01
9.318279164574704287e-01
1.377343183367011559e+00
-3.939539515984690765e-01
1.949512736072554819e+00
9.198502449933820824e-01
-1.034692252857144279e+00
9.914102765703295406e-01
-4.488273173448712461e-01
7.936948550291947901e-01
4.056621825243435508e-01
4.568945246374720992e-01
-1.868346153738455195e-01
-1.390737441998582291e+00
6.468248670480410967e-01
4.310492412915645777e-01
4.764635563005752139e-02
2.721032540631053709e-01
8.997395257127381585e-02
-1.173923491996804236e+00
5.507736036713730687e-01
-1.606561257480422666e+00
1.377246158405550203e+00
-6.515894690691701463e-01
-1.011517077388735114e-01
-9.337833196655836998e-01
-1.502009486153146778e+00
8.153324431480942769e-01
-9.599646591339509039e-01
-2.682429068889380375e+00
-4.271245441603369053e-02
-8.799130926295075650e-01
-6.199403319716326743e-01
-7.183665822711141624e-01
-1.180653422720762347e+00
-7.682316301965622651e-01
1.268314132607705647e+00
2.313657749936748331e+00
-9.627192771541032146e-01
-1.405866179736406041e+00
1.065996607295828680e+00
1.186483560576186147e-01
1.823243423804278729e+00
-4.718366429016558339e-01
9.427222715792242802e-01
1.190907373419081594e+00
-9.057334294904799687e-01
8.030823827007686766e-02
6.287248552540151969e-02
-6.670037750387672881e-01
6.516083860775633285e-01
-2.137096484634968707e+00
-9.776806299672419209e-01
-9.409206710418991371e-01
2.315564028554685239e-01
-8.272711993827686072e-01
4.641773887947848731e-01
-5.479015395271199518e-01
-3.371456084788267971e-01
-3.235278768813467654e-01
9.040084770257179603e-01
-2.778844849750025658e-01
1.825438490728197083e+00
-7.704209606484960782e-01
1.523590238947840847e+00
1.596122940858015538e+00
-7.102588278178110226e-01
2.015239076513833272e+00
-2.563352628522578835e-01
5.882229515305954504e-01
-2.396229063901552936e-01
2.620759668147674581e+00
1.753540509794818472e-02
5.086579951478088502e-01
8.836480678656088994e-01
1.790284076385466883e-01
1.915471751328504807e-03
1.026313927248496904e+00
-1.426532949134790229e+00
8.327107846377158618e-01
1.979939586903361581e+00
1.090295878920376271e+00
-5.902240093073101157e-01
-3.482092954767813664e-01
-9.377214735354547637e-01
-1.765903688233359414e+00
-2.104526100148873535e-01
1.418904768102713154e+00
-5.656016726153105800e-01
-5.731709378693284479e-02
-2.899909249730656807e-02
-3.504479585919494378e-01
-3.969367340729796356e-01
1.314650698773636384e+00
8.774051202719321818e-01
2.586714984857139132e-01
1.176611238329983156e+00
4.727204163323781190e-03
-8.711195064749740480e-01
-3.129550246284223403e-01
-5.221695715060007403e-01
1.795344665016807006e+00
5.576825859240999161e-01
-1.569910027243884634e-02
5.852192511802805086e-01
-2.273369946066408978e-02
-8.991135480602363561e-01
8.341464281177030093e-02
-4.571917764696922792e-01
7.151674756403737510e-01
-6.310376605763717839e-01
-2.358652752066946690e+00
-1.796615248988714664e-01
3.657219633238208978e-01
-8.016293417848663339e-01
1.162081636357510363e-04
-1.634005663416259635e+00
7.904351579938116712e-02
-4.620392934191732692e-01
-2.294687909152184346e+00
1.292598980857142976e+00
-7.820686259735830648e-01
-6.961023504054031363e-02
1.000839772392821292e+00
3.289797755087954245e-01
4.719572867968864216e-01
-7.305826246922906275e-01
-4.361652907451681327e-01
-4.886898177479302996e-01
-3.690197353016650417e-01
-3.524740382849339548e-01
-5.609943613769565740e-01
2.274151402522004428e-01
-1.080667848147933263e+00
9.681300098988624425e-01
-1.754212723770059545e+00
-1.968079178077482450e+00
-7.834733011196300945e-01
2.026557271542835104e-01
2.025986082379921172e+00
-1.234245447360830861e+00
-4.582761301073974280e-01
-5.664005422333544537e-01
1.106717049457476953e+00
1.503086149855386244e+00
2.491967347024347246e-01
-2.069248231066147248e-01
1.872206274580854757e+00
4.194888106222091628e-01
-1.025592399477588845e+00
-1.726789474131451119e+00
2.863702689561879455e-01
-2.817914237949018519e-01
6.923442482777270035e-01
-6.240037292963676041e-01
-1.034410674243769535e+00
-9.853304558346447362e-01
6.967491024321603721e-01
-1.012225247280047258e+00
5.047151554598315881e-01
1.865456819250711218e-01
1.293662280218340621e+00
1.944728728004529117e+00
-1.963168989818881993e-01
-3.383424820736818939e-01
8.784538173881204504e-01
4.071787222376973547e-01
-1.477672408755026590e+00
-2.307071216365086830e+00
2.856530864020366267e-01
9.250319953102728032e-01
-1.843479742542198485e+00
-1.099230889467219668e-01
2.089516373006432282e-01
-1.467723802289544688e+00
-5.190450980499320410e-01
7.411230530810621886e-01
-1.009290658211928093e+00
7.126832057109039331e-01
2.138154386351217018e-01
-1.759579252421025197e-01
1.493695143293751082e+00
2.282161836840928437e+00
1.238900708826094155e+00
-6.078627790942463527e-01
1.392508142112538039e+00
-7.847299118408655738e-02
8.604062362934228325e-01
3.171461397861621290e-01
7.198787998400938415e-01
8.898149970371065365e-01
3.377187339463040283e-01
-5.025733271625838494e-01
-3.602587321499772233e-01
-9.963306418027849665e-01
-1.164516101946398319e+00
-2.271900970533069053e+00
1.506078199231416725e+00
5.720327563139581128e-01
5.640852899604726911e-01
2.343788961362768819e-01
4.460720294880446968e-01
-6.905872560217426459e-01
8.758053790402927641e-01
2.759178128562485566e-01
1.014550238435490831e-01
-1.490771907580377975e-01
5.578202478486591342e-01
-2.855866289995026008e-01
1.974503546620946792e-01
1.502601574673369855e+00
-3.265202993998456149e-01
6.600981222846985519e-01
1.010208421589299244e+00
3.550435685224180293e-01
2.839044906316347538e-01
4.354037210536932379e-01
-3.827844036646289028e-01
-6.687625367629365103e-01
-2.181977341921803037e-01
2.022785843802755945e+00
2.280621918161373218e-01
6.619702118013086611e-01
-8.508133665716824945e-01
7.612081078319439253e-01
-8.998002650731230512e-01
4.074315160274539771e-01
8.288266709038012714e-02
5.738908974400763752e-01
7.691290369467845833e-02
-4.513751737710587353e-01
-9.057846167059228071e-01
1.029188993815840503e+00
7.614195374470337230e-01
1.142955676388566211e+00
7.842351850303629357e-01
1.024358959491003196e+00
-2.595306782018012015e-01
-7.627425517951840206e-01
9.320069358556305472e-01
1.075125152230409498e+00
3.066110594795493777e-02
7.742543824275584241e-02
7.793686762713617489e-01
-8.398510835480957892e-01
-1.228758801691294811e-01
1.095813245428899574e+00
1.334647486356122514e-01
-6.938355565509833900e-01
-6.727020705714585880e-01
9.999656872340582092e-01
1.177298422548080925e+00
-3.496581751282705486e-02
6.620546494526217129e-01
-7.846619567997198397e-01
-1.915920854948286678e+00
2.974413677040831372e-01
-4.408666564854946124e-01
1.644349263055449262e+00
-8.224262250898803916e-01
5.441648681612598626e-01
7.505687790029482720e-01
-4.954539779089561780e-01
4.050849225273115417e-01
-9.825002859174437608e-01
1.624332905979302688e-01
-5.045318008140564636e-01
1.415154379905862791e+00
2.679622587788464960e-01
5.271612649339553203e-01
1.554731301822158018e+00
1.958970678783069075e-01
-7.336101982173265368e-01
1.721822090119596860e+00
1.944918197151273842e-01
9.384385044263624520e-01
6.525123735819924331e-01
5.325473973074463796e-01
1.419381203751931830e-01
3.410943229430632440e-01
-4.939775164641548866e-01
8.279883088670316749e-01
3.796468263339860538e-01
8.846318815645519418e-02
4.634130357273959500e-01
5.090561481240822861e-01
-1.700303137977910328e+00
8.232402433858101443e-01
2.036198814793829026e+00
5.459442602018741431e-01
1.499402603618555374e-01
2.668279087367337876e-01
7.135120591008897728e-01
1.088152578524164138e+00
1.782086112050252913e-01
5.572318503193950390e-01
1.400833378201848056e+00
-7.086194672641974446e-01
6.098586423543458368e-01
6.545172495463280615e-01
4.889123650513134689e-01
-1.535116155861469822e-01
-1.735471591436915650e-01
-9.664299831965986881e-03
-1.990361819672334942e-01
-8.332847350719474466e-01
-8.347137229158764216e-01
2.054640308787465119e-01
-5.152671471230013678e-01
-5.211818794970488611e-01
1.410573139873099402e+00
-5.761549476196773378e-01
-1.090360677495659125e+00
5.765166093002951353e-01
-5.767415021546211662e-01
-2.547101666924811991e-01
-1.423196607283581105e+00
-2.318639670392451446e+00
-3.212547649188311760e-02
-6.751839955479922439e-01
2.069984163496381147e+00
-1.272910334738855731e+00
1.843092048185674514e+00
-1.159156876679275694e+00
-1.142880874812076897e+00
-6.871798547998952955e-01
-1.092029561857476461e+00
1.247175246117270486e+00
5.630793449311446430e-01
-1.557582545632321125e+00
2.299970359104616779e+00
-2.014646691373383813e+00
-5.589570776967104360e-01
-6.230311966990763617e-01
-3.284194969470964343e-01
-6.916041245721981090e-01
2.046129119324319179e-01
-4.626847246542220016e-01
-1.197956359085807554e+00
-9.485268989391726357e-01
6.070457444049104367e-01
-3.467374320143471605e-02
4.014491557511202235e-01
1.700982809223105852e+00
2.550993914887272229e+00
1.628945355415305496e+00
-7.788184493617583692e-01
4.843829790078185010e-02
5.877060712453201219e-02
1.689833029450314994e+00
8.285966954973676968e-01
2.366760843352009314e+00
1.720384965202240490e+00
-4.841557661979992155e-01
-5.517946016881495330e-01
-1.254928726685853868e-01
7.907264900383411677e-01
-1.425650459178815055e+00
1.265467758484976502e+00
-8.787769000314863410e-01
-8.973818104777931959e-01
7.234528302994382987e-01
1.918395903827815330e-01
6.722990731395378505e-02
-1.907678892934222548e+00
-5.087227171771191436e-01
-1.290544871922564507e+00
2.307738498793170667e-01
3.004840520545553617e-01
2.655957640220860672e-01
-1.304624178220171737e-01
1.222604709466948547e+00
1.802548927646921095e+00
-8.982129084458838619e-01
1.039536306491611439e+00
-3.502406342102677983e-01
6.836253975799052585e-01
4.855942620092313367e-01
3.812317336025431436e-01
8.244613443993065172e-01
5.605163255753913276e-01
7.001721217605467729e-01
7.109137403041879688e-01
-3.188761743990179975e-01
-2.665074883178959464e-01
-7.030583117783745228e-01
2.384283767185292113e+00
-3.451086126151989841e+00
-6.313953347686888096e-01
8.348403735159297678e-01
1.613576960101683333e-01
-5.348143703682211036e-01
-8.449968007801461276e-03
-2.979238774975521281e-02
1.153498438099072931e+00
1.028254940716797128e+00
9.096767527010773957e-02
-4.757243008848285881e-01
3.273805626045327849e-02
-2.217365813947299036e-01
1.243295740228051782e+00
-4.153484745823246005e-01
1.470922993980118054e+00
5.654337944357524792e-01
7.191141082784716643e-01
6.852546161682200321e-01
-4.498041113275862424e-01
2.623496232192262578e+00
2.404489969640266178e+00
2.254405003162647525e-01
-1.595576837612372900e+00
2.393377650799058676e-01
-5.129737305248326384e-01
6.142408633051417155e-01
1.814907155449811127e-01
1.093213677631902359e+00
-1.505221582105820133e+00
-5.056283414475118976e-01
2.152568560194873637e+00
3.389334720984749638e-01
1.289199103843363003e+00
-2.577374023721419149e-04
1.377837204231827206e+00
-2.868150238519390216e-01
1.704133534937785299e+00
9.088485230270150483e-02
3.117084837048504919e-01
5.803720168450198225e-01
1.874002574623694128e+00
1.319087034715626494e+00
1.013867640951684468e+00
1.545406420246154267e-01
5.806916958270202933e-01
-9.198634269481712478e-01
4.856765073127590759e-01
1.728369335810802654e-01
-4.406099480354909725e-01
-3.613291933525806243e-01
4.369520937935614802e-01
8.221378527674311210e-01
1.487970223561776661e+00
1.287578049231218102e+00
-1.312124470930951248e-01
-4.548100309053964008e-01
-5.550625826686154118e-01
-1.869890748361344168e-01
2.780311221008261446e-01
5.779524527324876315e-01
-4.778843130107832682e-01
7.414012403886087454e-02
-1.309012191046363960e-01
1.789072852367849631e+00
1.339657713558799257e+00
-4.126371866250563292e-01
-3.306689065131300787e-01
5.957294482056841867e-01
-8.029766225611548180e-02
-9.392297336363000237e-01
-4.339676251193737011e-01
-2.092935777564476907e-01
-2.207617583087438662e-01
-4.643719062271329384e-02
-1.061208470895457889e+00
1.141403701125086378e+00
3.928563467632424921e-01
-6.580417920910381913e-01
3.424949156039385628e-02
1.994941788347190492e+00
5.464755636123991289e-01
-7.592506997758621257e-01
2.249629395668292509e-01
-2.039185132324067951e+00
-1.194141217205611394e+00
-8.390955321015058921e-02
-8.393136047829562185e-02
1.015411194389137517e+00
-1.837690147148766384e-01
1.185973491058887053e+00
-1.524393548654509489e+00
4.322863043171563668e-01
-1.056127172021683380e+00
-1.177726684650494793e+00
4.968426516570302598e-02
-2.106519885494519073e+00
-5.976248805207492465e-01
-3.873957489447110714e-01
3.695082453609025430e-01
3.302489364578566344e-01
4.630250770048016662e-01
6.303162305941075738e-01
2.260956887996351306e+00
1.829100613268087816e+00
1.363414925455306292e-01
1.555201399275653484e+00
-1.983743133372643797e-01
1.137637085563354633e+00
-5.473190670753995679e-01
-1.350594700368352052e+00
4.285179747043224019e-01
7.176906281528669940e-01
-3.676039634817117596e-01
-7.496440315861729875e-01
-4.081882413360378714e-01
1.433171133331403890e+00
9.124559674009516397e-02
1.643577295366088320e+00
5.942234830030268533e-01
-5.741860411651324991e-01
6.019276791117500469e-01
2.068729469377856400e+00
5.365614002591735376e-01
1.438294342200066023e+00
8.432636581683169430e-01
3.073438920827440413e-01
-1.141742830092896455e+00
-5.718503704408368638e-01
9.696778879069133383e-01
6.036349736087193163e-01
5.926229273569436629e-01
3.117096891557014082e-02
-1.391185463238930442e+00
-1.617450432477221645e+00
6.951041851655274939e-02
-6.407402311308381115e-01
8.631748081153639562e-01
-1.550597574895234532e+00
2.007680137818913246e-01
-5.967606308105607993e-02
1.595825907846593061e+00
-7.806009167825858075e-01
-5.501904064963064611e-01
-7.671177375108808594e-01
-2.417100437844666438e-01
-8.604008893239171174e-01
-1.451947299995986373e+00
-6.761894632764712254e-01
-1.342943587854620313e+00
-2.136214982810967555e+00
2.357012141171752062e-01
-7.417381774440091613e-01
-5.843941510452159704e-01
1.943985179652488737e-01
-1.901747805303476646e+00
9.900844690797913072e-01
-6.570246536578733254e-01
1.005990410698992393e-01
2.260895314590631866e+00
4.261794957897133140e-01
6.307797269845921706e-01
6.008555142741696109e-01
1.537517980665281447e+00
-1.353258500229135963e+00
4.569469545252171083e-01
-6.302215452171194832e-01
-5.852453190139287331e-01
3.154428180780727980e-02
-4.665507496272802701e-02
4.119986406106011523e-01
9.612520671965139873e-02
-2.693162256712508640e+00
1.073802696445399052e+00
2.418993369277729899e-01
6.754890167661402600e-01
5.877746052679939659e-01
-8.553402152309078632e-01
5.961777327375621799e-02
-4.843477269506761274e-01
-2.626144517471259987e-01
-1.995608993925367391e+00
1.148803662275827309e+00
5.042658150771655023e-01
1.220086830058947802e+00
1.177879768494471069e+00
9.803971158583921763e-01
-5.462871529064162734e-01
1.989187897863510912e+00
1.169606619753234877e+00
4.958150363773926594e-01
-1.734888579220756066e-01
9.098837004875276468e-01
5.950991286864547591e-01
2.637219530380305321e-01
-6.014398902437421146e-01
5.925148935280236673e-01
1.384996346027699277e+00
1.073345860951817166e+00
-8.396936191429543728e-01
6.683104320803237020e-01
