6.469517577468575364e-01
6.406859408038558801e-01
1.882482997212613363e+00
1.734949610575000079e-01
6.577735516795580883e-01
1.461741223860842487e+00
3.747852967531253299e-01
-1.123241617813342641e+00
8.216119995664689091e-01
-1.072735276999355225e+00
8.754756837193647945e-01
-4.280204619010108957e-01
4.151228328630706677e-01
9.335380001961777197e-01
9.457928992146946712e-01
-2.096489055929256828e+00
-9.062684365100047712e-01
5.903521431105137607e-01
-1.589663439861748406e+00
4.403571297101609439e-01
7.651072506376432880e-01
-9.933129711339103718e-01
2.272181512799649472e-01
-9.685936447259644311e-01
5.253973001088338979e-01
-1.655503223683521263e-01
-8.293344169834908630e-01
1.390088779669446994e+00
-8.170523755862790782e-01
5.062773803599944777e-01
5.837391911237517217e-01
-4.069273259845691548e-01
-6.993536074404096414e-01
1.578367993047744333e+00
-1.177468823611334203e+00
5.248431547066597647e-01
6.455309157470703330e-01
5.652599377887885385e-02
9.712297635425073405e-01
1.459320136957297009e+00
3.771231254842632996e-02
-3.367747586412943583e-01
-1.351288680054308466e+00
2.428006991380561239e-02
-9.067566261571398112e-01
-2.718229051153063125e+00
-2.490374914660656636e+00
4.277007898534675445e-01
7.970428550809438573e-01
-3.546850977898589607e-01
-1.083330573219132287e+00
-1.499028880630117189e-01
-9.250738100299518152e-01
-4.354248495116101736e-02
1.317373890827576055e+00
-1.150803170883638815e+00
8.036928827207622250e-01
9.780394915588610516e-01
-1.690322957537355730e+00
1.068766146377872817e+00
-3.671219252305183423e-01
7.822957322962200699e-01
3.975535386048159037e-01
-1.597550998575682168e+00
1.160170839382619334e+00
-1.021732175210127436e-01
4.369553578395801163e-01
-1.820058854456758191e+00
-1.666150864062108328e+00
-2.613206476311402127e-01
3.210460068607207673e-01
-6.389305655776585935e-01
1.099135481390973945e+00
6.884285222635523338e-01
2.355144744897320896e-02
4.700708295483052024e-01
-1.163244086313774073e+00
-3.530541747412974107e-01
-1.254758609082074816e+00
9.678074704109720927e-02
9.934663085159620710e-01
5.522842224626364760e-02
1.076383516437070087e+00
9.337281265394681284e-02
-4.897536604669284754e-01
-3.056938463090002611e-01
-7.892320840227861067e-01
6.157827818740088111e-01
3.180247771570850812e+00
-1.520495247984051890e+00
4.240876462221753185e-01
9.427098412208254619e-01
4.547573634365891654e-02
6.005561939849800579e-01
2.050313366550883920e+00
2.798668720305974134e+00
-1.507926598197388390e+00
2.313192097204928466e+00
9.665396578125488025e-01
9.301839075663036471e-01
-1.750663511709220188e+00
4.958025331153091408e-01
-3.786546288097673019e-01
8.011633503352443286e-01
-6.469362641164674299e-01
-5.536647288709120041e-01
-9.139762790629184508e-01
-1.223498212607983859e+00
2.401611372892060725e-01
2.499009341170272958e+00
3.740841747707440157e-01
1.827777430873064990e+00
1.662105164653913114e-01
6.175042445896690158e-01
-4.244062332395145409e-01
8.482453610922964238e-01
-6.138259849310236937e-01
1.923395496751508227e-01
-9.753441755754415077e-01
1.831453736185546965e+00
6.040437802698256364e-01
2.062865916705948877e+00
8.305614597758692597e-01
2.161293527136760872e-01
6.963052349922494999e-01
1.887947174955462160e-01
9.386291225818833572e-01
-7.044878310909212793e-01
-9.169621153188232121e-01
8.636048439024558432e-01
-2.779987521232690217e-01
-1.749816771706682594e+00
3.739420754765128141e-01
-6.754093234749792840e-01
-3.202311055926295724e-01
3.739469009100661601e-01
-3.360918661220741455e-01
5.392096677479867317e-01
7.559188595905119712e-02
-6.556146008013351567e-01
4.806227013602192843e-01
7.467078233214462513e-01
-9.813213627323347232e-01
1.447829043846341923e+00
3.789744418626340983e-02
1.415061376311688601e+00
-5.638499327076986756e-01
3.463252785320149185e-02
1.149160117486301091e+00
-5.002340534727318655e-01
-4.174489288661647479e-01
-1.794529308867042483e-01
6.474352751463164912e-01
2.736247269603115484e+00
4.726056320653080900e-01
1.771009550844789837e+00
-1.188760205127941783e+00
4.871281244262447019e-01
-1.837944362606852122e+00
1.442442475567515370e+00
4.347915811629303184e-01
-4.022701330315190948e-01
7.548500976011097707e-01
-9.902310886800945733e-01
1.176499521912704127e+00
-1.282548704162333353e+00
9.696629688328025631e-01
-5.407595597330167037e-02
1.241964944851110753e+00
-1.041386489258074866e+00
4.632918095329843222e-01
1.618537733241034171e-01
-1.035751264050855713e+00
-6.447721210241501577e-01
2.231935686603914171e-01
9.742981243594357466e-01
-1.597308213020669942e+00
-1.378720903364808459e+00
-1.166205950220620124e+00
6.186592090788217702e-01
1.995892284977656805e+00
2.713192509217787762e+00
3.460925847247569020e-01
2.137802883699368994e+00
-5.225291041854518426e-01
6.354610960049862367e-01
6.139101273572718925e-02
1.087661720973840118e-01
-1.365351533933524486e+00
8.483615504766175430e-01
9.639695702587570691e-01
-7.578679313782820115e-01
-1.009249160784290389e+00
1.493301285489263108e+00
-6.618826888261917230e-01
-1.473767787989276323e+00
-2.446212714493477269e-01
5.801746200365659467e-01
-1.513316647115306557e+00
-6.817205573294844445e-01
-1.645479319505829041e+00
-6.210382871779587255e-01
5.695232460595958668e-02
-1.001470246425593125e+00
-2.102857445629790767e-01
-6.714903129827952399e-02
7.858459994221907996e-01
1.185368902343903130e+00
-5.214777181498035930e-01
2.071719206840958449e+00
-7.603320993871449662e-01
2.712218064270714102e+00
4.430667273668520423e-01
-5.177095430061037229e-01
-3.073863206641406220e-01
-2.314871268891331990e-01
-1.112707059842348745e+00
2.765633922321021898e-01
4.840838164086894713e-01
1.318000146974275699e+00
1.650211672462397194e+00
9.719269839058378713e-01
1.273872683272458284e+00
-2.429484921998884550e-01
6.178956130974958549e-01
-6.446767332881473411e-01
-1.262043014707113775e+00
-9.905788420313339782e-02
-1.090183732742384670e+00
8.689381806380945539e-02
1.489052289104431992e+00
-8.855162895469728124e-01
2.045972431517058265e-01
-5.291612055816716786e-01
7.722970740437085091e-02
-1.157508037710576865e+00
6.212985551124833306e-01
3.013556572392685151e+00
2.014273890139695933e+00
-2.870312997751803819e-01
9.605668479747267452e-02
-1.210570323432644146e+00
-2.630349953036036515e-03
-1.111612047291992145e+00
-1.750439576039694023e-01
3.646769173985248691e-01
-1.027774377460969335e+00
9.071418477708780292e-01
2.802283228109987423e+00
-3.234180511196919627e-01
-5.383636746086921665e-01
-3.033064935876887414e-01
1.898016131889979363e-01
6.527197552175287854e-01
1.988765389209170842e-01
-1.256226505789711290e+00
-1.020971361524580373e-01
-8.507848817407365205e-01
5.887053364406127365e-01
-6.155553589896559652e-01
1.541706988435710413e-01
-2.221404740698351699e-01
-4.936060939751243382e-01
2.908413014267529073e-01
-3.799323063728216598e-01
1.733896020961110507e+00
2.208539451137467857e+00
2.082734715673178805e+00
-2.027731849924182317e+00
-3.074170405508400497e-02
6.593679060761074850e-02
-1.676834318406008828e+00
-6.089779896926790226e-01
1.098365069250519382e-01
1.477304560991039128e+00
-1.433723292948427819e-01
-5.786475107018479447e-01
-4.872508098701072710e-01
1.197106579213834676e+00
-6.545806928575267358e-01
3.274748551094194271e-01
8.420886125885874707e-01
9.103265522565935353e-01
6.974192530324679895e-01
5.084995970020325107e-01
8.114892887905386099e-01
1.042455523345274138e+00
-4.265775556011723313e-01
1.495458869491819387e+00
1.890825538771661263e+00
2.452048100035715716e+00
2.805133251861859467e+00
2.302027328241607051e+00
2.988414185413093893e+00
1.116924735904956112e+00
4.695064845357952987e-01
-1.515779696272256727e+00
-1.803025298636004026e+00
-7.159859550168579112e-01
-8.708409451756401465e-01
-4.474339459299478405e-01
4.736886544327617021e-01
7.480247765104030000e-01
1.329265297080286290e+00
2.240636463441220805e+00
-2.472906395704180249e-01
-4.061343606209327078e-02
2.092098064785042233e+00
1.251273447835304919e+00
7.121927800404413977e-01
3.070998640865499896e-01
-5.806704111196209911e-02
1.430460826136496388e+00
8.136145475891951584e-01
2.312280190892185061e+00
2.660085197899126896e+00
2.905759284756150418e+00
2.209413278177532636e+00
3.233471436222421946e+00
1.958282021733795064e+00
1.156035851049138419e+00
1.190638830187820574e+00
8.128865539203891100e-01
-1.521184977504262514e+00
1.185329858033960404e+00
-8.157107551147504410e-01
4.463053972583743700e-01
5.320289618217823868e-01
1.110715205120607063e+00
1.452211159332180035e+00
-6.547558462878684260e-01
1.946596849284657260e+00
1.528411140232957877e+00
-6.602987779870017615e-02
-1.604975037911588465e-01
5.162341391694209164e-02
8.303150053179121359e-01
3.110742901602939758e-01
3.664729431825629047e-01
1.181222905575437743e+00
2.435947100735160298e+00
3.327742239701804383e+00
4.072162188930697369e+00
2.593074200251772155e+00
1.580445963257935516e+00
2.134152764310008887e+00
7.553945664642276459e-01
-3.499916639890746084e-01
-9.432978362021241514e-01
-3.006883089878536364e+00
-2.404161118058438795e-01
-7.164980161693975669e-01
-1.942867139138584553e+00
7.230526229442744146e-01
-3.145154236832224948e-01
-1.026231585974851424e+00
5.782623142298187746e-01
-5.143923584657299208e-02
6.178873195966756438e-01
1.902898440686850101e+00
-1.152359293237336990e+00
1.249492447741009427e+00
1.720533594920105047e+00
1.220010259518327089e+00
-7.244662491943177907e-01
1.135852283055714063e+00
-8.593012945408444736e-01
2.455250760812712763e+00
1.423853299031432318e+00
8.455998684584240532e-01
3.898338698076375120e-01
1.888308114419448680e+00
9.685100780634655626e-01
5.052403695041731702e-01
9.642496698980106140e-02
4.587418201649185456e-01
-2.423496974463392295e+00
-6.390819540427346013e-01
3.073589043356476092e-01
-1.667704927080000399e+00
8.892606062809004230e-01
-1.216421599708322976e+00
9.288176000646528596e-01
-2.939415760593099280e-01
8.986801833619401103e-01
4.828551538614272443e-01
-1.656183515769491799e-01
1.788348783700945521e+00
8.645534759065437447e-01
-7.857089814539913730e-01
8.924854061286784102e-02
4.001390823299500604e-02
1.857415214245566215e+00
1.791073908540396831e+00
7.001302318867058672e-02
4.699865730500676353e-01
1.409186045253369990e-01
2.006319135110784524e-02
6.852546095525920977e-01
4.137376867448211426e-01
-1.370340979037875551e+00
-1.308771235884667594e-02
-3.646442473911275517e-01
-1.087414233951481402e+00
-1.666260819382737735e+00
9.905689536978183884e-01
-9.572968578116362037e-01
-7.666106382971595856e-01
-6.332136810027079177e-01
-2.873203160457898697e+00
-1.230527967448347804e+00
-9.873381445401614442e-01
-1.749613090129422455e+00
-2.284151046689113951e+00
1.971575777999830525e-01
6.244939649185001773e-01
2.172099389174945439e-01
-1.053833377990804454e+00
1.231355855671896204e+00
4.833252878071094827e-01
2.772235364228223253e-01
-6.538971036422646099e-01
2.785270251781147288e-01
-1.631883602595839977e-01
-1.344454140000155284e+00
-3.399008655561634118e+00
-1.302338575519491837e+00
-8.035784188315084897e-01
-4.240811711359332437e-01
-6.912915036640350230e-01
1.307847718204155352e-01
3.816622645471514086e-01
-1.979046610094633341e+00
-8.011567833052328780e-01
-8.405269156907376749e-01
-8.246653812267749073e-01
-4.338794002918342496e-01
-5.071535839604514317e-02
-1.137443968479018741e+00
-1.152217306480605163e+00
-3.777973980160034273e-01
-1.378961882001253691e+00
-1.258217749747648995e+00
-7.294851689093706515e-01
-1.688318038313404434e-01
5.063971213427361784e-01
1.096504584705524143e+00
-2.052540384860823686e+00
-1.079998861399138921e+00
-4.345196503626190809e-01
1.622918436028719658e+00
-6.436765615405298790e-01
-1.787316026254766044e+00
-2.630438687488777294e+00
-1.474369168150986509e+00
-1.105953117669430608e+00
2.753128299918570013e-02
-1.528877727693233490e+00
9.449903753677505458e-01
2.994320992736365095e-01
-1.765273787296931740e+00
-1.742827433751615307e-01
-1.117534024370381296e+00
3.155394859059257318e-02
-1.444736515442561986e+00
-1.944422015939684334e+00
-1.569882275836013585e+00
-2.215002044565223205e+00
4.039726398573683652e-01
-1.349916485232903529e+00
-8.850445744031740780e-01
-1.658298526677300488e+00
-1.264804674402074225e+00
1.766438893496955487e+00
1.759255260223198114e+00
-4.941754276107226396e-01
4.550267918157581692e-01
2.393429113554532417e-01
4.817557968450954936e-02
-1.004214032163487813e+00
-2.476453233766851003e+00
-1.596380658526201923e+00
-7.100407244549236108e-01
-1.455958267110734727e+00
1.914395421947008291e+00
3.225293966481391772e-01
1.927073250562575613e+00
-1.203132354487973288e+00
-8.883174700843432525e-03
-2.221928932752037955e+00
-2.106183754641246519e+00
-1.950353535327817855e+00
-1.237119908188438089e+00
-1.445160395530815434e+00
-9.650001375150004668e-01
9.707342066702667749e-01
-3.574804137504608570e-01
4.586844835246314811e-01
-5.189562069570486935e-01
3.800452676634563653e-01
5.143292867044434447e-01
1.621438228669581427e+00
-1.448026482259256731e-01
1.494864437995356010e-01
4.349733063910354303e-01
-5.046283224709231519e-01
4.331649466589156949e-01
-2.264662044969070642e+00
-2.575366747121786482e+00
-1.064977232490148973e+00
-1.098189825325286417e+00
5.449736862806163484e-02
2.386236877066559847e-01
-2.019472368166974618e+00
7.458067642177532153e-03
1.156829813711361510e+00
-6.475008503949508665e-01
4.602730126996789073e-01
-4.311136949712284783e-01
-7.731959407172048770e-01
-1.159737450738941966e+00
1.050003053917247131e+00
2.472839869594649909e-01
3.518288614517737778e-01
6.506047976239360819e-01
1.413343844563819396e-01
-4.593234528401316519e-01
1.270622720781452442e-01
3.491927756685277440e-01
-1.091594153841693782e+00
-5.174156690269368086e-01
8.481695245260121307e-01
3.538436274133407652e-03
4.762851156770628869e-01
-5.812940013292975383e-01
-1.922919877268921107e+00
-1.495605958861181195e+00
5.606820620229719943e-01
7.368155804911641349e-01
-3.469017876964113761e-02
4.143909975968542714e-01
1.239721229039253414e+00
4.741170321057591730e-01
1.503896583984990931e+00
2.142593298621312314e+00
5.486806129525528819e-01
-1.027119195577584687e+00
-4.137810167453792598e-01
1.594923771440998950e+00
1.174528761895548445e+00
-5.137755402576100749e-01
4.027325106630641471e-01
-2.650866386103752428e-02
1.682597753259371109e-01
-9.396367622221450944e-01
1.345847257814202003e+00
-4.263928959006035857e-01
-5.982407307456013568e-01
-1.963477129506045804e+00
-9.209772428669224520e-02
-1.137474249018387562e-01
-6.016952484428550463e-01
2.374148775457956412e-02
5.951632809667889434e-02
-1.502160461643234690e+00
3.492821288725015960e-01
6.137096853322506762e-01
6.861759635328822382e-01
2.563285508161163406e+00
1.269221623109362262e+00
3.380529796897149719e+00
9.413472696154856836e-03
1.387802116702074873e+00
2.379328192101677786e+00
2.524133510969574168e+00
-5.433994952102035036e-02
7.285179426599176500e-01
-1.043362461660353846e+00
-2.478175223052642984e-01
2.536816271964486447e+00
-7.268491580630221938e-01
-1.840446696963730921e-01
3.713371630874887641e-01
1.054997568816868014e+00
6.269552742599295847e-01
2.170074065953933595e-01
-8.484884495419274808e-01
-6.029171435698026382e-01
3.256673313144363702e-01
3.893819201058310031e-01
4.375384549869044681e-01
-1.328178833964875682e+00
-2.643803531931968820e+00
-3.529262592290761669e-01
-6.996353228986116335e-01
1.969769744781147303e+00
3.570803882332964641e-01
1.148625813041631138e+00
-5.595312777105346802e-01
1.336129365415651860e+00
1.035687716292279292e+00
2.046429027322909100e+00
2.704968223356071233e-01
7.835206080315473831e-02
-1.101168822255027546e+00
1.293687247690531228e+00
-5.236865807689824459e-01
-2.158971426990954345e+00
2.786559202728629281e-02
6.623985942122619930e-01
1.100806222286729863e+00
4.147840099615164311e-01
1.426146219332428799e+00
-1.277078658330258021e+00
-6.439239692593821118e-01
1.153014374988534652e+00
3.483423898721967338e-01
7.431635218318277669e-01
-6.148722475517045399e-02
-1.793798023025384270e+00
9.103674053159437340e-01
-1.643064608855111741e+00
1.632594191223874613e+00
-4.839030022342211690e-01
1.694222761050109272e+00
1.225814457351324244e-01
1.125303974975364607e+00
-7.754062446720265678e-01
1.052273987790489862e+00
5.102748745986297046e-02
1.719067441616226377e+00
5.310096485736451322e-02
-4.651946419163645319e-02
1.814411767649219742e+00
2.480651868856868780e-01
4.124837289848388155e-01
-7.734412708915658352e-02
-2.542091180333234113e-01
1.012937694409735467e+00
8.131357812906617744e-01
-7.455228574318999435e-01
1.943246096167966785e-01
1.669689490220980010e+00
1.325089610017815334e+00
-1.072261146988523928e+00
4.542957180187672250e-01
2.365836560176275416e+00
-7.215584568312930491e-01
-5.836952858423631874e-01
-1.641037591841550958e+00
-1.797922829911054343e+00
-1.876385163244525422e+00
7.875855374830283140e-02
-4.441554693019318378e-01
1.205996392296042607e-01
1.942323510340972170e+00
-4.783988872639496903e-02
-3.722638932320029292e-01
6.771239869429115377e-01
-2.128165275486530172e-01
-5.720867653498963312e-01
-1.239127484198514040e+00
7.822426114988603185e-01
-1.375320879919782247e+00
-4.406418943074305039e-01
1.871324286421483851e+00
1.871740637198499868e-01
-3.238861047560431805e-01
9.927827445115844363e-01
7.030678771855584097e-01
-2.990155691674036831e-01
3.233625677151654165e-01
1.257624677773221844e+00
-3.063528511654583508e-01
-1.360162671966075543e+00
2.051454314161910986e-01
3.654310334518591774e-01
-3.592541688967060831e-01
1.873574650840236777e-01
1.935326757063260406e+00
-2.612029212948233869e+00
-1.401007430684203303e+00
-1.876978435075121188e-01
-1.535899551354334980e-01
2.114009267795088909e-01
-6.202188897396389011e-01
7.532506634806855894e-01
6.129730194631805018e-01
-3.069022680902092626e-01
7.664303830814336305e-01
1.206466624682750677e+00
2.100824348054142643e+00
2.281529217778573315e+00
1.883329583140584074e+00
2.997134431075850619e-02
2.775097750897208559e-01
-1.999188460220312935e+00
2.019802975141464230e-01
-1.039621807601341485e+00
3.904904257586033212e-01
2.462051200568192044e+00
4.378160894953120330e-01
-1.037352750839737991e+00
-4.692010593147672437e-01
-6.981528417949182108e-01
9.563841146801339843e-02
-3.925843141310517148e-01
3.190601829543900925e-01
1.302042348386603654e-01
9.072934054364836243e-01
-1.232111188308221694e-01
2.669885728761755561e-01
3.491033338957436616e-01
1.467902080378547192e+00
1.071999772772501247e+00
1.843337860907996006e+00
2.356162553409187677e+00
2.271435354335717083e+00
1.514656275633050386e+00
1.234500061827996431e+00
1.443083271396087275e+00
3.028362315868390997e+00
8.685947308208790130e-01
-1.717130420875600860e+00
5.185578431731873161e-01
-1.999072434686964272e-01
8.496946685541499900e-01
-4.967410675376358054e-01
2.494293870420335457e-01
-2.406688515249233995e-01
-2.397418669292096516e-01
7.433479017507726994e-01
-2.180115507656178675e+00
2.426940506218735472e+00
1.609636315520321936e+00
1.052003477497948536e+00
2.529737066903868792e-01
2.120942625515033486e-01
-5.773096267483655009e-01
6.726024071501569557e-01
2.284729079013395614e-01
1.066657359246957926e+00
7.126187894948424750e-01
9.261734307163979052e-01
1.742017640235113740e+00
2.157726331973859324e+00
1.377775475029225649e-01
3.264853117321232789e-02
2.154055256111718997e+00
1.280190647690587546e+00
-1.204539901312716849e-01
-1.360977451525781756e+00
3.424863005619289691e-01
-9.067593589201243809e-01
2.827684769392438957e-01
1.665305235178884180e+00
8.524372044813531557e-02
-7.908317257034066516e-01
-9.989287589691082658e-01
-1.175405281691833392e-01
1.391994902338724582e+00
-1.091759779589198259e-01
4.148310427848189708e-01
6.986248562010364260e-01
-8.213890474540979092e-01
4.362073618005801179e-01
7.000420925888231061e-01
-2.512947960900304700e-01
1.162651532268152987e+00
1.676561098498750013e-01
7.072094848942727108e-01
2.061906951837098323e-01
-7.848589282559003122e-01
1.903011620184305475e+00
-1.929119338982330234e-01
-3.543473258758352284e-01
6.463297042290082617e-01
2.175625661153965384e-01
1.899767455776875946e-01
5.546881664609901730e-01
-1.934335033383548785e-01
4.783776816041981350e-01
-1.045357306458120750e+00
-9.227350793956270447e-01
