9.403316105371858913e-02
8.797448800340407216e-01
-4.100757039696825701e-01
-1.840718897064475446e+00
-5.208236189145946105e-01
6.222032117530678086e-01
-3.016757337160853522e-02
1.502003184872358954e+00
2.709919940252334403e-01
-2.748281095388386067e-02
6.690525485336393796e-01
9.147430940001419764e-01
-4.159062642593890358e-01
-1.386159154154999351e+00
1.301016072943437907e+00
6.499248212458880354e-03
1.117860335718882797e-01
1.337970406175948535e+00
2.379477460192929994e-01
1.950557951806668244e+00
1.236825100912837261e+00
5.254239774128310891e-01
-8.266631133989632563e-01
5.664249653169482757e-02
2.931614016304378012e-01
1.305482495822367861e+00
9.551094829943415077e-01
1.327975073737752920e+00
-6.063644480456845676e-01
8.509104068174865310e-01
-1.241474292017336056e+00
4.621174972557363647e-01
7.394645040018335003e-01
-6.555045365826576986e-02
1.067162288451736218e-01
5.304612525178492577e-01
1.928019315269579037e+00
-8.795494078786317838e-01
-9.003142320969814705e-01
2.248701603108257674e-01
-4.154741392296763536e-01
8.432389915638548450e-01
1.363872709870937561e+00
-1.070874352938669505e+00
-3.639551741761354320e-02
6.403843663624546600e-01
6.476855678527442262e-01
-1.961528403759217776e+00
6.837625595461045702e-02
5.222492358106451960e-01
-2.085860917263431813e-01
-9.690139374533758287e-01
6.256227475283501205e-01
-6.137855366519019418e-01
-1.063276021617701295e+00
6.810107744635662819e-01
5.822493081772730505e-01
1.010902306105637027e+00
-2.211875785840232704e-04
-1.987196557459398050e-01
1.880933622016063067e+00
2.372295167631800206e-01
-3.198959117037838973e-01
5.914330693044981269e-01
1.446719706481953915e+00
1.166501935397183054e+00
3.204845788877448975e-01
-3.594800572777325232e-01
3.388077529531392795e-02
1.087884731891586743e+00
-1.418505342724439400e+00
-8.476452930294955390e-01
7.111250880310361344e-01
9.857325535035296182e-01
2.266994792223377519e+00
1.360988202065893660e+00
5.917093499296185305e-02
-4.206000609777684751e-01
1.669801024790719790e+00
-5.792657963887258843e-01
-1.105780020089076748e-01
-2.903488579961931992e-01
1.093151833915020632e-01
1.033104234325211479e+00
-5.306606883382618545e-01
-8.127532837995576909e-01
-6.212601645037931775e-01
2.238351937288940163e-01
5.075963289217627628e-01
-8.307695736762851224e-01
-2.648125281851242963e-01
-1.790254442557796866e+00
-3.513934419065856130e-01
-1.395202293161808660e+00
8.278295330109795847e-02
-7.708775330361697931e-01
2.376348515678517459e-01
5.478095168687888705e-01
-2.463984054652230138e-01
7.516446341356863847e-01
2.501562311612428147e+00
1.121248279025685690e+00
6.076754777501042204e-01
8.019988906021706665e-01
2.375711537420658326e-01
-1.971683690713768478e+00
-1.118908797797626864e+00
-4.739661483066670566e-01
-9.839208070210166135e-03
-1.461581384302022002e+00
1.497355302566385271e+00
9.227803314625480091e-01
-8.085189101381476950e-01
-2.836332356242260988e-01
-1.822944462252359621e+00
-1.897326973180402776e+00
-3.532962326798773645e-01
7.735222849464338246e-01
2.498451571411103300e-01
-1.640406606684249868e-02
-2.404245823253633674e+00
-1.883489143506594798e+00
-2.544174120276955442e+00
1.536496306554071767e+00
-1.722677827404976547e+00
-2.444772039418430687e+00
1.029832863078032901e+00
1.046484538229383865e-01
2.705199103741772415e+00
-4.890424130885221432e-01
2.576441849884847923e-01
5.221796619757886893e-01
5.688114265354001775e-01
-1.030793112084999574e+00
4.475690701896397061e-01
3.161173927208385526e-02
-5.608960761578993814e-01
8.981828467417474204e-01
8.024772788908349774e-01
6.553517874474005245e-01
4.680364580518172612e-01
-3.754017157305149510e-01
-5.638154452064098043e-01
-3.955669814567831094e-02
-8.856892925285109186e-01
-1.726132894046711330e+00
-2.484754005566713442e+00
-2.359265231629569026e+00
-1.492356210459617527e+00
-5.666514087338064831e-01
9.414769061267980188e-01
8.431079859144434696e-01
1.233730344436878790e+00
4.129887753960013175e-01
1.078201083809283256e+00
-3.159215604368944552e-01
2.863287763544153375e+00
-8.799227094593319309e-01
-5.535755633572533307e-01
-7.095822286108626198e-01
-5.007287276730187919e-01
1.674684298377634217e+00
-9.826945246768660491e-02
2.796640328551374566e+00
-7.240456984280353447e-01
3.258702793195931702e-01
-4.246633446028769687e-01
-4.862741934454559711e-01
-5.744728615797448645e-01
6.723448186723969267e-01
4.277671363864046783e-01
4.969561879583179187e-01
1.135123881649143573e+00
-7.331198192608254782e-01
-2.924905472607511658e+00
2.006326865374394863e-01
-8.716610126745539810e-01
-1.842020255053753441e+00
-8.339136636133830383e-01
-2.415973727599780296e-01
-1.770816734202562970e-01
-2.022412369645068875e+00
1.228709451341448933e+00
1.700292659851779575e+00
1.084897522833896177e+00
-2.188660662401752166e+00
-2.311624194559674716e+00
1.728588349007640801e+00
8.718944117734031898e-03
7.650828899241660652e-01
4.737121164161410825e-01
1.843747631072300441e+00
1.677690445601357050e+00
5.047408137271434114e-01
1.129959848341648643e+00
-9.384413089684749965e-01
-1.243891879478755014e+00
-1.916473906859535725e-01
-3.531377848501321415e-01
-4.459109330308501096e-01
1.300631555298853437e-01
-1.206328575075218845e+00
-4.164928864032767741e+00
1.328855060657853526e+00
4.804552669411749632e-01
1.608172486394920941e+00
1.327488631057320401e+00
1.676756199242767753e+00
-3.245125708700821732e-01
3.684160310587913933e-01
1.234446564016507875e+00
1.585975581825939784e+00
1.430368124511133043e+00
-6.264603162942292691e-01
4.577968188415887027e-03
5.505800202380088937e-01
4.342249145912442654e-02
1.238803477417387722e+00
-5.943105808529784984e-01
5.726577012907133613e-01
8.006587569909681679e-02
2.674459735088938195e-01
1.171934488424929643e+00
-1.383651844868469538e-01
6.817742440900551593e-01
8.217805486441795426e-02
-6.422277667401643519e-01
-1.219861046358958201e-01
-2.084022423482110753e+00
-9.336422521583346290e-01
-1.233298084103644721e+00
-1.674046374491471312e+00
5.241586416050715291e-01
-2.514164277932427805e+00
-9.587270113518175929e-01
-1.891597387802526897e-01
1.919944986998197434e-01
6.543363284176317851e-01
2.182049321551847942e+00
-1.310685573615880894e+00
1.239429472835372470e-01
-3.245082371005354460e-01
-8.073402706784228444e-01
5.211258214766325558e-01
-1.828329410673148747e-01
1.022493436231060926e+00
-4.889063924249670845e-01
2.449294999763201308e-01
5.433050557125348456e-01
-5.432390454985043249e-01
3.390462737450390951e-01
-2.855113308244018600e-02
9.486133955693527575e-01
-1.098539058533998691e+00
-3.977203434077636324e-01
1.063746848126882749e-01
-5.632608675661074926e-01
-5.681523015996573500e-01
-3.528200671691448242e-01
4.210893517607260939e-01
3.965364817738349368e-01
-1.769755948085354857e+00
1.634091942571805678e+00
1.661337560943323188e+00
2.751419844894591016e+00
4.410729537501690833e-01
-1.997238777228887097e+00
-3.157377253848292042e+00
-8.007548472472614254e-01
-3.330747553395521088e+00
-4.150571903840122312e-01
-2.090965340223621460e+00
1.778685936986145855e+00
-2.482903460286438602e+00
1.108182896007168461e+00
8.773761564581201711e-01
1.880397279139092714e-01
-1.169770415604898917e+00
-4.396881290887479921e-01
1.547025263663284411e+00
5.596603322159754423e-01
-4.706079331254324760e-01
5.144140962328266342e-01
-3.852320840560710669e-01
1.786176529983182215e-01
-5.800942744709011167e-01
-8.441371414916049032e-01
-1.222123274967225282e+00
7.696314597129244595e-01
1.330867613611457445e+00
3.595105794121196685e-01
2.038177986957925292e+00
1.250619474021433142e+00
-4.888302343592375032e-01
-3.059128904494152312e+00
-6.505192303823278399e-01
-2.301077415131704385e+00
-3.422083947705500506e+00
-2.053990198752392082e+00
-3.709043005582319807e+00
-3.261504371232286204e+00
-2.696975906733476425e+00
-3.208416137610560437e+00
-5.265311394886997842e-01
1.178798307676852009e+00
-5.392151339418922440e-01
2.186049351247336958e-01
-1.476154130723532354e-01
3.409825049506609584e-01
4.442126068217535639e-01
2.122822322209481083e+00
9.369792630727049598e-01
-2.093507477137136752e-01
5.418748420903354290e-01
8.493097910606124401e-01
1.088264821647910940e+00
2.038741121085162256e+00
9.745594866023256087e-01
5.564299395589754615e-01
1.178847829116262069e+00
1.334423120773845783e-01
-9.820760503696310817e-01
-4.227641456727377012e+00
-1.374509488509739752e+00
-5.827200035067020556e-01
-8.862393113529805078e-01
-1.101817383172162712e+00
-1.492245046499016015e+00
-2.118298857630856347e+00
-2.783592946979299043e+00
-1.830080103533006097e+00
-1.051802630335633593e+00
-1.666842360767176068e+00
-2.714978338121387114e-01
-1.720081752743612968e-01
-1.241498404809711298e+00
-4.094772721773678459e-01
-7.520777459225989892e-02
-3.017249254734090114e-01
1.457652150294395321e+00
-8.319690973722103644e-01
1.071458297507977386e+00
1.085720057596662347e+00
8.614246585968191039e-02
1.771640108675504699e+00
-5.950032035026763255e-01
1.506241499869156897e+00
1.544758146013993638e+00
-3.210245099287883375e-01
-1.215319361993310920e+00
-1.013840270083295803e+00
-1.763430535530820631e+00
-1.644529572841828102e+00
-1.502402076252609797e+00
-6.862234045546398153e-01
-1.707700048741996213e+00
1.228023943506979077e+00
-2.030689275063954469e+00
8.612035660373296153e-02
-5.245064562738122049e-01
1.524894235781875995e+00
-1.845501939111938716e+00
9.336133114466872440e-01
-7.370773084675510400e-01
-2.451517115031533134e+00
8.033454493238233463e-01
-2.068781370969704214e-01
-5.706141546249157148e-01
-2.333635386267840783e-01
6.264885136641574759e-01
2.783778894139114168e+00
1.730405484757593149e+00
-4.230519586395798948e-01
1.566318693877924551e+00
-8.444883087659375009e-01
-1.058544713074316856e+00
1.161041895915674166e-01
-5.410384897833278028e-01
-1.362400013086283890e+00
-1.378514823314378246e+00
-9.245405440361162963e-01
-5.925629795105685771e-01
-1.173535132907215894e+00
-4.980785800660889051e-01
-3.273950326462444216e-01
-4.058290378192729309e-01
1.979227864135906234e+00
2.392956534662432855e+00
-4.323629115289118752e-01
1.310704206959869333e+00
1.456194311812122999e+00
2.060543004893722330e-01
6.185391323482570813e-01
-9.552147502496486364e-01
9.864249261172586269e-01
-6.517562755041046429e-01
-5.471484984598053991e-01
1.650996621559319033e+00
2.656436099724679423e+00
1.072509916109296135e+00
-5.534910027766928309e-01
2.831814433516623986e-01
1.581699741782815360e+00
-2.136161649554028319e+00
-3.832867585032746494e-01
-1.834419802344119610e+00
-1.771904984947218820e+00
-4.822067114554823841e-01
-3.090317070453538317e+00
-2.663382310485467919e+00
-4.764283008627870353e-01
-6.714637346844635202e-01
5.530302737330148322e-01
-3.712404525454766901e-02
2.361051384946807608e-01
1.270790299034052717e+00
-1.771433947435807899e-01
-1.111888154538688278e+00
-1.005007485490892361e+00
-1.512542584524652345e-01
-1.321497507108292169e+00
-1.199833519208760357e+00
1.097234654138167453e+00
-8.720685159769461237e-01
1.187383576521970241e+00
1.602607560205900006e+00
1.078052395247419692e+00
1.633580655102611634e-01
1.000885893650776737e+00
6.416302254867616295e-01
1.788636952228923160e+00
-2.087171106162065470e+00
-1.620771984860932546e+00
-2.805756385639180284e+00
-5.790861969852676427e-01
-3.150443732952749043e-01
-1.780942918734109481e+00
-1.020273128485831515e+00
-9.006414078558560021e-01
-6.056026543975983056e-01
7.594651996560725093e-01
4.667725606477389211e-01
1.175167738925595728e-01
2.505929288943377298e+00
-4.527817991999129044e-01
1.446891799734225659e-01
-3.498848025271129522e-03
-1.657937755746584418e+00
1.228846875263243543e+00
3.033335353013436042e-01
1.344441154858630139e+00
1.699712825915061509e-01
-5.684709866106225640e-01
1.314133372680405643e+00
6.299794194032316552e-01
-8.930720423310934963e-01
-1.924051613579389253e+00
-1.070212572273484403e-01
-3.762903614693657861e-01
-1.434006401592385016e+00
-2.375064700886882485e-01
-2.349231772568308507e+00
-6.571469498212436644e-01
-6.863335060501006835e-01
-2.916487348970987270e+00
-2.622802035595456882e+00
-3.674946793603708906e-01
1.152831190207578294e+00
-2.108391146570440799e-01
8.196782614014972435e-01
2.992139040891337309e-01
6.434304093790759183e-01
-1.515854640062145042e-01
-4.622957781739345934e-02
2.211149531752810038e+00
-1.068433936238279564e-01
3.250409298293143179e-01
5.176551750137127206e-01
1.135289787957732388e+00
3.890739806141222945e-01
-2.021253449946552594e-01
-4.181777888278267463e-01
1.287502356973395212e+00
3.548740971444124259e-01
-4.446967840106616499e-01
-9.916714502852742585e-01
1.164021068523371616e+00
1.526397824812329718e-01
-9.031793811424874141e-01
-3.992090293254755728e+00
-1.774274625098682279e+00
-1.295908845925445529e+00
-8.325553198149177048e-01
-7.427641147917900533e-01
3.264536328394084252e-01
2.036883013481403992e+00
1.044471645623761269e+00
7.200998093011259371e-01
1.677878107347598124e+00
2.808164732414835107e-01
6.467026598700311713e-01
-1.892269553354823663e-01
6.749317581959846102e-01
1.644638380665349175e-01
2.907094396508577705e-01
-8.327463025274216557e-01
-1.276834370606214852e+00
-4.570045939745263387e-03
9.637276017073981293e-01
-2.067036771101263160e+00
4.660583558128187365e-01
2.507125870633557518e-01
7.473057981964824625e-01
-1.682625428123962763e+00
-3.902460898043829118e-01
2.333471783274400635e-01
-2.961761929862692710e+00
-1.814773028657400200e+00
-1.461096400725223621e+00
-1.329541501085403921e+00
-1.110157857054791669e-01
1.938849177897531861e+00
1.630900342503201150e+00
2.469248065011636906e-01
1.013449851559543813e+00
-8.572687324582746460e-02
-2.122652454313564696e-01
-5.129534075614857747e-01
6.650884958967023808e-02
5.554635457482521854e-01
1.383342552614267085e+00
1.814653699939222098e-01
-1.475020737280474448e+00
-1.779589404967658828e+00
2.764895939190060936e+00
8.087636778794787817e-01
-1.603639487923398943e-01
-6.664349744744259008e-01
9.611734192639446173e-01
7.326732563902724760e-01
-7.474759790788050307e-01
-1.791507294817950902e+00
-4.409287191288590035e-01
3.636516756754484270e-01
-1.174234579413752089e+00
-2.537371714660602517e+00
-9.311895193945771698e-01
1.526892893152250963e+00
1.212958035549681624e+00
1.095883482954799648e+00
2.946003529171547716e-02
-5.862642144588636750e-01
1.831160765582054317e+00
7.350939706376625749e-01
-3.183589236943740741e-01
4.537118972209016610e-01
-8.550804799077779128e-01
6.214067145926861491e-01
1.658779744966708325e+00
-4.813867853040836309e-01
-1.356759555497779823e+00
7.410911631227443674e-01
-4.389222209679401465e-01
4.225063075357654574e-02
-1.626371095632846986e+00
-7.849844425232819223e-01
1.126029748126496782e-01
6.210997762149779167e-01
6.391945538067657084e-01
-4.117423577303994664e-01
-7.974123036241584916e-01
1.730325684592297186e+00
8.539047684716086772e-01
-3.364623988687960310e-01
-5.272836646675188588e-01
2.211810360082597793e+00
3.341297198974052307e+00
-1.646694374277619111e-01
7.292209398730308267e-01
-7.353777385367206154e-01
-2.451536447193505275e-01
-2.599570929141555853e-01
1.015558461222421244e-01
-1.826350344314530139e-01
2.076002639318786702e+00
7.052642658209131721e-01
-2.581161053513605919e-01
1.510535114281522651e+00
-1.494240829278038751e-01
3.792764783452979294e-01
2.542718151422003747e-01
1.418414211490395038e+00
8.900133722243707135e-01
1.234256920654132061e+00
-6.708960338688662040e-01
-1.157100574443619578e+00
-5.868744697925828424e-01
7.981075168168408895e-01
4.375790858864907484e-01
9.122224358487408535e-01
-3.381437131965283061e-01
1.337023846965405216e+00
1.497502654100466790e+00
1.809925779851205618e+00
-1.069295229733356223e+00
-7.634942454843000048e-01
9.389899882742136494e-01
1.210678895428829671e+00
1.583502171318148966e+00
8.058061539743749391e-01
1.728245106646236762e+00
1.175756737133397456e+00
9.553077455104210802e-01
2.043706949897059477e-01
2.398567344539694057e-01
-1.714934923940658329e-01
-6.900342410872966070e-01
-3.073363678001657662e-01
-1.304969965213716776e+00
2.119343064388089504e-01
4.176046603470980889e-01
4.507578062226548776e-01
-2.036547920996784278e+00
7.450667215788417952e-01
-7.810714555150778497e-03
1.874654670282799862e-01
6.219893516357737351e-01
-4.729243248654708132e-01
7.863006431140019403e-01
4.633600948937061093e-01
8.548980193623959556e-01
1.271251061514212521e+00
1.529534725581804144e+00
5.493972503027424459e-01
4.620020729417952388e-01
-1.249386581920044037e+00
1.090669834165181040e-01
2.526739946163771844e-01
1.042979854767127179e+00
1.552184610559056210e+00
9.160238892782219811e-01
4.493693882628130298e-01
-6.506850039810860853e-01
-1.600140302367829115e+00
-5.405958002542112784e-01
2.853746916400827782e-01
-9.648916838105969784e-01
1.873775906831763594e-02
-1.506618355931515829e+00
-1.152213675146972705e+00
4.274555950004624294e-01
-7.167015691242790698e-01
-9.878071568945328007e-01
8.825121837788265644e-01
-5.711339234631316319e-01
-1.344211528989023963e+00
1.396807642609065869e-01
1.762070978899501206e-01
1.004749538679050813e+00
1.500466765356965437e+00
3.954349495424362981e-01
1.784256920170103511e+00
-1.089208451536164413e+00
-8.787190451288259263e-01
2.588977130997971998e-01
-2.445098108651758029e+00
6.889748707060788790e-02
5.559480937498839648e-01
-2.390483923544689804e-01
3.769190333913850499e-01
-1.974908238728018128e+00
9.826726521490127819e-01
-1.223698369811083264e+00
-4.774269827100854346e-01
-9.449020360515010264e-01
-1.984993038140579369e+00
-2.486955696454455356e-01
2.518043424156738430e-01
2.597911916763035567e+00
1.404940568511850119e+00
-6.743943285312140601e-01
-5.830678759622855978e-01
1.735765859907704378e+00
9.450420966927853827e-01
1.299580651000233456e+00
-2.390647080978821823e-02
1.933892446299770307e-01
-2.038486097355001747e-01
1.751643957942803365e+00
1.025236732592596178e+00
2.248441603345800566e+00
4.356286931087113151e-02
1.699733404313813256e+00
7.012926356247849435e-01
-1.906451944796543563e+00
6.380125203631805686e-01
2.425722605355527417e+00
-6.179530201037357617e-01
1.291429147847562353e+00
5.115143660909698964e-01
-3.869887856787499469e-01
4.102131504271537277e-01
-3.079416526814263699e-01
2.540915361094737146e-01
-9.071250471854674924e-01
-1.953446361906837347e-01
-8.166517816399294638e-01
-3.772219244921628523e-01
-1.548462584652452456e-01
2.793766877173845531e-01
-8.428378159837663919e-01
9.367695707461285437e-01
2.787831951620563520e-01
1.254664078934074167e+00
-9.679954035269747736e-01
6.529119394479272476e-01
-6.046978793642865391e-01
2.217121055627488957e+00
8.343520242018604982e-01
-1.697982910404371437e-01
7.235635925713019834e-01
4.522516151501811410e-01
-1.009042483135488971e-01
5.877241138736741810e-01
1.156482682495982406e+00
-5.339752895387339660e-01
-3.568735360780939114e-01
-2.046374514408157097e+00
1.085237080568176804e+00
-4.481263161406077722e-01
-1.946088194220943368e+00
-1.713137317911927804e+00
-5.799588724945613505e-01
3.457839007581561819e-02
3.813900969213644410e-01
8.284649749780913508e-01
1.478454577598377728e+00
6.460879554101812694e-01
2.673583452272973449e-01
7.172127610392642350e-01
3.673520012304969384e-01
-1.123505879702704657e+00
9.133902788188952293e-02
-5.375197150405814916e-01
-1.459224336448163628e+00
-2.378180799718938865e-01
-7.868917290258758968e-01
1.072972680199528295e+00
-5.611704465479231407e-01
2.684764762640050595e-01
1.423461203020197630e+00
-3.769803376341968604e-01
7.845085679187027150e-01
3.340931517994792932e-01
-1.219751384193989319e+00
1.662174733590126088e-02
-2.136980039024648226e-01
-6.251175613255043340e-01
-6.449330384512961256e-01
-1.847005897336486402e-01
-4.465961374152861985e-01
-4.798551759783103998e-01
-1.019725747714969932e+00
1.796893038885348570e+00
-2.056492270887749774e-01
3.738547863267044358e-01
-7.144563648216596397e-01
9.689161368153672571e-01
1.428751390586141812e-01
3.006484131596184328e-01
5.890490690722812728e-01
-1.619669700329436690e+00
-4.412383578800440076e-01
1.287326278372830979e+00
9.862964873192003878e-01
5.003271519301178971e-01
8.802667269435345831e-01
2.355156797451962436e-01
-1.009103677974599045e-01
9.086596365390834373e-01
-7.103133123942519944e-01
-8.303948326437009253e-02
-7.030194088687657938e-01
-1.399755105287489587e-01
