6.792351049061700063e-01
5.385347963281247319e-01
-2.354313546922525424e-01
2.067655974589696355e-01
1.621993246995401261e+00
-1.590003814563135220e+00
-1.620621046296218282e+00
1.518733068407517317e+00
2.878256135971246077e-01
-2.384654609099405576e-01
2.924642109053885997e-01
-1.342454427294615504e+00
4.373733281436571474e-01
-7.442309348201960884e-01
-1.500545718198002865e+00
3.982214243962527989e-01
1.195018720587230243e+00
-4.963453434858461910e-01
-8.244996647256220834e-01
-1.274447805635674946e+00
9.503468787874574941e-01
4.539564679092419341e-01
1.885531958609766301e-01
1.371583346184597652e+00
-8.304349953691163577e-01
-4.086434417673862063e-01
-6.265765965875463861e-02
1.387937479227497051e-01
-6.027365504188149092e-01
-6.885702665923177923e-01
1.221019382838326867e-01
-1.423453595167330388e+00
-8.035382760968630134e-01
7.174948267563762139e-01
-2.321343830436082722e+00
-3.516244092202223115e-01
-7.714711165020650130e-01
8.325010161974272238e-01
1.121823159008793036e+00
9.381052250282979621e-01
1.026407644400961910e-01
6.904700754510337823e-01
-1.495668482887841488e+00
8.997385611777054537e-01
-1.725664591766772782e+00
1.607155402491782237e+00
6.879073853924146942e-01
-9.284763950664961518e-01
-4.595654981617672968e-02
5.112935947041903351e-01
1.521727468612365519e-01
-7.985826592754209363e-01
1.511838141529912916e+00
1.618769289097339303e+00
-1.821621768780071537e+00
-1.011548795360829978e+00
1.542511480824504844e+00
6.041207868095181954e-01
1.054108492852900980e+00
-2.587985684356157445e-02
-1.618418365302384476e+00
-7.089640213971090121e-01
1.033030553465771328e+00
1.347559386768675503e-02
3.404541254100937886e-01
1.152807347962893525e+00
7.173472394637907534e-01
-1.990853540229288177e+00
5.057190069834369694e-01
7.099859587924765014e-01
-7.722430217913157646e-01
5.177077102772921213e-01
-2.813910689609089855e-01
-1.781287433036835344e+00
5.275669413398934582e-01
-4.771587097274612166e-01
6.368437735199717897e-01
2.622877718279726378e-01
-3.995992514976566823e-01
-3.230941596223938471e-03
2.439316544406990028e-01
6.317767906185037807e-01
1.091801355981748323e+00
-1.085296763939150200e+00
4.595906367681074634e-01
1.815954760904674670e+00
-1.791463383691447309e+00
-5.390691861200482826e-01
1.283416485125727924e+00
-5.419898579092720103e-01
1.885385581567978752e+00
1.412306029193241441e+00
3.600613993423946169e-01
8.759315268322209747e-01
5.642458789163773414e-01
-2.547538175260618317e-03
1.002676539144051054e-01
-6.371055080589631547e-01
-8.267580226030385449e-01
-2.069541377504347412e+00
-7.743251789374721028e-01
-2.505971935012966112e-01
-1.709390394506484778e+00
-1.489701509821447889e+00
-6.466587737846200001e-01
-1.751671727509181098e+00
-1.236169086826930830e+00
1.184921271066494974e-01
5.725350972051271858e-01
1.834820539121071237e+00
-4.674805354654884004e-01
-1.971682388071774317e-01
-2.318216845798956705e+00
2.961789624703566326e-01
-8.373994362268641911e-01
4.563918041251588953e-01
-1.028462438422424352e+00
1.602081645134914911e+00
-1.046813294792835025e+00
-5.275077508616591304e-01
-3.579919863888014059e-02
8.831401445500211000e-01
1.251163638227687225e-01
-4.288139403536055383e-01
4.167082056028336562e-02
-4.509485963035582134e-01
-2.059716706059795399e+00
3.456596821110478057e-01
2.763942136794934057e-01
-7.091565438370399654e-01
-8.603993928257618329e-01
6.739448853832742392e-01
8.601164944947907454e-02
-1.032557919668190882e+00
-4.125757141950111007e-01
2.166887649156215220e-02
-3.186847056677945544e-01
-2.843203872925704756e-01
6.283895894217258471e-01
-1.634704371606208628e+00
3.372836437643234597e-01
2.457659915407261475e-01
-2.831240852655675933e-01
6.247742413370285242e-01
-6.883472430501802464e-02
7.360198949726263207e-01
-1.589703599487967578e+00
-8.886762069273045350e-01
-1.159686082116996586e-01
5.670958255020305261e-01
-9.578129388328460170e-02
1.208715194820661809e+00
-1.060117329568872613e+00
1.914384271829664197e+00
-1.335824460463653773e+00
1.781660487715335806e-01
-1.499691711633077407e-01
-8.582039535979816280e-01
-2.193583641933315176e-01
1.453057773705636671e-02
-1.631608841273357591e+00
-3.013364251387265491e-01
-1.400796421698123240e+00
-1.774701106630586223e+00
8.295563893242119402e-01
4.304745962190089648e-01
1.428388919785808175e+00
2.204488650893526192e+00
1.534358541523425767e+00
3.603776186168590190e-01
1.027522312382465469e-01
-2.298573174860520096e-01
-1.915370441505305776e-01
-1.046372278070591966e+00
4.993154336030261597e-01
2.893667970963623937e+00
4.899833679573526446e-01
-2.380712684096837062e-01
3.010274202188646386e-01
6.958806489071404089e-01
-1.475783690753631250e+00
7.921120658727917596e-02
-2.123700327611128535e-01
-7.498446414943078508e-01
1.075113909278782698e+00
-9.637950720824650652e-01
-3.986981174648133730e-01
-1.387848449957435615e-01
1.855922506881454159e-01
-2.077652664978708527e-02
1.169537512334867913e+00
1.407893030445447113e+00
-6.550199805297776852e-03
-5.762180602798862017e-01
-1.008015579583741023e-01
-3.050343336416116297e-02
1.559124786788736117e+00
-1.079858590621017855e+00
1.198592262267709069e-01
-5.293341350463294237e-01
7.288682057879229959e-01
8.800396504694145694e-01
1.045633192228107911e+00
6.285675553753622413e-01
1.876494823403369372e+00
4.872286891355810945e-01
1.144339258332752518e+00
2.543662577533483682e-01
1.726187147970027480e+00
3.606074702593185521e-01
8.710162194764591304e-01
-7.938191548967289402e-01
-6.159814643432885983e-01
1.446929043363465173e+00
1.072359794239826219e-01
6.814552025365570032e-01
7.760402124139926805e-01
4.076378449233318824e-01
-2.236089633991401593e-01
4.615157536284697493e-01
-4.214340762006020258e-01
-7.558798536677148183e-01
-1.591837874074312487e-01
6.325156747707944352e-03
-1.215924549235523067e+00
4.661070057400665823e-01
5.190376139101279263e-01
-1.260865951234396043e+00
-1.068721838993837103e+00
5.238671167029376186e-01
-1.263494105607600115e+00
1.480683074900353002e+00
7.009282258274833755e-01
-1.032255157848153360e+00
2.905937764723406591e+00
1.706471155455430821e+00
-1.227527987684587041e+00
-3.376698227394236973e-01
8.060993463324567232e-01
2.262197131525088001e-01
7.080776485277547883e-01
7.109261705210746518e-01
1.488384511170179614e-01
-7.695620456660430542e-02
1.499990878634689662e-01
3.889625419135498974e-01
3.738849326543213780e-01
-3.383253046242384182e-02
-2.381857224045301979e+00
-2.129151451804235096e-01
-1.304215745704000229e+00
-1.550606959374411786e-01
1.030517796263792585e+00
-4.172929828655845275e-01
-6.834842155893781079e-01
1.666800641117419213e+00
1.673165584619812907e-01
3.021075005125184454e-01
-1.307124584093925623e+00
-5.227371772093073465e-01
2.178306800590091630e+00
-3.032816380499476008e-02
-5.973285531444481045e-01
4.162573239976548600e-01
5.392202211216053781e-03
2.138623299464232075e-01
1.755601859962209743e-01
1.277979611702000806e+00
1.453092925266956381e-01
-3.276485410417929733e-01
-3.801364187907239622e-01
-1.517456311264182789e+00
-8.890761319332605161e-01
-9.466635721180930441e-01
-2.209610642849662909e+00
-2.588853749976550711e-01
-1.215290329905274413e+00
-6.804802152087356670e-02
-1.053735869704833572e+00
-1.664558022725112441e+00
8.611508041397779589e-01
7.703980388963357906e-02
-8.756672634544087064e-01
-2.086914020163522121e+00
-3.386373398593194861e-01
-6.047668930918624897e-01
-2.591718265157414991e-01
2.920172301500432721e-01
7.415068613761609528e-01
-1.827167301409159395e-01
2.857505219547758379e+00
-8.520467255853777511e-01
5.236194274610047605e-01
8.511917203072987270e-01
-1.607076160650257046e+00
1.242368950637177782e+00
1.274554681500456921e+00
1.364164600078588307e+00
5.150296275926026235e-01
-5.230833914720371958e-01
-1.603367531357032583e+00
-6.178383475569906302e-01
-9.087217320984626312e-01
-2.851333340215900680e+00
-3.125770887667417286e-01
5.180816428525722994e-01
-1.871175210576390968e-01
6.331718448748852035e-02
-9.767929403654365683e-02
-6.737999741717203284e-01
-9.869989438948333360e-01
6.291608973356375978e-02
-6.836224990560716419e-01
4.307170421593204956e-01
-5.565213772465706921e-01
-2.113561351947795597e+00
1.356828120899472800e+00
9.306716438637508970e-01
-1.611824700966414392e+00
-4.593356223776639546e-01
-1.934235103035991665e+00
-3.572108927966888281e+00
-1.130354374990834687e+00
-8.372525979585844214e-01
1.196372945751616790e+00
-2.061551021581317644e-01
2.824835601694170584e-01
2.486435284361367959e-01
-2.344133009240465082e+00
-3.313496797032915997e-01
-7.134660532381752462e-01
-4.499678903570287769e-01
-8.627071610294630988e-01
1.139821652130977414e+00
-4.588568484582357665e-01
1.256054318116105739e-01
3.444234350901599351e-01
9.307746858183650884e-01
1.199821499467754293e+00
-1.747171321645228481e+00
-1.263946920954201580e+00
-1.996909131732395926e+00
-1.732908758114626080e+00
-1.845843310597883313e+00
-2.503697795553486927e+00
-3.882430623526173630e+00
-5.455666549854840675e+00
-5.149146756167215955e+00
-4.997580016709891382e+00
-4.554720176302982537e+00
-3.920210645327545151e+00
-2.061285536685886211e+00
-1.581964394586569123e+00
-1.468695138189132443e+00
-4.971928684910856266e-02
-1.240995425329483703e+00
-9.651301313785168867e-01
-8.741591831809466528e-01
-3.535581363579336944e+00
-2.134241835978884505e-01
3.077841205288932569e-01
7.149116653628425633e-01
8.457184173255296589e-01
1.251803469230898580e+00
3.717170562076820839e-01
-6.676252864873567505e-01
-7.787336107090666593e-01
2.838045937164664911e-01
-1.740339729821073433e+00
-3.974481414294810389e+00
-5.345449658706434626e+00
-5.508928570240164468e+00
-6.999275538212433645e+00
-5.888238439393341572e+00
-3.543709641039488822e+00
-4.338501720982547383e+00
-1.934331114365652304e+00
-6.966683919020699722e-01
-2.108173627516795268e+00
-6.527122752178498022e-01
-1.760796650140388220e+00
-5.410408579478952484e-01
-5.329587274455394041e-01
1.873082090298428259e-01
-8.961006733461368556e-02
-3.046326744332953362e-01
-2.991958632253103101e+00
-9.494504733094134563e-01
-6.672565532902593466e-01
1.406653340209557568e+00
1.537476670556190861e+00
-1.152772703571706137e-01
-8.914946604969572475e-01
1.387928139941667860e+00
4.730076112314664238e-03
-8.303013046250438955e-02
-2.881599937031740666e+00
-3.306001075391999500e+00
-4.548524592673271805e+00
-4.959597500280348292e+00
-6.119486102180229814e+00
-2.557883344765611078e+00
-2.879002288044107960e-01
1.077761710312537868e+00
-1.340131953927269137e+00
3.451420878909284840e-01
-7.869755288958810713e-01
-1.052269118768033529e+00
-5.278575513811398778e-01
-1.065858696747070011e+00
7.563183072534726548e-02
2.887537683069462680e-01
-1.015594989499932321e+00
7.902048964792561872e-03
1.172596968573192955e+00
8.173983276426162459e-02
2.723086339845717241e-01
7.259448514920688877e-01
7.011634103766682946e-01
7.998360103696748880e-01
6.938993675212159484e-01
-8.979158881163685768e-01
-1.910096099013662563e-01
-1.295528120569397146e+00
-3.026947410884234912e+00
-2.404929664601606731e+00
-3.068543790196598842e+00
-1.217619378438048683e+00
5.092717120150531684e-01
5.722455915180580943e-01
1.817686890784746989e+00
1.405830526559381510e-01
-9.206782965828463894e-02
-8.118546633293359793e-01
-7.583880897505190788e-01
-6.908043870654464458e-01
-4.858571438933840247e-01
-1.122892489521717607e+00
-1.638050787353279469e+00
-3.527711762851856725e-01
-1.608886071543702556e+00
-7.374340994068639965e-02
-1.472755249776840081e-01
-4.464150562329973204e-01
2.536132568869036152e+00
3.746031782574151592e+00
1.624873681444842788e+00
-4.816540079455142176e-01
-3.972238914050858771e-03
9.954781417712975644e-01
7.922346476623897127e-01
-8.732892319420789695e-01
-3.891114545016711723e+00
1.088445718424778247e-01
2.112430549172874983e+00
1.779177131909006171e+00
1.982486219360708013e+00
1.045438776021202276e+00
1.133407819598082122e+00
1.312696596809807659e+00
-4.742183491416899765e-01
2.128804983410236051e+00
-1.132667991987022171e+00
-6.544064185501325959e-01
3.074344415517783480e-01
-9.766239397713988302e-01
4.655039434918360475e-01
-1.954339953584838252e-01
-2.633843662812963005e-01
-1.539439011132347213e-01
9.044103984265928764e-01
1.734469640363405230e+00
1.320065633579263764e+00
1.883612427788732724e+00
1.586563510076529487e-02
-6.826267484641137528e-01
4.355872820187453587e-01
-9.024696272670592601e-01
-2.675564835324189053e-02
6.200316849085913962e-01
1.361658005948580136e-02
6.109602736194155170e-01
1.015227980354346027e+00
8.262463131084109014e-01
-7.292582148553203303e-02
1.525257691109202396e+00
-4.052812496722032337e-02
8.511751125030329046e-01
1.772647023769974517e+00
3.673177204352091607e-01
9.103793127712853650e-01
8.485284473827027218e-01
1.086858820289584443e-01
5.202353490605209352e-01
-1.126953186481495672e+00
-2.266422464383009316e+00
9.339205195513102797e-01
1.043645900332220267e+00
1.768699246252878554e+00
-8.165189254115448048e-01
9.641261423362205152e-01
8.405785799974863082e-01
-8.086767158495027363e-01
-9.983443143788615082e-01
7.468566292144869223e-01
7.318819465092074594e-01
9.134666065586661832e-01
1.088129586524792192e+00
5.247084611307479829e-01
2.164804178521235301e+00
4.323173798351087616e-01
-2.505945386378777284e-01
6.561444789042536474e-01
7.629093134910019947e-01
2.357735486882216236e+00
9.666770726167045469e-01
2.976648147509904696e+00
1.252248035593900077e+00
5.076142228515666543e-01
-1.268405042287049644e+00
-3.533255416328970333e-01
-4.907943413571274616e-01
-1.011830820042932011e+00
-1.005371319319291468e+00
-1.568264036360281111e+00
-7.921803680898816813e-01
-1.560601944144782705e-01
-4.824345840084804382e-01
3.577657358578198554e+00
-6.062858010075592441e-01
-5.476957376274509404e-01
-1.149436225863164518e+00
-4.208905039775066581e-01
-1.716320765604589793e-01
1.216920206213588547e-02
4.518148635505558341e-01
2.625765587076748786e-01
7.548408170492504343e-01
3.682609832265799632e-01
-1.080972907675010891e-01
1.742806831285374836e+00
1.578980421160139647e-01
5.697030425929595909e-02
1.485036490113548879e+00
1.454464017286753119e+00
6.669598286014023492e-01
3.419071870423847637e-01
-2.243776173732001944e-01
-1.034061982549797643e+00
1.954405670235644932e-01
-1.584773308950118587e+00
-2.104224294597159428e+00
-1.943998899088921206e-01
8.559484041758861350e-01
-4.863482125928433319e-01
-3.826002542004349749e-01
-1.717614013896773539e-01
2.490156178428705847e+00
-5.727763353226924536e-01
1.161616760284222005e+00
-7.821834259014683877e-01
-5.782376044358990275e-02
7.879167216616902447e-01
9.752752573365907063e-01
-9.240283116603216496e-02
1.018921677620706401e+00
1.640346877396222647e+00
-5.635272508559640015e-01
1.162501359878132634e+00
1.116014956343202025e+00
1.083693705675902175e+00
5.020762847728790224e-01
2.393535119039411629e-01
8.474975962178095124e-01
7.174155770076735550e-01
-2.055102893170814363e-02
-1.022065063093141601e+00
-1.108485779359868750e-01
-2.569656729740334433e-01
6.368436602267417701e-01
2.416340660876959145e-01
-7.909745503297684888e-01
7.949578849933828240e-01
-5.600092025814309427e-01
6.095079227240192132e-01
-8.487171931682116477e-02
-3.374986189999081287e-01
1.938855026404188164e+00
1.192129802518898885e+00
1.048963614908702047e+00
1.922148921847528946e+00
-3.527453914454806161e-01
-2.112364400026948974e-01
-8.802360589254720757e-01
-6.138908998967212982e-01
-1.733276018931211526e+00
2.810056031086619610e-01
4.506802587245789526e-01
1.279589009778717701e+00
-7.824226395844431359e-01
1.435902034672083438e+00
-4.419371810863572669e-01
-4.181018292896391264e-01
-1.516504718120156303e-01
1.008088921989810816e+00
1.458722033530869489e+00
-1.389010472525894768e-01
2.637808499521210326e-01
-6.834104515079486575e-01
-6.403267777737763344e-01
2.093455299353048638e+00
4.448929734129509761e-01
1.207100950319787702e-01
1.318465442131768750e+00
-1.339365527383702847e+00
-9.055057698623161788e-02
-1.383527004955689588e+00
-1.417644295538377675e+00
2.403086148865654914e-01
3.591967954760090787e-01
8.715578324011405420e-02
2.371664267563493578e+00
5.650991069200926864e-01
4.869759512013679403e-01
-2.627597444482535072e-01
-1.994092188087881190e-01
-5.764060356503079852e-02
4.119269938207513193e-01
-1.628921657013028268e-01
1.429617304407900802e-01
1.000759314529420685e+00
1.290667840804411215e+00
-9.553087843028836845e-01
-7.779809897918993356e-01
-4.136146126416576779e-02
2.532810826590303765e-01
1.025549003626946565e+00
7.290424790998070170e-01
1.707258702543641982e-01
1.116423299434843974e+00
-1.279180564043805646e+00
-1.854617919449280672e+00
-4.099270289982040461e-01
-6.268382790612117006e-01
-2.228110757987097068e-01
-2.752994103163861617e-01
-3.781500257823486311e-01
-6.426733211635642373e-01
-4.733867310821274904e-02
-7.980734301361902538e-01
-5.897620740985067000e-02
2.511238748327992543e+00
-1.453092076946764788e-01
-1.823822731097147209e-01
-5.838543708354070327e-01
4.605780993190358025e-02
6.599083323958080394e-01
-7.791691816048894603e-01
-3.880651377127657953e-01
-1.877114615597312186e+00
1.176472074899598264e+00
-1.277694170755294234e+00
-3.941705345753954148e-02
-1.288172854405226664e+00
-3.420223293527595576e-01
1.160588145837214258e+00
1.858379878807267849e+00
-2.325868132756520323e-01
-5.978684520563248839e-01
1.717885098272050159e+00
8.921701459275559465e-01
5.001003983960221611e-01
-1.511313275776819065e+00
-1.243889633025964780e+00
4.232037845747743665e-01
-1.160127708858103290e-01
-2.236393337654332403e-01
2.423067797587468708e-01
1.271638510426871538e-01
-1.167783276520868663e+00
-2.146965257368041335e+00
-8.392557695866585954e-01
-1.040750253186090601e+00
-6.741840921629206340e-01
-9.740148390370870768e-01
1.709694433274660252e-01
-2.533623467294737197e-01
9.842323648774473632e-01
-5.347541579007247803e-01
-4.952154273641525828e-01
-5.520105580810925616e-01
1.052129315168737422e+00
1.309570782040905268e+00
-2.857078665605806145e-01
-9.022823039546344903e-01
-4.550914974503958432e-02
-7.006305498264606690e-01
-6.087249676238811746e-01
-7.117155145474318712e-01
1.613120302450203880e-01
4.597447519573744645e-01
-5.501817508686267510e-01
1.255464774631435965e-01
1.384784124414527584e-01
1.148228906188670573e+00
8.012154595406877355e-01
-3.344051559455644140e-01
-2.562201250924958096e-01
3.378777276375031779e-01
-2.109877691756179452e+00
-2.031253400452712743e+00
-4.725398402668214426e-01
1.874826518255335861e-01
-1.008064444819237515e+00
-2.413199716069386602e-01
2.072518399349747575e+00
-4.905819211300270488e-02
7.234558067997325370e-01
-9.902708253784240355e-01
-8.626960756647146511e-02
-3.075274224492217101e+00
6.472265945772089912e-01
-2.971137585672733561e+00
4.886765456889128334e-01
8.383243320395828979e-01
-2.736668176092530436e-01
9.574552283035105971e-01
4.179165228096121121e-01
7.407175285360868555e-01
-1.214949034907804482e+00
2.050263145192431580e+00
-1.952954932099160157e+00
-3.650756976094715611e-01
4.971660419924270324e-01
-2.762640414817754131e-01
7.783294927645767469e-02
-9.605669975662253224e-01
-5.613774707019323490e-02
-1.013588780010280938e-01
1.872832309234600201e+00
1.440513160375118007e+00
2.072328160151798215e+00
-9.802971561052815919e-02
5.154495103692164487e-02
-1.283862053904147871e-01
3.577811476856766482e-01
-9.802385449019844765e-01
9.787088403846501139e-01
-2.026821088990133635e-01
-9.333446913237166687e-01
8.654198313700030010e-01
-9.747924971669279237e-02
-8.041667183761876947e-01
-1.447372062301411022e+00
9.831702647510465187e-01
3.296351216089524749e-01
-2.726891357321879483e-01
2.226043545303137694e-01
4.557762791446262063e-01
4.267781907262299668e-01
-2.449220457101165760e+00
1.220442267189725399e-01
3.928444525449883429e-01
-8.453948895704094246e-01
-7.761611121013968495e-02
-5.450456823370194437e-01
1.663388674989933813e+00
1.620784608771437263e+00
-5.792825030673652564e-02
-6.450525539618455761e-01
1.241610255316963479e-01
9.000460246921101470e-01
7.753429639400509776e-01
-2.331547802846559492e+00
1.763475344550944124e+00
-1.019408480675849216e+00
-1.370758236538693442e+00
1.297469171592581905e+00
-2.009757590864957866e-01
-1.550044465677120897e-01
9.017064994999369754e-01
1.880986079904809483e+00
-1.405075976661398773e-01
8.597359274225425951e-02
