3.962852307313480260e-01
-7.602140413140966224e+00
-5.318539654441469811e-01
4.002458994822089555e-01
5.726635981962737709e+00
1.475935656408982943e+00
4.857312515653056106e-02
-8.753758392540595068e+00
-3.198820126131988850e+00
3.710076530535826755e+00
8.093957514636448636e+00
3.557437568156282204e+00
2.597051655717219187e+00
-4.106516635269323423e+00
2.180637543473226803e+00
1.450879892339039801e+00
-2.647216476962191312e+00
7.426082292431097187e+00
-1.930706117200109206e+00
-1.017407500116849661e+00
1.195608252711636288e+00
3.755398792082272230e+00
1.805243019632159163e+00
-6.706721098946432313e+00
-2.897972691864666661e+00
-1.603080812529822374e+00
2.065531344397740554e+00
-3.373168405354070920e+00
-4.107045059507686169e+00
6.236829032078831103e-01
