-1.263853934661738898e-01
-1.111187653618664450e+00
-7.718038665994746417e-01
3.840866605647333398e-01
-3.524166363197421548e-02
1.228006298697528198e+00
-7.783282043762812519e-01
-5.155392880138339601e-02
-8.426667231645602607e-01
8.512536055775474786e-01
-4.941183463201726661e-02
-2.730073540515240427e-01
1.493434060711199773e+00
2.923508191293833769e-01
-4.501983042769511223e-01
1.731297263482540094e+00
-1.455574346440051237e+00
-2.362928479783855951e-02
-1.119863378250187891e+00
9.447195001082611121e-01
1.149657639764469108e+00
-1.502870389295003273e+00
-1.231524472833804146e-01
2.772288262693704541e-01
4.568365717395036496e-01
2.071837268514530539e+00
-5.010891216507667306e-02
-1.074684172184678793e-01
1.130764149975263422e+00
-3.525368046309074709e-03
1.118894268985221041e+00
9.045327242841756377e-01
-4.597851590596942484e-01
7.637958889888747382e-01
-1.009295049530977151e+00
-1.789495888155137882e-01
-1.609961957573573077e+00
1.636527572455491297e+00
-1.429027391628342025e+00
7.882032512908155875e-01
-2.524556248179304685e+00
1.001872337600610674e+00
-1.354931106315290679e+00
1.202513240614121598e-01
5.080035317048199328e-01
6.765167010044177420e-01
2.913937477758359318e-01
8.513015961928264985e-02
-3.856397481572639702e-02
-3.170206949700010712e-02
-7.763626922556062793e-01
1.395352838198676393e+00
4.828208313142887675e-01
1.480485895830246701e+00
8.358820237488033822e-01
-1.306005106106428171e-01
2.243291917346898590e+00
4.879546944748661685e-01
1.011044923061145129e+00
7.641607055711329144e-01
2.623794820417437723e-01
2.134704392838500941e-01
2.024790168170841120e+00
-1.921358562156803285e-01
2.520271362996131970e+00
1.593607255709151016e-01
-6.341594695267512849e-01
-2.485841148580636428e-01
-9.627971056352524482e-01
-8.773852637068979554e-01
-3.040853626005854959e-01
-1.154624880666549752e-01
1.265421919660908667e+00
-4.347817395330871859e-01
-7.780456400005809625e-01
3.313378001029476105e-01
-3.209048814908279201e+00
6.539769372576748063e-01
-6.294467348864045686e-01
-1.271678153328466843e-01
-1.085743051627874767e+00
5.453470487293544666e-01
7.620487199383136900e-01
-3.885531959293886950e-01
-1.195569080522178168e-01
1.261006306730997784e+00
2.066914721699003865e-01
9.312328408090753129e-01
-7.913628858283678902e-01
-2.222791511510699980e+00
-6.567694032171689233e-01
-1.057410459205541775e+00
2.119993349964988671e-01
1.284649391507537430e+00
-9.255422228834314646e-01
-4.537041395948145373e-01
1.460268231337870981e+00
2.015050797326527032e+00
1.834979722085800624e+00
-2.295078753418270168e+00
8.507587051975861181e-01
-1.525577410339747253e+00
-6.426935857810034403e-01
-1.239380487242739859e+00
-8.537520417551887064e-01
2.352559313532394669e-01
4.055404123470300881e-01
3.591474202643086810e-01
-7.500489203918206949e-01
-2.727154437151856070e-02
7.263528277699057289e-01
-5.303935500554229909e-01
-1.680826823641935031e+00
3.090313263781447328e-01
-6.910909149342070457e-01
1.364226816359495498e+00
-1.225132222765147771e+00
7.590003166716215166e-02
-1.234836376336731156e+00
-9.259698281727534175e-01
-5.407151219648827223e-02
-1.742180352766846019e+00
4.332836668035680572e-01
6.546717703694820978e-01
8.081702027841315417e-01
2.362212437964601897e+00
2.342016439317694321e+00
7.216045466820688592e-01
-9.516911731582697875e-01
-5.338752806473867629e-01
-4.124991261464298065e-01
1.768786348199877512e-01
-9.214226677891255157e-01
-7.271523610068222343e-01
-2.217014314385595264e-01
-1.811738782393410130e+00
-1.942236770612418839e-01
-1.622685591538933103e+00
2.230161445894765851e-02
-2.087616193433114553e+00
2.514751861112651810e-01
-5.107781979007632867e-01
-5.381166086738925491e-01
3.122203714675516051e-01
-3.273751071353211972e-01
-1.152047603984813318e+00
1.926761830577014278e-01
-7.006023118618857903e-02
-1.282546027184481297e+00
4.020666440259315633e-01
-1.580206170892495543e-01
1.690895270051380628e+00
2.158296481085155705e+00
2.539283367534561187e+00
1.345435754270554174e+00
1.225558819616837880e+00
9.140309187515345268e-01
2.482762637779174497e-01
-1.218646816047880971e-01
-1.085873213349823965e-02
4.734464635074359107e-01
-1.374455042493028190e+00
-2.827465146793413653e-01
-6.593840121743980154e-01
-1.214272213376123899e+00
-2.526476760319765758e-01
-3.646009613268316185e-01
1.115498933639581629e-02
4.248753486499631249e-01
-1.814153283475509637e+00
9.024744666747536170e-01
3.901423501357937917e-01
7.434528457155616943e-01
1.116392841415179360e+00
3.906489621024550329e-01
-5.084835689656613811e-01
7.300712304221639304e-01
-6.593765689378033867e-01
3.291855327756174621e-01
-6.169041302431828994e-02
-4.877397081738572560e-01
9.029977474390644687e-01
1.189349858562944728e+00
1.113773390904354121e+00
1.270419865456136277e+00
-3.192184069206632779e-01
1.789552869039176874e+00
-8.034826529425328490e-01
-2.115139921043577009e-01
3.782865747845630122e-01
2.096977658174085768e+00
-1.077565943228700140e+00
-7.745355556041213507e-01
-1.476278076182189425e+00
-1.508993086821543095e+00
7.225048238392787203e-01
-4.266678983614128895e-01
9.343519850980453855e-04
2.514143607785356282e-01
7.216346510364943234e-02
6.018810615861617253e-01
-1.869334204523448895e+00
-3.623232427172834447e-01
1.141434298079447629e+00
4.148697859412535660e-01
1.173009698459444167e-01
2.388822110394458686e+00
-1.307195156021643490e+00
6.719633443816048768e-01
1.258020236976919115e+00
7.894550698146192147e-01
-6.415832888901374931e-01
1.097712993913898760e+00
1.665695958059252524e+00
7.343382026949309971e-01
4.605257797578644063e-01
-1.787715863662938942e-01
-2.565003944853398998e-01
4.081236775463181199e-01
-2.134932589108261558e-01
-8.721474295376637764e-01
4.876415680853993240e-01
-2.890952489110558687e-01
-1.263670128238292945e+00
1.080458119804987183e+00
-9.057498435669019132e-01
-1.798363061933596629e-01
-1.891180889103272200e-01
2.964337770572680886e-01
1.469615086340400723e+00
-9.235783680994895661e-01
-1.639616145203226516e-01
-2.008818909346004933e+00
-1.739592832204613915e+00
-3.420214515716896719e-01
2.862895592723836979e-01
-7.848676929881738540e-02
-9.728989051460764648e-01
2.326452410215165967e-01
-1.607767189990851664e+00
4.886403508146872632e+00
5.335635402211387213e-01
5.278934542586377621e-01
5.934312024148546971e-01
3.355109462150568933e-01
1.801974266563851346e-01
7.609454761068584761e-01
-2.199969903250589137e-02
-1.692192553223582863e+00
-9.248614988849653828e-01
1.309877123310611902e+00
1.019214283917171837e+00
-2.392989251080576363e+00
1.019578700433678847e-01
9.699190311507009665e-02
7.398834241155272107e-01
-1.202507681400877049e+00
-6.652124426669573376e-01
-1.518710854563767088e+00
-1.276764414477478127e+00
-1.964630325385117393e+00
2.705325953720125187e-01
-1.366288462083318667e+00
-8.673867316585370801e-01
-2.533202714888563634e+00
1.612640501548400662e+00
-5.158247714337358403e-01
1.648482469946765949e+00
2.061369149816192348e+00
2.330728656105676588e+00
1.715428957700158907e+00
1.317134106084291600e+00
1.218366713053267381e+00
-2.233365335107110994e+00
7.289864427614334286e-01
-3.142844249755125663e-01
-6.323219572544451772e-01
-1.986959435513622640e+00
-1.928539560035523293e+00
7.939734143030582336e-01
-6.514753746278428848e-01
-1.349471817858516109e+00
-1.399352374474792035e-02
1.015282336577554734e+00
8.299577650727151257e-01
-1.718506212500003683e+00
-4.236159607828025031e+00
-8.424649854891922418e-01
-2.551783743603727395e+00
-1.219425583317292450e+00
-1.349108394246490317e+00
-2.279343061468973863e-01
5.946167329951018016e-02
-1.514065012998144999e+00
2.301245665803584306e-01
-2.592346310897563733e+00
-7.125724445445626998e-01
2.348271333951974515e+00
3.235814689710322933e-01
2.759050125932129394e+00
1.426615702772651428e-01
1.062949436847158813e+00
5.688661317242967863e-01
1.209518432730234405e+00
-2.108074565925295019e-01
-1.142791565204030579e+00
-3.380550627655424467e+00
-5.809724437705304778e-01
6.989647551761744015e-01
2.090685463599807614e-02
9.644691025448980382e-01
7.113628345632473371e-01
-5.602122631933043051e-01
6.697321368501806260e-01
-6.228683107153186460e-02
-8.806745449180274354e-01
-7.681558470520712112e-02
-1.743782659513346545e+00
1.203120319136598004e+00
-1.434758966767706312e+00
-4.054174128590595227e-01
6.546739841467404952e-01
-2.324192091454389431e+00
-3.094223941273372414e-01
-1.631265408439002140e+00
1.700419485556006416e+00
1.998877882411174978e-01
-6.534619056825453631e-01
4.904547846839233949e-01
-3.413297603745343856e-01
1.474567318594177223e+00
1.729247084853755334e+00
1.555068759974439274e+00
-2.037779037782935010e+00
-1.342742860368207669e+00
-4.674771218102249382e-01
-2.226220348777225855e+00
6.700971354467392116e-01
6.521804001409212681e-01
-1.775390106109054678e+00
-3.350847156796401549e+00
-1.540719909523451614e+00
-1.028439385612211376e+00
-1.881094316382995846e+00
-3.765186402669483123e-01
-9.650785570346032127e-01
1.182912704099259305e+00
2.934626637277215622e-01
-9.527320802057196447e-01
-4.999972435889900590e-01
-1.967344661366181580e-01
-1.162691212221679038e+00
-9.183466794020319623e-01
1.246496110540130209e+00
1.065760262808124192e+00
2.109562530934856461e+00
1.801723926134342735e+00
-4.611863906905312449e-01
1.865821970454218715e+00
-5.101046565727054283e-01
1.680121036313139582e+00
7.049328099728571217e-01
1.550543489429526967e-01
-1.017435921425608791e+00
-1.683012491970079516e+00
-2.604216507810681147e+00
1.159904425613742740e+00
1.033268139328229696e+00
3.356257918891890624e-01
6.115536478089277361e-01
-7.712920278971223675e-01
-4.801489569494399312e-01
-1.412981924833897340e-01
-1.117708582088698721e+00
3.975119977895290591e-01
-1.425748229452907800e-01
-6.186340302650412681e-01
-1.373019638195197123e+00
-3.312682817039810379e-01
-3.432578991620886533e-01
-3.306722306200821748e+00
-4.876583685853123906e-02
4.579913317239642789e-01
-1.093771315632177998e+00
-6.321635277333172986e-01
-5.183376021755811136e-01
1.168579374429319362e+00
2.003752063761840674e+00
1.614885635146133369e+00
-3.491842725984302120e-01
-1.372098696035522147e+00
1.635461500967003712e+00
-6.357588544247476658e-01
1.420394588422482784e-01
6.481576512839042070e-02
-5.462738925812418156e-01
2.969553667745026826e-01
1.317026044178248201e+00
7.414726223532928095e-01
1.631849252912745740e+00
-4.398123534498221687e-01
3.990869363040649292e-02
5.853151703777023096e-01
-5.015790715410423095e-01
2.265511971807142588e-01
-1.002860611952917758e+00
-1.531699682356725711e+00
-9.312500570557877833e-01
-3.995279368488291460e-01
2.362219057472936701e+00
2.196882426598926463e-01
2.501898822326563021e+00
-2.308814723483219922e+00
1.025603677283440929e-01
5.230996707469717233e-01
2.671076675849826110e+00
-1.393422310779265094e-01
1.381562557141655656e+00
1.448489369995182630e+00
-1.513609463587955783e+00
2.748305914299975505e-01
5.479475519795343752e-01
-2.371445872169964719e+00
-1.420092942176316653e+00
1.607997365727871220e+00
1.057021412161845753e+00
-2.987421540718708871e-02
6.615387576851536888e-01
1.248335767468401913e+00
-1.046242623381191228e+00
8.684528625730816506e-03
-5.866786902440985774e-01
-9.388629672422983408e-01
-2.272953902690329486e-01
-1.835387045843656528e+00
-7.713480969550371436e-01
-1.143210770835684453e+00
6.117530501253000130e-01
2.692621093691056622e-01
-4.567361342589859041e-01
4.513352380401166042e-01
-9.538196737467985464e-01
1.675339287647887865e+00
1.959621487848932642e+00
4.525608193542632329e-01
-5.226744706912385130e-01
-7.528757606734930441e-01
-1.164412372913502747e+00
-4.277468916284802303e-01
-1.571070576292156462e-01
-4.201754400704060255e-01
-1.528007387899327885e+00
6.458747148728428700e-01
7.385825149923734567e-02
-5.207098518716573032e-01
4.060651365424194359e-01
3.358488762011877515e-01
1.628214179785134830e+00
-2.422625346303576566e-01
-1.165633050581958319e+00
-2.087248191450367774e+00
-2.449930260231576451e+00
-9.483491646901204275e-02
-4.492139495993369702e-01
1.786291257490518203e-01
1.052816591543233260e+00
-2.521939966739395356e+00
-1.002384997428668933e+00
1.462009002823287718e+00
-2.210799220298972134e+00
-8.658037135368786830e-01
1.174503078468983830e+00
-4.271839691217835244e-01
7.059961516963031425e-01
5.368983337593585814e-01
7.004353450168356865e-01
-1.169912174414999173e+00
4.618663083171986039e-01
6.095853358677247313e-02
-1.105552790456755030e+00
1.592405232168635776e-01
-1.297594483007896426e-01
1.083383073172870192e+00
-1.141630207709856126e+00
-1.725494191506790342e-01
-7.797584769754962730e-01
4.792059517524753787e-01
-1.851178421047644795e-01
-8.220540469483773593e-01
2.904565882502076479e-01
-1.072442624253220345e-01
-2.235331808444422363e-01
-4.785324501802194486e-01
1.203283416970314379e+00
-8.519289519067066996e-01
6.698673475123191334e-01
-2.297139471028124547e-01
-1.599416532547747599e-02
9.558910057894371981e-01
2.584090566991365634e+00
-1.821754702923919167e+00
-1.031699937635203179e-01
-1.552423436891496200e+00
-1.058971834678160029e+00
2.381046604764019969e-01
1.393929219408903908e+00
-1.470860146119417067e-01
-4.051957083095789058e-01
-1.895022787311367307e-01
1.335549426434639919e+00
3.706435479239802433e-01
-1.099747757623145278e-01
1.662039306264000205e+00
-5.187439597368931343e-01
1.718562178924940120e+00
-1.177557074210686006e+00
6.846329803473724662e-02
4.380847646883837543e-01
-1.140793796069650590e+00
-5.434756782702223621e-01
6.438176862016233848e-01
1.096616684013167753e-01
-1.928273923063990036e-01
3.316890558252734156e-01
-6.252447977609767449e-01
-1.401181669445784150e+00
1.567450939475967697e+00
7.034516089359146296e-01
-1.223699142852690658e+00
-1.307102206528927502e+00
7.268483734702839427e-02
6.044421938047179754e-01
-1.644299023254356840e+00
4.805054561413992231e-01
-1.181622929213062001e+00
2.051475669978875427e+00
-7.754531738005348007e-01
4.128162853712860625e-01
7.693186432060695745e-01
5.829899082250032949e-01
3.221392255656694847e-01
-2.505249027870674716e+00
8.894577132289623878e-01
-1.035536941069552297e+00
2.839955507274880553e+00
-1.264998679666194281e+00
-2.546687287577704129e-01
-1.185935606883675719e+00
-5.087079705520861639e-01
-4.086880487978697407e-01
1.268455753243475370e-01
5.775359784346231207e-01
-8.105200029837536513e-02
7.300680803354296922e-01
1.008877416874488064e+00
-1.495509616047094648e+00
3.004920925375934582e-01
5.185181719411986467e-01
-1.299319173155023988e+00
9.674341009263756064e-01
-3.305864656250196570e-02
-3.810181996776986629e-02
1.666484829564392200e-02
1.796397797674292862e-01
6.056341670177477488e-01
4.936221717932157138e-01
1.177989687867962321e+00
-2.310447216649559543e+00
3.213298773903510153e-01
2.674561795112078699e-01
4.535593606114405318e-01
-2.668036001420764913e-01
1.251655259806539466e-01
-7.617857542436654583e-01
2.753861030332328125e-02
-1.130527530754833920e+00
3.257041372266071821e-01
1.473801069901667926e+00
-1.129737891420716567e+00
-2.123296100596896996e-01
3.789706413836204518e-02
3.564330484059063386e-01
-1.147018824185125352e-01
6.378118148673036503e-01
-1.320411006876409221e+00
-4.215842639945625858e-02
1.386654302667575944e+00
1.511415953556272784e+00
-9.594232321471891645e-01
-1.231928877021940538e+00
-1.740627473397873715e+00
-7.915235144628797181e-01
6.563346060911330604e-02
-2.139408152566757704e-01
-6.012512446450177794e-01
1.053454325592247498e+00
4.256230511828452689e-01
-3.178172587963519757e-01
-1.256582966523741796e+00
-7.951980444468981224e-01
-9.642996616993716463e-01
1.560643608457205511e+00
-1.648365613712120259e-01
-2.343053167165328965e+00
-2.956050001630378121e-01
-8.519598665753389533e-01
-9.316471863466053993e-02
-2.785713267333689847e-01
-1.507470564381804490e+00
5.293437732274113294e-01
-1.222819305494298625e+00
6.145844385467286175e-01
-4.278823058039116223e-01
9.210257823132868282e-02
-5.781553112912347914e-02
-5.897154989961966853e-01
-1.410792600612411629e+00
1.317308764358135820e+00
3.042329202694735168e-01
1.182743181768438401e+00
1.201478955764374718e-01
1.691567462601381688e+00
-1.238505842445485339e+00
1.910659581319679612e+00
7.879910600582414881e-01
-2.917868689009069372e-01
1.181750588160416449e+00
1.286260671687207702e-01
1.222365516777535084e-02
1.649570349494777544e+00
-1.911344578676270611e+00
-4.085442465499585785e-01
-1.496622053018489273e+00
1.141579734986599981e-01
-7.675555179453107113e-02
-4.168416700003476083e-01
1.219632391776556135e+00
1.755060165365255553e+00
-7.984968134255082672e-01
7.421706178350196970e-01
-2.945654527285515578e-01
8.375587519869390762e-01
2.141932443374891526e-01
-1.313603371520360774e+00
-5.050409864670371007e-01
5.544849206727304747e-01
-8.622766729660927831e-01
2.288241862044688123e-03
4.531657087322696897e-01
-1.471849873237605910e-01
1.583600409950012944e+00
-6.915677791283195708e-01
2.227756665119577928e-01
-2.454175348631046083e-01
-3.466578005494010822e-02
1.195445659441890296e+00
3.467272947957841800e-01
-4.164703860785777256e-01
3.849629638899598194e-01
-8.020924533577581395e-01
1.906445833124953415e-01
5.212602191496290560e-01
-8.632943590875959972e-01
3.708756371014679809e-01
4.058138793903095509e-01
-1.779791364860903613e+00
2.003874738245517775e-02
4.060661142942189605e-01
-1.871019189866363064e-01
8.472917530379981965e-01
1.368955173326875219e+00
2.038127201640789199e+00
-6.728278064213657483e-01
6.930684994567947177e-01
1.700402839419612011e+00
-5.918412175651756035e-01
-7.118360593113195467e-01
8.665120182372905155e-01
2.221112312164574831e-01
-1.244045250095861421e+00
-1.318039351128783121e+00
5.028927086102777944e-01
-3.015658520786674845e-01
-2.647265282479550376e-03
-6.724883958321535848e-01
-1.847740605780721079e-01
7.114075470559430014e-01
2.511497753528207366e-01
-2.530349113208521850e+00
-4.366290053743270699e-02
-7.889539379625251092e-01
1.283582030691526876e+00
-1.214071711403663212e+00
-1.934363256168354916e-01
-2.240345421699084572e+00
2.084958442046378480e+00
-9.914552583746509551e-02
2.481945349733879258e+00
-6.609735440117814331e-01
-2.525193185055162326e-01
-2.831901889215538426e-01
1.104141973284699096e+00
4.341162784716735557e-01
-4.279426069644286512e-01
1.278440056486464638e+00
-6.902847016900380828e-01
-1.687021038576086984e-01
4.718569643034792871e-01
-5.817870330156630354e-01
-2.468932237026085108e+00
-2.019392568083194561e+00
8.934086602845980538e-03
-1.403113213021521366e+00
6.770288624514760045e-02
-5.872987946925228853e-01
6.392050147388860237e-01
-3.178153247610172594e-01
-1.892515794299514997e+00
-1.716761438329567513e+00
-4.451750800755693849e-01
6.391538277220444320e-01
9.019468252513814788e-01
1.720306513292158002e-01
4.864073221021660287e-01
1.339011668743315786e+00
1.251807753366920295e+00
-4.373459430101878653e-01
-5.637761446481831529e-01
-1.983931721815800353e+00
1.364698245283289202e+00
3.619132685271481825e-02
-9.125380735176163993e-02
1.918847616554760105e+00
-1.381581350410844955e+00
1.085839048464114942e+00
-7.680279446092501683e-01
1.284274658186177476e+00
-5.134842699654677128e-02
-1.368680613265644608e+00
-1.485264375964700401e+00
1.210945207495714548e+00
-1.918113031988961659e+00
6.936992465568285748e-01
1.027874012096973599e+00
-3.995355389200512253e-01
-6.631548776303878290e-01
-4.243335411650663302e-01
8.175295887485106716e-01
9.149411552964179517e-01
-1.076652886726442881e+00
1.748526365493953794e+00
1.240195032156115929e+00
2.448272090426878433e-01
-4.926098096206336929e-02
-1.149241937794094115e+00
-1.627518925531033833e+00
1.088462397664224923e+00
-8.637609851148426721e-01
1.514831891101761530e+00
-2.929054648410494566e-01
-1.752700105458590563e-01
-1.290356526916980329e+00
6.800712255445997556e-01
3.277687842046212580e-02
-1.315723439033293696e+00
5.445660412961156327e-01
-9.917692957307390200e-01
1.245616682776421458e+00
-3.770220110542253922e-01
7.019257086880972274e-01
3.416996839202436909e-01
-4.998472341011351849e-01
-1.324382444751008192e+00
7.647674878268891918e-01
-1.834472239046039732e+00
2.562417274787667232e-01
2.047952975282948618e+00
-2.566595138284187283e-01
1.186477072046888459e+00
-2.051124448217803931e+00
-8.537382497599581566e-01
-2.050826002745356480e-01
1.361842347421655663e-01
4.703877197751955008e-01
