-5.478338699344229568e+00
2.651602601818818239e-01
7.677098194630188610e-02
1.289010981062179928e+00
-3.936652559671008911e-01
-3.804552772572769914e+00
5.520024794119328782e+00
2.707696961830860616e+00
-8.461126740035193050e-01
1.892976950765551836e+00
-1.489591849499358300e+00
-2.603538301853096648e+00
3.227338138169292270e-01
-4.551912269800790223e-01
4.689619497767236744e+00
2.912641249177336800e+00
-4.125584372314506254e+00
-8.217649129901984040e+00
7.327508728493619117e+00
-2.904157520052945252e+00
3.127551218774253794e+00
-2.321959103720050432e+00
-4.035821085466229974e+00
-4.566476254912265276e+00
-3.071727458555559842e+00
5.458035861869614536e-01
-3.777908163143146592e+00
-3.487352876570464666e+00
-1.019483464626221414e+00
-6.242872431865186256e-01
