3.010384101326000650e+00
-5.695622089724068360e+00
-2.982465360673653088e+00
6.619496661789960879e-01
-6.210289240162944147e+00
3.951995507585981837e+00
5.307039098553096440e-02
-3.766180854482233276e+00
-5.351082895184398058e-01
-3.940551698154497906e+00
2.936002081326159807e+00
-4.926574472332314159e+00
2.554049605386724320e+00
-1.567788351821698178e+00
-2.248850406489015352e+00
-3.287245438069681391e+00
2.869554758968680286e+00
-3.981167300495989991e+00
3.210566451710495262e+00
-2.590142034275251248e+00
-4.538813368244237090e+00
-3.784057035270710134e+00
-2.291858544628286865e+00
-4.100272761700876067e+00
-2.316387766755629851e+00
-5.151732556780435068e+00
-6.786813675929012746e+00
5.317945777185834055e-01
3.416573035696849558e+00
-1.810149537878815051e+00
