-6.965666038379457747e-01
-1.432925090651343547e+00
-3.429335233513246262e-02
-2.909746710217173682e-01
1.151451539517359679e+00
1.906616418273255342e-01
-8.847246644786482817e-02
-7.406825844587434649e-01
3.028001195164918835e-01
-7.611246450901135718e-01
-1.076263476634462757e+00
4.641723346892459579e-01
2.962591740298758936e-01
4.491501268157628846e-01
-3.430262527528614713e-01
4.604780431876868696e-01
2.419709029396397426e-01
-2.805068299507065266e-01
1.041304275446961469e+00
3.234165382685306733e-01
-1.537164776629421636e-01
-4.871375566787397582e-01
-1.174159993065143182e+00
-1.292197105080254316e+00
-5.043752099647025311e-01
-3.829043649849911413e-02
-8.327302836790788643e-01
5.814678572412016466e-01
-5.454726300214693957e-01
1.255505663809570960e+00
5.476706256080187130e-01
-1.256201787763522315e+00
2.382739221471450453e+00
-1.163364341786652822e+00
-1.512855236084793775e+00
-2.912693274641453556e-01
1.404292686174549720e+00
3.853379667863203739e-01
1.190489141414568935e-01
7.181636673258726677e-01
1.071365667806225830e-01
-1.684997551127789817e-02
1.442945422327343685e+00
4.633070574942634301e-01
4.456108330073441787e-02
2.334847512639893763e-01
-1.296657416278174102e+00
9.293188795955081849e-01
-1.302769448779303563e+00
7.407950529463390721e-01
6.351290550065585849e-01
1.275474044022313569e+00
-3.471599503965280831e-01
2.137330853916310780e-01
2.838950710049390480e+00
-1.032607668968820169e+00
2.195234164533186871e-01
1.226839562240543025e+00
4.276829983656831313e-01
-1.241761110835148285e+00
-7.061214793194952044e-01
-2.037243855367059098e+00
1.263135495497821337e+00
-5.109854769337308644e-01
8.671657364654751232e-01
1.417729311389694713e+00
1.351375478288512344e+00
1.662870365864765609e-01
1.162256389409795032e+00
6.796222443043524741e-01
1.260175822180091609e+00
1.097614310331248788e+00
5.880763568860308821e-01
7.680226910927240302e-01
-8.524761279202517361e-01
-1.394947689841914862e+00
-7.246508063429876190e-01
1.523557491684302878e+00
1.392904227922641791e+00
9.741499689791748295e-01
7.147964319046810067e-01
-8.845156695989637718e-01
8.904434200243195319e-01
7.314662844625618998e-01
-1.286042329959460107e+00
-7.625281418204031547e-02
-1.470473940313220096e+00
1.984674571972131263e+00
-1.107963765237836462e+00
1.682471583841294915e+00
1.342824681074671900e-01
6.096612838775701260e-01
6.066228514048414011e-01
1.375392033448740725e-01
-9.697667850027610337e-01
2.250596249675616889e+00
1.592952370395167794e+00
1.527058589667057431e+00
8.276770016133716545e-01
1.079186501278941224e+00
2.185106561842750761e+00
3.885192911281274419e+00
2.729078301969256604e+00
1.152958700313468698e+00
2.193165040051869408e+00
-1.143335755173328305e+00
2.361850474132134892e+00
-2.264029033952185355e+00
-3.532950313925303787e-01
2.332124590593179225e-02
5.663998143774326977e-01
-1.032861097756951896e+00
5.975450913111379769e-01
-7.434915641292368926e-01
-8.611630991376021393e-01
-6.006283445929758713e-01
-1.702804612502383519e-01
-3.034380649984574907e-01
-4.755835363723286413e-01
-7.843037365384171178e-01
-5.332144526883031421e-01
6.469335239367897117e-01
3.150152200256651103e+00
-1.816308143578196366e-01
4.374481806812770546e-01
-3.047529346146096718e-01
1.529847361069345268e+00
5.346478475850454659e-01
7.697314921894319317e-01
3.393436435275797303e-01
1.049687705040506014e+00
2.192789305737307348e+00
-3.300026715289434698e-01
-1.308429437390966898e-01
4.954577493976615732e-01
-1.783073967093429524e-01
4.623317446855003676e-01
-1.260992650154515227e+00
-8.044778169453279393e-01
1.117478525133566158e+00
1.078912897189628767e-01
-1.251674906653661212e+00
6.678462000461523607e-01
-2.413146772053313960e-01
-1.475832933962617721e+00
1.936451642513403737e+00
6.626390937883813725e-01
-6.339236192512204271e-01
1.176634430612713222e+00
-6.832016752100419366e-01
-5.203920960700522125e-01
2.149721523131213341e-01
1.218915492166114251e-01
2.775276101372561310e-01
2.470342754264028828e-01
-3.953135159421421463e-01
-5.966417650271478301e-01
-9.843409826382174543e-01
-1.330637884943693949e+00
-9.012839798614944442e-01
2.010055593261047824e-01
2.748780998228367300e-01
-1.199449459896517745e+00
2.679516831361485746e-02
1.771241675460399345e-01
1.151468542394293193e+00
3.826284770615798747e-01
3.456936073639083618e-01
1.073659624677808289e+00
5.680874101770047035e-01
1.202755377109509638e+00
-1.121944447371868492e+00
-3.659434944205081641e-01
1.553787629159520955e+00
1.200488172502885836e-01
-2.300217249930671226e+00
7.332947898808804821e-01
1.799924273132739838e+00
-2.650305070065160917e-01
-3.448531855604617391e-01
1.429847989453998380e-01
2.109033286925006689e-01
-7.444471631334107498e-01
8.671046596453327870e-01
1.000071606499568500e+00
8.193059241139852844e-01
-8.809184122420004037e-01
-2.036315765837579672e+00
-6.983728509070398216e-01
-1.125804675139290945e+00
-2.607766233093807173e+00
-2.664545435884930757e+00
-2.134050523162389634e+00
2.181781968954367823e+00
-2.044265399278152096e+00
-4.857346215451196353e-02
-1.332790273682702198e+00
-5.881302000644196282e-01
-8.223253351943515810e-01
1.097684626102781058e+00
-8.990297912543718795e-01
4.056870117202097670e-01
-9.568829747895706284e-01
-1.484323078509298455e+00
1.133257556092231111e+00
-1.387418355177268525e+00
-2.014056630283470817e+00
-3.965782832382928058e-01
-1.196312341179883054e+00
-4.832940012519479911e-01
2.612050308515795116e+00
1.677614059953284054e+00
1.459616652173947760e+00
-1.140978682856066628e+00
5.146959342382307484e-02
-1.902368008462086424e+00
2.410856986511162037e-01
-1.599591901291712137e+00
-3.044044543389106572e+00
-3.058422544858812930e+00
-6.694041143440154773e-01
-1.717290848288180793e+00
-1.186373804118099118e+00
-8.762782182664916597e-01
4.298994525470364314e-01
-3.912947265713640488e-01
4.884443685465852392e-01
2.078130517701251900e+00
-6.275497465234384231e-01
1.499826142997950029e+00
4.873504297119324868e-01
1.091199191461853735e+00
8.963364769125629072e-01
-2.091969247191503900e+00
1.383524571296075312e-01
-1.160415274342360803e+00
-6.634130038177338262e-01
-7.607674597328308863e-01
-2.135774709179938113e-01
1.322061370919330292e+00
1.381058709820453423e+00
-1.658748858114348135e+00
-4.049907494276190900e-01
-1.012031276609635766e+00
-1.603969796216739407e+00
4.436955477021237160e-01
5.107276756971794729e-01
-3.679417781088215822e+00
-4.230292425502106823e+00
-6.129190226406634467e-01
2.209521820145541326e+00
-1.130946901349279221e+00
3.348959065639859567e+00
-3.483907843818632166e-01
5.272009637996466491e-01
3.057552888593178531e-01
2.122777830434524393e+00
6.800867670461112624e-01
-4.620593309952422678e-01
-8.203712590089573542e-02
-5.341579860979921851e-02
1.274081198910477664e+00
-1.926085522130256966e-01
-2.020528314435722006e+00
-1.176414653624709095e+00
-4.705018362643843544e-01
-9.678033996446266940e-02
3.465953020944811502e+00
1.274803821894015643e+00
-1.544213659546880058e+00
-1.211698469394470595e-01
-2.176488455947839795e-01
6.817954857263822110e-02
8.957538584495416956e-01
-1.425907292427138096e+00
-8.727932551544581585e-01
-2.151259468476630410e+00
-1.264801039166281837e+00
1.470965123971140098e+00
-3.608802708286844019e-01
5.892859293963626302e-03
-4.470977429441501116e-01
1.357227407117558293e+00
6.693475460636789665e-01
1.741525979336244756e+00
-8.483146610293982315e-01
9.790080082235161907e-01
-1.052852893945936286e+00
2.275142155395845356e-01
-8.273181116371124411e-01
-2.301663137518899394e+00
-2.734566099968025465e+00
-2.123274934604617581e+00
-1.115583939239839006e+00
-1.424003403444399352e+00
3.651665332153538834e+00
2.286788159420564348e+00
-1.940162639824289492e+00
4.724656785926886066e-02
1.597079074287107270e+00
7.921520813404520078e-01
4.460153551876907541e-01
-1.245743091120703888e-01
-7.771283569840951033e-01
-1.372674336276358265e+00
4.344652941562873738e-01
-1.917843157950205046e-01
-1.129953360340876234e-01
-1.238175756409985562e+00
1.394588001342001782e+00
1.167109011076900460e+00
2.141227907546960019e+00
5.378107046311881856e-01
-1.129603411101223420e+00
-1.557336856944343539e-01
5.209334070721970307e-03
-7.226428106753899350e-01
-1.837488854006025241e+00
-1.525135461127827829e-01
5.321290712805629153e-02
-2.137847318974265054e+00
-7.616801542323468066e-01
-2.078232911257194448e+00
3.545599724378909023e+00
1.834328654008231529e+00
3.893756068946020998e-01
1.364006434692359715e+00
-8.423410766961120233e-01
3.206109065924905160e-02
3.393555149020600070e-01
6.796245829312144160e-01
-8.125743819827997427e-01
-1.013933521243048697e+00
-1.054540208544824775e+00
5.964609405170328421e-02
-2.742924744533816253e-02
4.902195307303519045e-01
1.276171808251980844e+00
-3.006049254216796585e-01
-7.746932381243512578e-02
2.681047271476149518e+00
-1.556241904370342377e+00
-7.621561789140282039e-01
3.166489756235886799e-01
1.085587578490234684e+00
-3.006319898984710082e-01
3.077825884849086369e-01
2.241766652713870489e-01
-9.035282138812402719e-01
-4.453108119442193313e+00
1.102809710175991276e+00
3.010822321876213792e+00
7.389950755124806703e-01
-1.136911425418698496e+00
1.178337729480015694e+00
-3.273340510763242395e-01
3.590532671527514319e-01
-8.664887300721080265e-01
-6.838226198758049490e-01
6.377071883946330844e-02
-9.191214119653439152e-01
1.155857522851918340e+00
-5.750042093333455062e-01
-9.806950495636201914e-01
1.394619529579828043e+00
-3.984293104002112895e-01
-3.709518873290648111e-01
-2.514085929394906799e-02
-1.713675787756776536e-01
3.447830541348181899e-01
2.630712305922027761e-01
-8.229819788351291354e-01
-1.247448278332064397e+00
4.626021035066574805e-01
-3.418902837289845009e-01
-1.420302634886932758e+00
-1.262402819111559715e+00
-1.482750964594081511e+00
1.871505935293001910e+00
1.546489668184450217e+00
2.138322677155318985e+00
-1.200050382334631571e+00
9.017681352155932917e-01
-9.141383529132567354e-01
-5.311789045339971871e-01
-2.935995125672197781e-01
-2.743746671666695836e-01
7.494679713801365439e-01
9.214992967322335193e-01
-1.559076223357763080e+00
5.792581764533292349e-02
-1.605535128346050389e+00
-3.783546982437261952e-01
-1.709129398384962861e-01
4.114866950106905730e-01
7.933322881786415703e-02
1.109424321906709032e+00
-1.270448666377672620e+00
-1.207671890676073057e+00
1.587165972350782772e-01
-1.682611140298564401e+00
1.854007426698162098e-01
3.409936326222206548e-01
-8.488799101364673527e-01
-6.780189874767594826e-01
9.945010211360925112e-01
1.243513281923816161e+00
1.342247779662110840e+00
1.231236517037563205e+00
3.122490467705441586e-01
1.205274897963522773e-01
-2.413666043378209503e-01
-9.480881280788246990e-01
4.802572793845926724e-01
1.936996893894189276e+00
-9.790591810910636017e-01
-7.704079484621464413e-01
6.291976074475125191e-01
-2.931305607851559247e-01
6.945196002002638203e-01
7.566504728864855700e-01
1.794339700536150772e+00
1.189381739798625492e+00
1.592943027590111971e+00
-2.974176457554234432e+00
6.102320601285101676e-01
9.292733052822659268e-01
-4.512941572149625769e-01
9.158670433978234604e-02
-2.818095952733005172e-01
-1.830809094253148805e-01
1.217930834159633102e+00
-1.873966284713293851e+00
1.895938976827378664e+00
1.022700886331415093e+00
4.588306554933264669e-01
1.839638652687397347e+00
-6.818155291712425514e-01
9.719187139175204659e-02
8.783948823828207075e-01
-7.231653414825321702e-02
2.149491356760634186e+00
2.025235130422601948e+00
-2.135345501239085397e-01
5.559799812593085866e-01
1.426680122695854980e+00
-2.707623123488458461e-01
-4.378240329519779150e-01
9.588840828105620329e-01
-2.492653097520695304e+00
-6.656179727326283491e-01
-4.489548823399565625e-01
1.153760818692585621e+00
5.372200080906369690e-01
-5.823054265993055090e-02
-3.783760881189518477e-01
-2.207323887214840408e+00
4.857584601270480973e-01
-1.085083725874922411e+00
-3.179487428504904623e-01
-1.761546849289855055e-01
-5.466289781510668133e-01
1.834686836040296143e+00
-1.163211787720975499e-01
1.211105725534048050e+00
9.876109979029655817e-01
1.143693166421977159e+00
2.015403129953670658e-01
1.522889021349523864e+00
1.381964374742672974e-01
-1.357298346780037690e+00
-1.066895299942169251e+00
-8.202062144823580869e-01
1.188924335683384959e+00
4.675374880676936851e-01
5.331865574442925526e-01
2.706475459321926902e+00
-6.876738214984056130e-01
2.188926609018556069e-01
1.503457503514066484e+00
1.435976545430357465e-01
-1.598138141784395172e+00
8.753176731622290194e-03
9.272628592261616953e-01
1.017152784314768521e+00
-1.389366523318966706e+00
-1.876411685284260056e+00
4.489339246649496351e-01
-3.199994445198983128e-01
1.297533160626133997e+00
-7.575257277024360913e-02
2.549778902471887321e+00
1.782996770270626419e+00
3.333211910520439969e-01
1.270451978707125118e+00
5.253219477005844906e-01
-5.943058484105007144e-01
-6.227999184979119418e-01
4.972208441521834277e-01
-5.780137166167306217e-01
-1.001968284791127539e+00
-3.745151188076312754e-01
-1.645185578542834592e-01
-5.842613210489614461e-01
-7.581311009029293446e-01
1.503166186740910293e+00
1.127128000096688565e+00
-1.756286079910899245e-01
-5.565696246712867890e-01
1.022335857986647278e+00
-1.909002531849345097e+00
-7.726458305317043251e-01
-8.293094521309093414e-01
-8.027308840533339263e-01
-6.851983173795676008e-01
-1.956398334883298507e+00
6.688444652229003085e-01
-7.770988165787895419e-02
1.892945970857057569e-01
-6.885552703818630382e-01
-8.687023178212920360e-01
1.978759694164033300e+00
2.297373831662163912e+00
1.933880923523351392e+00
-4.182631297705675655e-01
-1.528923614786294183e-01
9.322492148331005257e-01
1.104972660458808598e+00
-1.069026397818496399e+00
1.470245149937807083e+00
-4.371168973841433880e-01
3.898520662434782902e-01
-1.022079308937630326e+00
-2.935925927776059652e+00
-9.897359305666628693e-01
2.372449901614541723e+00
-8.918931588307453806e-01
-9.692469249786525021e-01
-3.637674223194799494e-01
-2.219631669785284256e+00
-8.424222824685834166e-01
-2.923123039487886266e-02
9.922038019059864489e-01
-1.351239118121093208e+00
1.206775775111670113e+00
-1.236075925154634936e-01
4.770673949122425372e-02
-2.406334350240370290e-01
1.163007273969735023e+00
4.129345969809329608e-02
2.340021354867340087e+00
1.387383750983197883e+00
2.001126437024949301e+00
-9.724217638251406726e-01
1.055806897541234912e+00
5.116024306451209119e-02
-4.653645445014981674e-01
-4.059540034105446615e-01
-2.117749017933743705e+00
9.518198866656574220e-01
1.559534925027138863e+00
-1.489936169616141948e+00
-1.259888373846371090e+00
1.088755650186383539e+00
3.051725182975012496e-01
1.382243587400721285e+00
-1.902479960187376459e-02
9.572383453032379252e-01
-8.567938277443002404e-01
1.320703129792869746e+00
-1.951457799249804559e+00
-3.312666677184363806e-01
-8.233336816113165924e-01
8.011900014312165474e-01
2.816419726950141200e+00
-1.821071442425900022e+00
5.067097913547089494e-01
-9.144479739492258341e-01
1.810699533812590412e+00
8.067388842158539353e-01
1.949211784611395659e+00
4.221862521710875726e-01
-3.037670521650975286e-01
-1.614145519973465115e+00
1.133771719900438235e+00
9.655214892274380789e-01
-6.116556418377554483e-01
1.338240961843859322e+00
5.654586236701751867e-01
-1.736454833576010826e+00
1.166416051043658531e+00
1.538137626230929200e+00
-1.271014303895526831e+00
5.161990817195286629e-01
-1.842056640918640298e+00
1.005189471383586497e+00
2.082249066673735882e-02
5.860709299643070969e-01
-4.266376109829196905e-01
-7.935564865729953787e-01
3.047234794269218158e-02
1.055018234962977974e+00
5.347646147263964700e-01
2.607893700213147259e+00
2.161343032748849757e-01
-2.665346550689728367e-01
-6.200107914108462515e-01
5.172655386405639044e-01
5.195213462220791278e-01
-1.793519869516489118e+00
-1.007596609829543244e+00
-1.511888218531649786e+00
-1.234257349416713501e+00
-1.125223120826008838e+00
-8.013620707211259742e-01
1.553421857138902240e+00
9.613294653056281280e-02
1.851166153973662798e+00
-2.163681851327939609e-01
3.170976676246151094e-01
-1.357336405264441929e-02
1.332549575412671716e+00
1.819135432487725135e+00
-4.375843812462854032e-01
-1.373506399989468996e+00
-2.943558046898372971e-01
1.289248548530258276e+00
-2.036511017270348667e+00
-3.190245621313219537e+00
-1.630452217795806513e+00
-3.750691560956900816e-02
-5.671906869358146475e-01
-1.032684975017447826e+00
3.318027391289010697e-01
6.144081137678518711e-01
-6.580334045817881616e-01
-3.528696680235953731e-01
-9.469405801030670311e-01
4.625002878890046021e-01
-2.048363545434058464e-01
2.594224143492166457e-01
9.157632955732010194e-01
-2.878792267654473602e-01
5.116149760257081569e-01
5.735554634800141827e-01
5.541614025105182639e-01
-2.253063665262242221e+00
5.447544597760632934e-01
-9.470185817763235314e-02
2.821942062503016491e+00
-4.595050383282241468e-01
1.130296140749932787e+00
-1.144504839934239016e+00
-5.408917720276591456e-01
-5.734935530440120610e-01
7.671849761958908775e-01
-1.383793184799291254e+00
-2.803458648556550248e+00
-1.719288846582274211e+00
-5.101818593898422849e-01
-1.017090428962544646e+00
2.734148691240484430e-01
-1.902279198233705615e-01
5.036156723281067782e-01
-3.986350526682868600e-01
-1.162647385952933821e+00
-9.231600021546075840e-01
3.891125816381401092e-01
1.452053682057569475e-02
-1.218773604005611633e+00
7.127595896057997704e-01
1.469307910068478273e+00
5.127532466432249691e-01
-7.964580010692643430e-01
3.166147810063033585e-01
1.974494395078376097e-01
2.541268992447363928e+00
1.697185050705188214e+00
8.155600081418550307e-01
1.881233442873745165e+00
1.094127773406982973e+00
9.803473490263214796e-01
8.542385956639975131e-01
1.715391495631996832e-01
-1.962164273467744899e-02
5.237855415178982454e-01
-4.556799560114648817e-01
4.514385457441741911e-01
-8.008502449374591547e-01
1.703975105726188488e+00
8.568970909487236831e-01
-1.225397432247359308e+00
-7.220742605550247717e-01
-6.596646571506077639e-02
-1.262632506266195165e+00
8.524477312432829912e-01
8.669729627026060426e-01
1.522998757971009365e+00
1.190839135306241969e-01
3.418209371006454278e-01
1.350386548211863491e-01
1.892734866723578824e+00
-7.797023738824410133e-01
-3.248538179016862704e-01
1.005182165872481770e+00
2.313705297389547333e+00
1.124006738451540865e+00
1.787092392314098444e+00
2.904204890747369650e+00
1.886292567783433016e+00
2.260887684412141052e+00
3.898419541049779058e-01
1.197887453005693770e+00
1.876160812557824187e+00
7.711646498811887129e-01
2.111193432201920572e+00
-2.955869471331387666e-01
3.605225648695329355e-01
4.039252323856814750e-03
1.121816059622845474e+00
3.172471363215629281e-01
3.677563272160201402e-01
2.812677870102078814e-01
7.934383178579075269e-01
6.799317688579363528e-02
2.612345043083877383e-01
1.906845988766885824e+00
2.011465008393631848e+00
-2.417572820124519739e-01
-1.657192726043945186e+00
7.664318209169739271e-01
9.608589617133777017e-01
1.108367495271095349e+00
2.329417065283204469e+00
5.233110448305752088e-02
6.929603842371954148e-01
7.794826931230873779e-01
3.088928747684698828e-01
2.668230009140286629e+00
8.512635596994050369e-01
3.159067152757726038e-02
1.693898210798126636e+00
8.974397830894489392e-01
1.885673443086388845e+00
1.151065821985133297e+00
-5.414550553715516967e-01
3.714617124469896114e-01
1.651469677413649195e-01
8.630786545630252382e-01
-1.436177675507808837e+00
-1.493954169218796535e+00
8.465029701218838021e-01
-6.300126431130298466e-01
7.016019601176709530e-01
4.384671064125814643e-01
2.395351790896785571e-01
-6.500467391422275476e-01
-4.430357059288911881e-01
-2.747456707753433425e-01
9.253984809811532930e-02
6.122299508913509047e-01
-1.666034028683889057e+00
5.022785258446350598e-01
8.277172555990517377e-01
-1.265175239520057726e+00
2.576728205803521798e-01
-3.782141545995553744e-01
-9.859833901879047069e-01
1.614553135276929119e+00
5.759628025107055294e-01
1.124511558737001787e-01
1.632014814399204150e+00
-3.805088903961387770e-01
-1.280486423281000041e+00
5.316078957363450375e-01
-9.860630808666388525e-01
8.348524981738894568e-02
-7.716679572487050720e-01
-4.890147735585288480e-01
-2.704982961718946713e-02
8.427077691573505724e-01
-8.494947850318992355e-01
1.433543262445437227e-01
4.285246838154995186e-01
