1.439207865929820862e+00
-2.385468502877347019e-02
-8.104140739882969013e-01
-1.664847764625759563e+00
-9.369477557446775906e-01
1.086592738656134260e+00
-6.873839533481426178e-01
9.349442113624785167e-01
1.198742537973986749e-01
1.621966150058613332e+00
-1.220334499439536424e+00
-1.099908182750848118e+00
1.225251747572645211e+00
-7.107339923040821850e-01
-1.025392984346120695e+00
3.375072322941335412e-01
-1.050024965422896805e+00
1.576813688660864576e+00
1.170448720906672069e+00
4.712407060882217724e-01
2.984549841537696424e-01
1.144497037048930466e+00
-1.746389001490225468e+00
3.758482025201809740e-01
-3.863100601775238396e-01
-3.002279709153414800e-01
3.767648110587202837e-01
1.710834479582896916e+00
2.379723406864910074e-01
5.852559111795407887e-01
9.444843923951053988e-01
1.185660153486022050e+00
-3.941377084627884497e-01
-1.531934974269132610e+00
-3.688218189585374396e-01
-4.973877060459268584e-01
7.154965249344009681e-01
5.880389795998571673e-02
-2.062580083071978432e-01
-3.459373830083503631e-01
2.065666382480392471e+00
-2.784337768062780660e-01
1.291161140079710501e+00
-1.115547824298741969e-01
-1.027520992210143556e-03
-2.263276873173349635e-01
1.198556722799531959e+00
1.776597940009748688e+00
1.423636335860660962e+00
-1.626108587001735550e+00
-6.567128119208750503e-01
-1.225016491402033392e+00
8.661082822088791988e-02
-3.558785615680103986e-01
6.410083375919618520e-01
1.927528656637887527e+00
-1.399758359301433330e+00
-6.071238423214355695e-01
2.567094965451118815e-01
-2.017341002401471961e+00
1.000261623074578221e+00
6.468876840506125880e-01
2.167785574738698706e-01
1.425081646522282419e+00
4.828425933501264145e-01
-1.141974351625663298e+00
9.073744358026614165e-02
-8.469003030824109324e-01
-4.798140361762373018e-01
-7.147052987111686129e-01
-3.718906811958311298e-01
7.699287030083857841e-01
-2.256610619745727173e-02
2.692542052913711736e-01
-5.983649886438189291e-01
-1.524435863967318783e+00
5.994672819332320657e-01
2.751668661033194740e-01
3.067833245293475897e-01
7.628926263565922739e-01
-4.914076867862921527e-01
1.669574555377851821e+00
-5.893507252342286007e-01
7.553659556811399556e-01
2.730918786411573596e-01
-1.569019736696455780e+00
-1.231499760685389022e+00
6.500367965255043901e-01
-8.312695752965286733e-01
5.813384250512729778e-01
1.517864772251957595e+00
1.516580043063675554e+00
-1.311360385877857526e+00
-8.043677913937459234e-01
-2.002313446740298986e+00
-2.448235108487507361e+00
-1.280271594358464826e+00
-2.300373363642117308e+00
3.604496656036173530e-01
-1.989324207717804383e+00
1.457163125815976290e+00
-2.381123229663447916e+00
8.408176576159336335e-01
-1.469415985052401341e+00
-7.521594366065925685e-01
-4.216174545081085023e-01
-7.193660357908712166e-01
-1.538219237331860834e+00
-6.721143069661889013e-01
1.687254249811993123e+00
-2.335658454495012915e-01
2.477184062326049041e+00
-3.075664363472215834e-01
1.003477899127060979e+00
-1.387761333373286332e+00
-5.177317773824655633e-01
-4.904138628106897713e-01
2.142677809615557150e-01
-3.847660468795034427e-01
-9.147131718211248819e-01
-1.575348759668594376e-02
-1.383696529383546814e+00
-2.556516131697363470e+00
-1.082896554701070935e+00
1.049480056378116366e+00
-1.045836093491200769e+00
-5.884980759734320666e-01
1.974629733476633286e-01
1.252412587758123808e+00
-9.242228837571274669e-01
5.742829549184745863e-01
-7.782673984615843255e-01
-1.261267515474806533e+00
-3.249117048567489174e-01
-9.747827893272412725e-01
1.275140736210680137e+00
2.980537394846711763e-01
-1.404130832552161312e+00
-6.678177502952399314e-01
7.060716588814730521e-01
-2.181524968087879213e+00
1.170071482513029004e-01
1.916547534723321178e+00
5.743324282868321751e-01
-2.293179198442587996e+00
-1.520099941280020239e+00
-4.871708415957809457e-01
2.007513422090858035e-01
7.699336172600745876e-01
-2.319836258607063773e+00
4.752759969217177360e-01
-8.604507958813267798e-01
-2.920676564024663469e-01
1.260323048486806874e+00
4.696190258309045906e-01
1.544648066071628412e+00
9.737189791781819537e-01
1.732806591989022038e-01
6.652215825598759569e-01
1.141241460427419696e+00
-2.827311357622437904e-01
1.488587937501174574e+00
-6.543605709563794504e-01
9.645756492573180907e-01
-2.688266053736774186e-01
-6.769982900469572185e-01
4.415578582456036738e-01
3.839001621235260675e-01
-7.237508193069380757e-02
-3.004555805996113604e-01
-1.903539480748192236e+00
-8.332912891273357436e-01
-5.698938224547090980e-01
-2.203479838773979571e-01
-5.608403484210174733e-02
-4.815951809477335144e-01
2.331279257504453306e-01
1.999087010431865652e+00
6.297513299533249453e-01
1.468708916056363556e+00
5.331995344889105537e-01
9.430515751197949825e-01
1.143889145705095478e+00
4.358856981133883979e-01
-2.212808123528508808e-01
1.806225239521327686e-01
-9.874608092487537903e-01
1.157357894706354973e+00
-5.841712181738109577e-02
8.239438772472739148e-01
3.993427563898088728e-01
1.483060233393934446e+00
-2.189515221780439017e-02
-4.245170446256112395e-01
-4.370852125362322815e-01
2.003017705861719122e+00
3.633271630938801344e-01
-6.242633934904608939e-01
-3.242968565012194215e-01
-7.632730820845049502e-01
3.453163221986823572e-01
1.106933334334028629e+00
-1.930499093781038247e-02
2.056522883984745143e+00
1.152787451784370365e+00
-2.958029399336541410e-01
1.020063975070820472e+00
1.249668150709344477e-01
3.905284157597864736e-01
5.187089270280761388e-01
4.458869435879430632e-01
1.817606663930756428e-01
1.141108258937444608e+00
6.340797270881336489e-01
7.770819194586727763e-01
7.821375067244762391e-01
1.355725401654985562e+00
1.298519169888806335e+00
1.485441841203230862e+00
1.933733524103482093e+00
2.361319759410415386e+00
1.858497835020846978e+00
-1.279282363039725978e-01
6.964858004457348262e-01
1.648707870509295903e+00
3.106281676803145930e-01
2.832830754180231114e-01
1.391470444827876074e+00
3.164500155968247297e-01
2.121796512493214770e+00
3.032099845651518022e-01
1.429061886817123428e+00
9.577952093196091532e-01
1.732576281135826513e+00
3.118500468169491113e-01
4.284753664559225461e-01
7.061601552310692309e-01
-4.178969204375836410e-01
3.754467665890110634e-02
4.634675638421323352e-01
1.250559737069255162e+00
2.643209527914377466e-01
2.960457461055700512e-01
2.821319452905148850e-01
-1.247838635610323710e+00
2.925241511889507540e-01
-4.252910736590413965e-01
1.915886287755006023e+00
7.425762615203562733e-02
-1.106473704661111723e-01
1.205854219844477271e+00
-1.320616909450182508e+00
1.201091309396510320e+00
1.120473583568380782e+00
1.196955454279114983e+00
1.287382097339283993e+00
-8.513252749111868134e-01
8.889225726473453104e-01
2.004039290592976474e+00
1.480896329676772982e-01
3.449124507445707200e-01
1.778026210773463012e+00
6.819851367980286350e-01
2.748566748390625092e-01
3.700777627192570196e-01
-7.064415365466296670e-01
3.101831612848103825e-01
1.212509406490874131e+00
9.734786424850474518e-01
5.851877019747745434e-01
8.099235899134856753e-01
-8.462922705333040252e-01
6.545536166215193408e-01
6.605083530222422006e-02
-1.489504797890495835e+00
4.217021869470995443e-01
5.263483198176321931e-01
5.975104357115045284e-01
-1.452886932936945374e+00
-6.166977643971875978e-01
-1.611138821304693325e+00
-2.967140555318744655e-01
8.425727772595739129e-01
6.549428810087752628e-02
1.451291381709955697e-01
3.386557702733905106e+00
-6.930974238965185164e-01
1.078389064576068257e-01
-3.676640409546892974e-01
-4.201241422695964900e-01
-1.192178033331550008e-01
6.381802761815450475e-01
1.088632825557398487e+00
1.081514680506436843e+00
2.022501286801344555e+00
9.235644043627930788e-01
5.094091595338489098e-01
-3.356695370481247997e-01
6.228612223222528277e-01
-1.612067779702973935e-01
8.476095067301991914e-01
1.064600516504667027e+00
1.073011531117833206e+00
3.170772274665090595e+00
1.729440234299134183e+00
2.472836835367027419e-01
7.667834567056204254e-01
-3.978036984196242631e-01
2.026693717871903999e+00
-2.118187326831454942e-01
-1.277204251476676378e+00
1.498592696660910661e+00
3.940269531023546934e-01
1.415594319491238595e+00
-8.004163124672275531e-02
1.608010820737270086e+00
-5.205400715194214989e-01
-2.690722810075663607e-01
7.233789025847432441e-01
4.485778643656709863e-01
5.240525929613912837e-01
3.033195997368949293e+00
3.661936939450313844e+00
1.632933047136500671e+00
9.490957017086715242e-01
-2.768122401134355814e-01
-2.944405216941187731e-01
-3.182138949050998811e-01
-7.851087237800498109e-01
-1.248424195994853658e+00
1.184112835955238419e+00
3.990831879565839291e-01
9.002927511836198438e-01
-3.830053058655780718e-01
-6.648814186759557376e-01
-1.158277983981662818e+00
1.353640648611636133e+00
-7.004853964620165463e-02
1.331313246256180749e+00
7.582909253808167716e-01
-2.470827301782183127e+00
-6.728596674930908961e-01
-1.645485946648877373e+00
-8.233817371629291726e-01
-2.892699609717357401e-01
-1.145570448517576834e+00
-1.492803857053387251e+00
-9.862414029036746799e-01
-6.836374992549484331e-01
9.861733679379701689e-01
-3.031366839684399711e-02
-5.161676866098594552e-01
4.048726926760288780e-01
6.382209539032117629e-01
-6.286696426478441957e-01
-1.102751412060618108e+00
8.511479117865231592e-01
3.344342214801833690e-01
-7.478317863817612876e-01
-6.777353037904168542e-02
-7.669240315813501407e-01
1.454341321736910997e+00
1.724932112540865869e+00
5.584093013891264223e-02
-2.066212106017454794e-02
2.726197384510202215e-01
-9.276961222756367753e-02
2.448561053992062142e-01
-1.793895038841419431e+00
-1.383245048410196298e-01
-2.274834392358247026e+00
-2.116861325800542204e+00
-2.148342233190679185e+00
-9.719184673021542542e-01
-2.403607759639459385e+00
-1.139656485813041575e+00
-5.270148633765638913e+00
-3.382725298985733264e+00
-2.208249557132335283e+00
-3.352533239844670554e+00
-4.978392053874868273e-01
-3.750545550729726951e-01
3.486971495443063618e-01
-1.345371739312193116e+00
-1.414748908135053940e-01
7.440918800329795468e-01
1.111933401849909187e+00
1.166006055877867320e+00
3.876997427116090078e-01
3.053510040027079264e-01
6.487819901229823216e-01
-1.308023361378043647e+00
5.156758305213213767e-01
2.361852679952468392e+00
-1.415010297168647790e+00
-2.164641208726158172e+00
5.251860358364400794e-01
-2.228330619799497869e-01
-2.489566682929243324e+00
-2.522148743294979401e+00
-2.026414725744000389e+00
-8.935162139106824775e-01
-1.333397440012329849e+00
-2.608139499434959596e+00
-2.224262351541020699e+00
1.327301605861720135e-01
-1.125947427426488678e+00
-6.456848123870388978e-01
-1.763822587383611751e+00
-1.772344825123212120e-02
2.001890735120025189e-02
-2.892005954703110726e-01
-6.052594767147195798e-01
-2.351345490467039223e+00
-4.221759791519424931e-01
7.224149376916015608e-02
1.310347591458412175e+00
-7.881538072742910739e-01
5.236428642498885261e-03
-1.207832078878685378e+00
3.197005158393955715e-01
4.655996616832507318e-01
2.976019921728355055e-01
1.055622809376455029e+00
-3.721172085484258374e-01
-8.396309009639859600e-01
2.726238703056809154e-01
4.829730967091590554e-01
-6.465673467370280925e-01
-1.266319072573097504e+00
-2.593139198941393775e-01
-1.542692690538040701e+00
-1.310158261373320254e+00
3.908213558109326913e-01
4.030907080108183105e-01
-8.043286922288329643e-01
-1.686652217130354403e+00
-4.333736385535541524e-01
-6.689248065911693741e-01
1.152831057784115126e-01
-4.995528777953323618e-01
-1.487832791191437520e+00
1.435793196065195509e+00
2.516826595913854159e-01
9.975521987392784728e-01
9.773260474447967305e-02
5.296011328280859215e-02
-1.758519797378171601e-01
-7.303487781449840011e-01
1.028153439939333558e-01
2.315543982608875506e+00
-7.991983780636222057e-02
1.072405213453462069e+00
-1.908734949937977154e-01
-2.497062022503156731e-01
-1.513125694082638084e+00
1.769494961080054996e+00
-1.724179954689440075e+00
-4.157944114859589702e-01
-2.304383781097631978e+00
7.792281280914419295e-01
-1.164691297533817949e+00
-1.392457482183286244e+00
-7.918356272571365206e-01
7.300827278525300335e-01
-2.032338071561583082e+00
1.570505516915155497e-01
-7.892470281492318662e-01
1.884356536110707581e-01
9.060315356442282253e-01
-9.691592824861512412e-01
4.586681387818580258e-01
6.800172764555180160e-01
-5.404664041873026292e-01
9.966635396361527288e-01
1.203983808659494947e+00
-1.323022211941884962e-01
-7.893863270186997072e-01
1.417418981643773890e+00
-1.140012853910356144e-01
-5.589398749563628810e-01
-1.830606690203958886e-01
5.507040360852644145e-01
2.404144154731611971e-01
-1.476385524513137204e+00
-7.496220137662137351e-01
4.291873662016775781e-01
-2.223142629561857486e+00
1.037237772760861043e+00
-1.186660731712962047e+00
-1.063708917901785567e+00
-1.597606780235350854e+00
-8.212941355684226508e-02
4.687724877674318558e-01
-1.311561343812541525e+00
3.084641966219478504e-02
1.690582766507904289e+00
-6.495698032959984491e-02
7.650374116672437053e-02
1.944979222613519854e-01
9.681583554123338597e-01
-7.694933200508714544e-01
-6.048630001895158870e-01
1.282451857289647723e+00
-1.315360961584306043e+00
1.786331543293608437e+00
-1.946198781105472619e+00
-7.124452135315104684e-01
1.340388435839509951e+00
-1.539882336183509559e-01
5.794463252951811416e-01
-1.383205539227703396e+00
-2.793442904059952325e-01
-1.741518021211170497e+00
-4.888379206265087706e-01
-7.715987152567221896e-01
1.070222704901840460e+00
5.304480848933125214e-01
-7.869283836015808498e-02
-2.953631874599593754e+00
-1.215989331662774120e+00
1.962206211503442210e-01
2.842165527624593846e-01
2.538967867833326064e-01
-1.154012874356702190e+00
2.872602058296798086e-02
4.704708562021772122e-01
-7.555515046216312869e-02
5.805820214418198066e-01
5.601672556164077887e-01
2.865721127159988058e-01
2.695223550969806592e+00
1.181043974287317999e+00
1.852167792540965641e+00
5.087730354473474215e-01
1.923015657905451814e+00
-6.005247840337726295e-01
-4.487603457774879540e-02
-4.395197568312282921e-01
-2.817058255584114490e-01
4.955581702429823210e-01
4.161893818161256919e-01
-1.986175234663390521e+00
-1.104913163392856168e+00
-1.094602721698486381e+00
-1.438405999929896373e+00
-8.215302560985696112e-02
-7.496516521914686759e-01
-1.623438899628648402e+00
3.662334365045963325e-01
7.536566549161900497e-01
1.465114689578208340e+00
-1.374286038692688061e-01
-5.236839819803187357e-01
-6.569839226918534614e-01
2.230788479203980323e-01
-8.113067558618560771e-01
-1.149959516170586671e-01
4.416693175143923122e-01
-3.440904122971356061e-01
-6.539281768318390142e-01
1.534359190339287471e+00
3.689472348851398631e-01
2.702232655168336772e-01
3.398972071072426521e-02
-8.348409294949916959e-02
1.515606391513573348e+00
2.341316923403576888e-01
1.255754767266378025e+00
-3.880423620436575932e-02
1.280229277827092726e+00
-1.353243637015418832e-01
-1.125135316926529461e+00
-2.839487102267664875e-01
6.826247294033866986e-01
-8.208266762115483672e-01
-1.205623667668226151e+00
2.760842111297746038e-01
-1.129883560556704802e+00
-1.117161428824910763e+00
8.380860593326155961e-01
-2.015257386127712103e+00
3.505622264258196896e-01
4.699425075486021175e-01
2.493952998902120299e+00
1.358662243066968367e+00
-4.711155932527973933e-01
1.820282655525024884e+00
3.479738833313311130e-01
1.754120374146502570e+00
-6.054050370694143979e-01
1.532807741782143518e+00
1.463271494093436598e-01
1.687619885371757888e+00
3.674661959093086239e+00
1.774077879421614323e+00
2.968421607192156308e+00
8.572393723843965141e-01
1.987975040094884127e+00
1.369115555437949272e+00
8.173635972432147234e-01
-7.165563401365506735e-01
-4.586574424349454948e-01
1.854724220483743524e+00
6.696410967748863685e-01
7.270702923276725071e-01
-1.870222900089800744e-01
1.749397803971370347e-01
7.056253013859603573e-01
1.171384889991593514e+00
4.279918272266623747e-02
6.882079720731871797e-01
-1.972020500794449127e+00
-1.809186503574028992e-01
-3.807825737163257340e-01
-1.725422761099804747e+00
5.128323444625537686e-01
1.197424221147896040e+00
-6.307343007452863581e-01
1.747771222640338795e+00
-1.101378879022856666e-01
6.025193416472736097e-01
4.257479558038497758e-01
2.105971890614805275e+00
2.253324663209338219e+00
2.277844597678153615e+00
4.309419134957055419e-01
3.012436715523941544e+00
2.355482330179195838e+00
1.189556038176292851e+00
2.663497557865089238e+00
3.005264630179753205e+00
1.308930380160804596e-01
2.912375931667755324e+00
-9.531518251912071138e-01
3.039571095442988646e+00
8.638861196180884772e-01
1.813806477054318078e+00
-1.272877518426788201e+00
-1.242524620343254949e+00
1.453037835884318785e+00
1.576526343084461435e-01
-2.588711782030385766e+00
-6.595552227279875002e-01
-1.320533243907898946e+00
6.844036085823164139e-01
6.916857422184163884e-01
-4.486815292314348946e-01
-5.750219729647437772e-01
-7.334156504296146517e-01
5.546113804558447935e-01
2.607653084940427135e+00
2.008624272339556149e-01
3.568885100140787081e+00
1.838424361807647678e+00
2.242854068384096955e+00
1.862715907707580776e+00
4.042310628960065877e+00
1.506204197192262839e+00
8.251357803958889736e-01
3.315028049230360097e+00
1.853843658159266328e+00
1.652090489831615994e+00
-6.843174285138661772e-02
-3.470339843488851050e-01
2.377896519724683189e-01
4.403860788084725808e-01
-9.124482769560260387e-01
1.170991626886880743e+00
1.297385093892750030e+00
-4.214887898232302227e-02
-2.265708747876474527e-01
1.591638730072351127e+00
2.428950568176396096e+00
4.359461880879774744e-03
3.216760654796630564e-02
-1.819544012478325756e+00
1.314859962557805850e-01
1.386995695762683223e+00
-8.101587027460064316e-01
-4.660719237807772197e-01
1.645572094432775634e+00
1.138150544903299144e+00
5.328699293398385661e-01
1.195551947374627000e+00
2.474301242858492955e+00
9.464248300481883369e-01
2.036566971340339816e+00
1.106913510039524651e+00
-4.652463847743790182e-01
5.806184565931167274e-01
1.765440620324936205e-01
3.669565234290843581e-01
-1.075444072735605827e+00
-9.225122634355392703e-01
7.859404431901286792e-01
1.028719106827283403e+00
7.950142945757721069e-01
-8.680253125956339799e-01
3.405291140501056496e-02
1.082316947600593604e+00
-1.203320842227366017e+00
7.322571474407163494e-01
1.480289197135873369e-01
-1.057884154697430468e+00
1.031605528505240121e+00
-2.361116166275707862e+00
-1.335266233159891458e+00
-9.927745132017307128e-01
5.813881260180836508e-02
-8.620752255339769743e-01
1.144235624828401909e-01
1.334175993840762908e+00
7.709939008197044252e-01
-1.040944566970802704e-01
9.379097308463049121e-01
8.492276885532253072e-02
-1.338238226172467460e+00
4.254891613589110722e-01
5.237899839420603332e-01
-2.586411445848234347e+00
-8.364147752505865507e-03
9.438880913461986655e-01
1.489942119292957168e+00
5.774080495996283119e-02
-3.835638694597313103e-01
1.147175107835246344e+00
-1.182190212093604975e+00
-1.901001906932189511e+00
2.355695238760059998e-03
8.146006541386083266e-02
3.870245644672102858e-01
-5.539559014335013742e-01
-3.721046871580478976e-01
-9.352213690555508663e-01
8.643322530919673730e-01
-9.199011549035729374e-01
-4.982939884441436873e-01
-9.239102975462348821e-01
1.676403299508895550e+00
-3.614817036411858697e-01
3.257317032614245097e-03
2.005569367301348827e+00
-1.469045616371645435e+00
-6.196976668168729940e-01
-1.242645828720542189e-01
5.702136737843229580e-02
5.386478786451791567e-01
-6.143576936617544115e-01
-9.056076135007201655e-01
1.653496816883341713e+00
1.616999587042501130e+00
8.282824607059543487e-01
9.061279722080617383e-01
1.247307974714257472e+00
9.311251613075598454e-01
7.739272598905138079e-01
7.254672457980497757e-01
-9.575243301405675367e-02
2.442441571531040356e+00
-1.513201078752587581e+00
1.007095317372971754e+00
-1.755914835734892765e-01
1.509061259372808106e-01
1.589008190747374760e+00
-4.471655453144463555e-01
1.106252710421415042e+00
9.485444280157536712e-01
3.692099894679126137e-01
-5.004648032147641645e-01
-1.096507034935416236e+00
7.328087798273219544e-01
1.181717349688872654e+00
5.462214700371503806e-01
1.640689252469215431e-01
-1.103508084972471881e+00
-2.350237887048682861e-01
-5.213179128504456111e-02
7.152210407968404571e-01
1.470887848481271076e+00
5.584548084029598014e-01
-2.057366735062943486e-01
-7.668984214498812679e-02
3.607917851579658941e-01
