2.259155826018492963e+00
1.526950116759633103e+00
-1.749628397070933206e+00
-3.862342108282940112e-01
-6.976773953631867364e-01
-4.905247875262642998e-02
-6.025473136764057935e-01
-1.023142763679319334e+00
-1.680030584523825032e-01
2.801929328163885527e-02
-3.013062751846561360e-01
-3.608347484528166560e-01
3.750599021293686830e-01
-5.088255866249682263e-02
1.865508408772021065e+00
-1.262259865045101570e+00
1.456526362222426485e+00
-1.875901873491799599e+00
1.326675983548548210e+00
7.974908926270001253e-01
-2.924471479164474363e-01
-9.786253636211392770e-01
-6.545025966236761583e-01
9.081552389397552771e-02
-1.740083511977131292e-01
8.256378738742898848e-01
5.454549797606796924e-01
-1.052028975887289386e+00
2.540105855854871836e-02
-1.016932532880671092e+00
1.106488916440242498e+00
1.841754620718506263e+00
-2.009129649625035263e+00
2.533423408703436297e-01
-3.422944403568672911e-01
-7.202482219496247895e-02
-6.752588971830161269e-01
-5.794489228644681411e-01
-1.331972853873313323e+00
-3.593095972063603538e-01
-2.543142363284776608e-01
-1.457035828694617674e+00
-9.430594536407228556e-01
-1.039003293460245114e+00
1.356106291319284993e-02
-1.039100251089564608e+00
2.170156864010787112e-01
-4.452395407040435349e-01
4.421263707145169919e-01
-2.663270625427900384e-01
-2.750076832401787685e-01
1.394501432835457244e+00
8.785785894149280573e-01
1.707232288117477570e-01
-6.050709366242716936e-01
8.361385399517160533e-01
-1.189017904099014311e+00
7.405360724360270375e-01
5.513219799582125269e-01
-2.310064803221178326e-02
9.889135348268280890e-01
-1.216522411657492864e+00
1.101994732717163528e+00
-7.179194450358464819e-01
5.394982124504651422e-01
2.645908703548153218e-01
-2.102448190785637105e-01
1.431936197990909765e+00
-8.346367066733353379e-01
6.544630171058692936e-01
-1.466311386859724120e-01
1.250327548173915337e+00
-1.041422650591401045e+00
-3.950076466618686055e-01
-1.715622321169639086e+00
-6.042849112369862441e-01
-1.077927543402310145e-01
1.500976778147599701e-02
4.996537045016314904e-01
1.421438439780829066e+00
1.003419392653931430e+00
1.139729575271115181e+00
2.713178130448401504e-01
-2.132820986119074724e-01
-6.971047281516116190e-01
-5.715369561631734596e-01
-5.226884713540578264e-01
2.170596894659229115e-01
9.386923236672849447e-01
9.227404531644998187e-01
2.057027220205674301e+00
1.507939710576143399e+00
1.207591190915618062e+00
2.516761625892355858e-01
9.474950961433663554e-01
5.855876812111237006e-01
2.184175910279142208e-01
1.586398500048055382e+00
-1.051411254565978171e+00
7.813003027480071028e-01
-1.909047343936403074e-01
-1.220099419114774486e+00
-1.943508189961190791e+00
-5.963935023624461484e-01
5.766428558141851839e-03
-1.123937480874492634e+00
2.239416242852232120e-01
-8.576790712638727721e-01
-2.793564334250308590e-01
1.215977796518668441e+00
2.112503128489534809e+00
3.536593449474314393e-02
-7.466842807337386034e-01
-6.231913697602159408e-01
-8.592111967638154102e-01
1.407728116516909544e+00
1.211396589038526761e+00
-4.728554160199083811e-01
-1.982692685162384061e+00
1.398996385662892861e+00
8.683455301457465580e-01
1.041482698699050191e+00
-8.143936888489503589e-01
1.610987490287165480e+00
1.754402531552986533e+00
5.629467443475306802e-03
-7.265179262093342250e-02
-7.238435367154404387e-01
-4.008754306214531438e-01
-1.488344214103032859e-01
-2.390227947895617877e-01
-1.656660847869788844e+00
-4.584703775916066926e-01
-7.198163671918345052e-01
-5.866794670391756172e-01
2.015260025768385588e-01
-9.360371011157577747e-01
-6.105723423717523968e-01
-3.590719795147114257e-01
-1.076490440335146737e+00
9.340825797664162877e-01
2.085621831893515576e+00
5.332135749941652181e-01
1.707997603426360200e+00
-2.717687694428144729e-01
-1.018815738167802909e+00
1.247955058170238662e-01
-4.100804239217096248e-01
1.268959153933080231e-01
3.743487203290616350e-01
1.985546581464299409e+00
3.317302924569122347e+00
2.380989742047164626e+00
-2.537177800403371819e-01
-1.540226331013547556e+00
4.186994489468504055e-01
1.311149060607172956e+00
-6.493096917074143715e-01
-3.713021006334981666e-01
-1.056588380063288479e+00
7.541193458141102202e-01
1.140945202857883478e+00
-1.856911304759023273e-01
-2.485689873284143148e-01
-9.806484939898902908e-01
-3.578422828059859423e-02
-9.439052372920518907e-01
1.436530319308372494e+00
2.302858876802273969e+00
6.598358411058519168e-01
5.496424931682328818e-01
-1.350270238380138765e-01
-8.100515220842234854e-01
-1.089692859734644470e+00
5.324710997179479266e-01
5.824418119653178572e-01
6.682589128978898563e-01
2.698856253982211850e+00
8.528515622143680863e-01
1.009461178979810470e+00
-8.253094099747598777e-02
-2.118430530688625080e+00
-1.688660493803830542e+00
-2.247284563918796163e+00
1.345348310195941588e+00
-1.130610057849466443e+00
2.959665646034789210e-01
2.466956885221567863e-01
-2.136086699402102995e-01
-5.202873859217042041e-01
-2.156501167812773456e+00
-1.387945554603704057e+00
-1.969461684370681143e+00
-3.774777265648023294e-01
-1.812295733539714071e+00
1.544588844491047441e-01
-1.634715736497480698e-01
-2.012115190970297507e-01
2.064907909534239749e+00
-1.609944435372159921e+00
-5.829232469213507795e-01
5.691873279191825841e-01
1.258002929879011189e+00
2.979443843347029941e-01
1.774203144985452507e+00
9.875596043744045982e-01
3.976918826479375335e-01
-2.039110489925742620e+00
-5.657332677868106563e-01
-1.737117363921553359e+00
2.615215691565030420e-01
-7.843646226516504116e-01
1.885960359386348317e-01
-5.099991309773618253e-01
-8.606811168393543321e-01
-7.454430704481285197e-01
-6.748461151122643331e-01
-2.313204614284966043e-01
1.128323381908646061e-01
2.955295746746662566e-02
-7.004090421850139858e-01
-3.280473184245087936e-01
-2.866272323248644227e-01
-1.039241872057892868e+00
-1.118510738044955766e-01
-4.526164988785440491e-01
1.220605257339798966e+00
1.041822167643464025e+00
4.147612167755450052e-01
-6.790595989006450450e-01
1.002871961347995722e+00
6.691565927390231705e-01
7.010835626820419719e-01
1.608098459672249847e+00
-1.105056605145822157e-01
7.223371072348266399e-03
-1.588939853181149831e+00
-6.932626206679534109e-01
6.690571126195503371e-02
1.179492693689453142e-01
-7.850189369728692856e-01
9.459253705428068149e-02
-7.243454593721655455e-01
5.346649401305412219e-01
-3.202697991628007945e-01
3.727941657810903697e-01
-4.885909614580084548e-01
-1.492671761912882422e+00
3.404488795653860755e+00
7.551455152080205346e-01
7.502773937540112570e-01
1.589657091709776315e+00
-1.025965581386000913e+00
-1.763708178571272489e+00
1.742405179809931315e-01
3.613339894315242828e-01
-2.121715469317847269e+00
-2.395914557059803940e-01
4.031933566705471483e-02
7.561744431621277851e-01
1.201560177236059568e+00
3.394731232731985071e-01
2.458322850440142204e+00
4.767849999281985052e-01
-3.209648114482464454e+00
-2.569016068836429412e+00
-1.452617536533387099e+00
-1.103079639440734061e+00
-1.419295093392813234e+00
6.544381595470725177e-01
-1.373499827325402434e+00
1.479437924134135995e+00
3.440635827932826962e-01
1.853234165696007851e+00
7.158518232662458569e-01
-1.150425936499307689e+00
9.553553305428899023e-01
-1.594838673908133275e-01
1.157427266406448885e+00
-1.978171582372265869e+00
-9.267613364701551837e-02
8.972105886524038842e-01
-1.153651198551257639e+00
3.669432831085508440e-01
1.096152658183422446e+00
-1.161405963693712629e+00
-1.431446479664393312e-01
8.934341464810183764e-01
2.512147535294122935e+00
1.750490020742890840e+00
1.087187130293063797e+00
-1.128710061352074856e+00
-1.085126251248691887e+00
-2.495213313217952589e+00
-8.967243211679335468e-01
9.878437355003194531e-01
-2.349945106727245048e-01
-9.099312235468104415e-01
-9.012522481012414932e-01
2.260791585094217293e+00
8.710897433477639007e-01
-6.748849576627371505e-01
4.178734751687958049e-01
1.717843128703425259e+00
9.326182649514359602e-01
-1.122976785696981200e-01
1.133178859645786185e-01
-2.136873227329365021e-01
-1.384224830674648077e+00
1.240653667428950557e+00
-1.555365733390609240e+00
-1.732303523250290356e-01
1.238888087063527488e+00
1.446446541971060595e+00
8.090394088296148922e-01
5.176932563677298926e-01
1.483806679924748684e+00
1.235863243341629669e+00
8.450521023321210246e-01
-5.798371540901325893e-01
-3.678190430849531456e+00
6.907294575272930615e-02
-2.489101474493324417e+00
-1.088566831262914203e+00
-9.637364109157636749e-01
-1.322759937813088094e+00
-8.744653912496150872e-01
-5.018182994105703232e-01
-1.627613123887162061e+00
-1.394531284222628731e+00
-3.176471565999465230e-01
1.328189500414100666e+00
2.147125009936870388e+00
-2.083507536463188869e-01
2.519398241907367386e-01
-1.791367539758674521e-01
-3.182207325299667433e-01
1.380592948506274897e+00
-1.169324584534669809e+00
-8.961737701984727744e-01
5.840421013485095347e-01
4.609565176826546096e-01
8.417784308657637327e-02
3.434575234416444856e-01
-1.540936167462104989e-01
4.262137928581448687e-01
1.534032617501995155e+00
-3.582783823862614736e-01
1.734352700943698200e-01
-1.216798574595661542e+00
1.546668180207363685e-01
-1.083900095025249755e-01
-2.572899287766697296e-01
-1.653015085392488537e+00
-8.028577148966189458e-01
-1.125755028410814207e+00
4.228671944648375591e-01
-9.531463133048424519e-01
8.200355221817973161e-02
3.795153624605082654e-01
2.811012387559526648e-01
1.301796764215863655e+00
-9.098841360716427573e-01
-2.894862673904868844e-01
1.208790157755199601e+00
8.771670975471873577e-01
1.344823662263464892e-01
1.114825214042569401e+00
4.465241400659333837e-01
-1.071535422345558652e+00
2.463102947392347419e-01
8.898922140847469464e-01
2.161607367148997150e-01
6.824305323949748647e-01
-6.362475741812082530e-01
2.040462492187927523e+00
1.355688915753944679e+00
-5.405163548518227001e-01
-2.024245363484464377e+00
-8.894292517115357510e-01
-9.926682469824236188e-01
-7.399128014765654626e-01
-8.747066733146952044e-01
6.328536638833994754e-01
7.882496938849049561e-01
8.898470097247299648e-01
7.011989923741017705e-01
7.949956209947390828e-01
-1.028124703639415660e+00
1.774735484585919565e+00
1.282146005444709136e+00
-1.443562123943903375e+00
9.617440600546690588e-01
-2.039024443790379060e+00
8.698749887212977594e-01
4.783802301318342831e-01
1.446428522369858083e-01
-7.437884052978677163e-01
7.924912572978789482e-01
1.083892875777476394e+00
-1.465119116939261057e-01
-5.805214032803739099e-02
2.963528531932250409e+00
1.998983243749314909e+00
3.169244967852456740e-02
2.596609859396589726e-02
-1.166643158722492801e+00
5.757116872630609894e-01
2.328741107675297073e+00
4.499107305578359250e-01
9.228662456068034148e-01
-1.368847243028290528e+00
6.335642727045143197e-01
1.975471106009727418e-01
1.114996217025300829e-01
1.137219359551437270e+00
4.268792686359842437e-01
1.795564183961759541e+00
6.545650936228898376e-01
1.934260173442364783e+00
-8.960458707024092639e-01
2.222243403101753501e+00
-2.003045705139592791e-01
-2.104161592571201778e-01
-2.896611991672521369e-01
-1.734095044385857154e+00
2.349126639490384694e+00
1.112238403785362761e+00
3.854196786747667719e-02
1.190481746673375918e+00
6.833571472612993691e-01
-6.313673054478019520e-01
1.270758081750534840e+00
1.670590754267812228e-01
-1.052699966184194480e+00
6.593519222301028604e-01
1.343392382094501292e+00
-6.840307851281446361e-01
-6.885570613720890520e-01
-1.560273011780714203e+00
-1.804199300807866724e+00
-2.357030961611849829e-01
-1.114757491674648548e+00
1.711149791400385645e-01
1.388326392873591608e+00
-1.260357821934693645e-01
9.852188774720068709e-01
-1.879959384059724181e+00
-1.920566474774892285e+00
4.449688995502707467e-01
1.891429362758880184e-01
7.309900615775585253e-01
2.074823560707255710e-01
-5.160443879425828939e-01
6.149148740732351959e-01
-1.171704976227106038e-01
-1.119337890073587971e+00
1.329511934132445727e+00
-9.576490771624818210e-02
6.133507164434588432e-01
4.962308658418216889e-01
5.750757768483271137e-01
8.191890763197581249e-01
-7.338335778711712054e-01
-3.805149579983004848e-01
1.044601854582890788e+00
-3.757184521535329225e+00
1.264179651830919848e+00
-3.642790783209963745e-01
-1.646329443988105989e-01
-2.810017314315888526e-01
2.597621184960535068e+00
8.192596792342028422e-01
1.968668925406244830e+00
1.406008439767492346e+00
1.127921525587488816e+00
4.237630701342531836e-01
-4.075782469643906558e-01
-8.419815669499347566e-02
-7.354606669863743562e-01
2.615476983222995155e+00
4.329344644605871428e-01
5.332498377702112879e-01
2.082252494342745897e-01
9.050469954095307079e-01
-2.210650520179103129e+00
7.189240429494218876e-02
1.918508857134408052e-01
1.150541457198966944e+00
1.196886519526239478e+00
6.110120886552827812e-01
-1.762692048069414597e+00
1.133938237191813442e-01
5.575603257977279625e-01
-5.259404423477603840e-01
-8.380183168993294851e-01
-6.873243119150708180e-01
-1.273470962188592015e+00
-2.781046885657809109e-01
1.233833743419581186e+00
3.371937596108528723e+00
-8.678650144836586033e-02
-2.373412893143260760e+00
-9.904769442806247992e-02
5.625528103042365391e-02
-1.662703048025613306e-01
2.896297103831141362e-01
-7.815522100354157509e-01
2.856712418341603721e-01
2.473540551783063091e+00
1.092352787925775059e+00
1.239968819757185203e+00
3.199650941946500238e-01
1.448923160536535581e+00
3.602101797606356293e-01
1.472765529065654277e+00
1.691834112160948811e+00
1.610329575632281962e+00
-8.823374182623165696e-02
-4.178954601807693958e-02
-5.783897974690240806e-01
-1.557742899523974822e+00
-2.491641558843943560e+00
2.904544765804422668e-01
-5.188603938879955413e-01
4.930918580162955700e-01
5.936200793286445787e-01
-7.577687614771173585e-01
3.452567893114716346e-01
1.285494778938236271e+00
3.856390086835477238e-01
4.692348001165407845e-01
1.142996431961397441e+00
1.257951576519653170e+00
-1.175708701895913366e+00
-3.389106043714471550e-01
-3.109898934123381253e-01
-1.757392893057710515e+00
1.235662443237616204e+00
-2.286641761856601285e+00
-8.342424302514370726e-01
5.178364817109671475e-02
2.141378680795068767e+00
1.032571223513320674e-01
2.069776919243884183e+00
1.148386983752489821e+00
1.051423849353833706e+00
1.508387235662479037e-03
-3.689517933954126749e-01
2.103311299078040708e+00
7.889311155474046933e-01
-3.761050880748775249e-01
1.255881019392196984e+00
2.487088221063088189e-01
1.263922460706899953e+00
1.079953446466551004e+00
1.629756737791867138e+00
-1.521426511511413393e-01
-5.942759077645528576e-01
-5.671045885933326813e-01
-1.069784033365377640e+00
5.950285474654095491e-02
1.314786836249934643e+00
-6.534353024296742918e-01
1.399896772892426644e-01
8.317344600687285316e-01
-1.464830858333286079e+00
-2.339117683403585946e-01
-1.269328446142508726e+00
3.770373158167418248e-01
2.104427659882498691e+00
-7.124495803200033006e-02
2.064642472882719293e+00
1.733672253728538726e+00
1.350131958811575883e+00
-2.048365871779022074e-01
-6.943196463846619260e-01
-9.084922745843889702e-01
3.450061594033986268e-01
1.142626710291794856e+00
-1.710935082536498619e+00
1.619840683863256858e+00
-2.414801521605392520e-01
6.278109902325210712e-01
9.913028471204370362e-01
-4.091291806435624068e-01
5.250608736468940219e-01
1.376562124812796273e-01
8.143051059569632599e-01
-1.034984514875452177e+00
-8.254074091044583117e-01
2.073987766021732959e+00
-2.302617812266393171e-01
9.535931038101629342e-01
3.764587368661171940e-01
-1.709212545497481361e+00
-2.211062000450507270e+00
1.333080032844271789e+00
1.393227859569541038e-01
-3.375238460939480878e-01
-8.001934774192175359e-01
-1.580844003513141693e+00
-5.455904759961288653e-01
1.038511043331320494e+00
-2.012997793890732634e+00
7.812790110052074688e-01
2.544700207211714749e-01
2.455611736888833607e-01
3.551461053954131364e-01
-4.802550187524450842e-01
2.040848801234659060e+00
3.997096142660342410e-01
1.153109575979460066e+00
-6.013670235973730405e-01
7.784296328631119533e-01
5.103651152256954981e-01
-1.930904021715071250e+00
-3.593681421448269853e-01
-1.159428537434782636e-02
1.821053881209360403e+00
-1.164676337000118078e+00
-2.789632352638553026e-01
1.825722940628438096e-01
1.166318603517179087e-01
-8.298243332907370151e-01
-1.188656886519258160e+00
-3.148977758746004385e-01
-9.792481936501364892e-01
-7.992373380390134230e-01
2.355841594313293208e-02
-3.096700526468451065e-01
-4.721893445484410395e-02
-1.017555491913313404e+00
-6.878668640098439813e-01
5.480510738241378688e-01
-6.703254094926924811e-01
4.308633297031935760e-01
-5.250145286611163087e-01
1.013181818695297221e+00
1.643084105024675168e+00
7.178620146917928935e-01
1.666624991358021557e+00
-1.377967052132720582e-01
2.227886337147755025e-01
3.615146368380489084e-01
-3.244449560253090947e-01
6.229261776439607573e-02
-4.693214111568169145e-01
-5.469635210129867309e-01
7.780864685648931633e-01
3.315357405614205999e-01
-1.146072614724667371e+00
-1.452711808722199738e+00
-1.180791978278573184e+00
-1.274581565585020559e+00
1.130788988401632000e+00
-7.281182832725453524e-01
-8.818307885733616125e-01
1.554846641196458157e-01
1.854735258981269341e-01
-6.300486609152412820e-02
-5.456158360750688052e-01
8.758213966234748016e-01
1.378305277203270229e+00
-6.787659542325126250e-01
5.025410925293274378e-01
8.698415128778372862e-01
1.066561685189709285e+00
-8.857732036526582142e-01
-4.236340584426271927e-01
-1.449356548301257153e+00
3.816852043511856918e-01
-8.592255214175319455e-01
4.419354005190788415e-02
-8.730538074610778576e-01
1.229940126839669023e+00
-4.684294974467636541e-01
-1.024531105312663559e+00
-2.630990182664847854e+00
-3.572332455346157176e-01
-1.659700151204200447e+00
-3.825975167385890607e+00
1.067915955977179143e+00
-1.936016596354300123e+00
-1.499937949866047560e-01
-1.857718268832463659e-01
-2.641213663750388574e-02
-4.127071668572156460e-01
2.324789086739213140e+00
6.711400637398516889e-01
2.094238784795847685e+00
-9.477432387989990215e-01
-1.274878401931929472e+00
-2.399380361516901539e-01
2.182605032454951299e+00
-1.729998519425262130e-02
-5.729911567318678456e-01
6.268432050147308976e-01
1.798784598576967653e-01
-9.817863506861091993e-01
1.626348389452574761e+00
-3.209117255493418863e-01
3.146035032563729295e-01
3.691626875510631844e-01
8.059793168637922056e-01
1.195825936840361065e-01
-9.325811661976657341e-01
4.850756691302311463e-01
-5.795926993432490848e-01
-1.765911369790048813e+00
5.637468079442750080e-01
2.338379370471275198e-01
-2.877166473297232407e-01
-8.440642264484256030e-01
6.437543275445144486e-01
-3.665361860367226110e-01
1.267626593344256813e-01
-9.758726583703010160e-01
4.108915134919460810e-02
-2.648037634832021148e-01
-2.297302218746530844e+00
-4.669249317979359826e-01
5.579728734615172492e-01
-3.827902215788085427e-01
9.055278035518051771e-01
-8.566549636329608142e-02
1.161290628048063274e-02
7.593765809785621088e-03
1.461157004703092399e+00
4.083865838411702281e-02
5.139551105348711957e-01
3.565351630770326463e-01
4.862259026425047037e-01
-8.538863653197565906e-01
8.705981923774323838e-02
3.276726973398022547e-01
6.220172546178767137e-01
-2.898066639795720434e+00
1.112933913476104264e+00
-9.031286660646446751e-02
-5.492479434753327894e-01
3.191020671011947640e-01
6.273854391347086223e-02
6.588968471494818235e-01
-4.157646300902654302e-01
1.533428567357929817e-01
-6.438499417849568029e-01
-2.191044194090037145e+00
-1.049356621505060261e+00
-1.020474869477734581e+00
1.191477786236997627e+00
-4.025329510209413875e-01
1.270961775746906497e+00
1.998622557043744585e+00
-1.513385176177949099e+00
-4.686293105874966836e-02
-1.808596117481210130e-01
-2.172170799283014708e-01
4.379872635144381743e-01
8.969644519640288527e-01
6.382277530686266687e-01
-5.350098253540210846e-01
1.775778871873083808e+00
6.883629975537092216e-01
-1.106745595463484610e+00
-1.268470203462070289e+00
-1.640564419340355407e-01
2.306721529253475400e-01
-1.821576556844109129e+00
-5.711308855132398721e-01
-4.648742255185039363e-01
-1.433756106186398149e+00
-7.829872456135976710e-01
-4.226446892663587307e-01
5.953758336725820666e-01
-7.316787489605374173e-01
-3.484613897348172729e-01
1.446986486120437898e-01
1.449180678614632733e-01
-1.596370744484916893e+00
-5.035346153525543933e-01
-3.629463350980635106e-01
1.205936551423857139e+00
-7.586529217163884287e-01
