2.397513042384397774e+00
4.445806006868181087e-02
-1.325458885759043914e+00
2.740221573527849563e-01
8.278475410577620375e-01
-4.998130802936125439e-01
-6.695549002380965509e-02
9.895861878482131724e-01
1.802361720217883656e+00
-3.652796610487002438e-01
2.709262254948022197e-01
1.585250622975065138e-01
1.820968452514140634e-01
-3.833124158732299502e-01
-5.872637683289856358e-01
6.321083138320670036e-01
1.643866105010085121e+00
-2.148998990969162304e-01
-1.040301068967564690e+00
-4.736723702933456903e-01
-6.626914269695360904e-01
1.164309828016469650e+00
7.558505966360036243e-01
-3.949832143279360941e-01
-1.505179283976638471e+00
-1.634406780134353143e-01
1.224595546366155752e+00
-1.528916190582990664e-01
-4.066351360568886686e-01
1.068375868474452373e-01
-1.145735794572945387e+00
-6.672627564328426075e-01
-7.903310646611027002e-01
7.163442775976317511e-01
1.050314110334108486e+00
-7.188145299707329183e-01
-2.035350595763130432e-01
1.420806710965491160e+00
-6.907443218179063482e-01
8.142383478188025547e-02
-8.624098993186830597e-01
-7.414958874442223458e-01
-5.066265291199483212e-01
-3.491230106639805486e-01
2.132709886799539767e+00
1.962574822813232256e+00
2.086643341773691263e-01
-4.573766593271842706e-02
-1.021875207315549455e-01
1.382036054585141560e+00
-6.090422051137663884e-01
2.294197142957899171e-01
6.155892422371115336e-01
-6.630762637842086971e-01
-7.995181740339078746e-02
7.723561435686375765e-01
-2.059313236845611517e+00
1.216010871231539614e+00
-3.847093155120786534e-01
2.956620683991335041e-01
-2.068275840794979725e+00
-1.764288766934506647e+00
-5.961190677632709489e-01
-3.075547857531206186e-01
1.278980468091410472e-01
-7.623592465062399848e-01
1.750621486359071666e+00
-9.416055603474998703e-01
9.548339152764850901e-01
9.605138242897599543e-01
-5.333442497820807260e-01
-1.435832758207881144e+00
5.962366257713173079e-01
8.638550804724325349e-01
1.039694390948817659e-01
-8.936348596758231233e-01
6.059385562751277154e-01
-9.350411671314657891e-01
2.197277487380787098e-01
9.466056828158389003e-01
1.025022283783474791e-01
-3.100040577503600514e-01
-8.233203539182184505e-01
-1.953489896943801263e+00
4.919188115041659426e-01
-3.790732153819421912e-02
1.619485017892332568e-01
1.466849440533349647e+00
-2.751403987208548285e-01
-1.781611042779992271e+00
1.317167272112675480e+00
1.901690155744765631e+00
1.844867408794547803e+00
1.052099291304867457e+00
-1.496164960074315209e+00
-2.958807727459472070e-01
-3.725295121993772440e-01
-2.867477980986090080e-01
4.801957387337846828e-01
1.915450958566967121e-01
-1.146004667925345943e+00
-1.778063934408156355e+00
-4.518019626624158458e-01
-3.327977110289809942e-02
-1.018397160038829963e+00
2.109901433939639082e-01
-2.664080127173983903e-01
-2.412432384822601694e+00
-9.872424150131392517e-01
2.438481259736735574e-01
-1.291822864515659752e+00
7.997304640342068893e-01
9.072216397851885494e-01
-8.217673919463421850e-01
1.107402204805197216e-01
-8.714315714889613318e-01
-3.710230457035874063e-01
3.622705750063710539e-01
1.319185003753181595e+00
-1.101551603372663779e+00
3.490268238028783609e-01
-3.107237191868738035e-01
-1.502892575874592795e+00
5.252824326872245209e-01
-7.230916486995633274e-01
-1.672688963635706294e+00
-7.666477303865580906e-01
1.613927309321640413e+00
-6.496568097243460294e-01
-1.694838261387553890e+00
-1.787301716571238597e+00
-1.676006382385807125e+00
-3.677521957964894339e-01
-6.058690827151774760e-01
-4.725384980913541755e-01
2.826768718753157605e-01
-6.514499428915490054e-01
2.134493031369274485e-01
6.129662288082021737e-01
8.031340984546698758e-01
1.343124126389132922e+00
-1.750569936888746181e-01
1.387782391730124409e+00
-3.300090732584234909e-01
8.140361704689287325e-01
5.546805029053352154e-01
-8.434166290623424933e-01
1.534649151371169917e-01
-1.114477682141507220e+00
-1.315567191470267794e+00
-4.170708903672710188e-01
-1.109003206499449945e+00
-1.566402682309251171e+00
-3.311348963707056448e-01
-1.365249392282680718e+00
-1.986137217488501916e+00
-9.485079795845895445e-01
-1.777434242816249732e+00
-9.728152066282523824e-01
-3.139648594141957183e+00
-1.224980202600319368e+00
-2.249555157516295534e+00
-2.763578906149181780e+00
8.104231280944241833e-01
-6.920444637583428316e-01
-1.349309269612516182e+00
-7.018113432123823658e-01
-4.297743804431505277e-01
1.386583922167719196e+00
-1.598187224116064120e-01
-1.096657890115588785e+00
5.546688336705929423e-01
-9.269002464826868459e-02
-1.631599220575935760e+00
-5.389494730887288698e-01
-1.107265078194182850e+00
1.267985926609789482e+00
-4.079600201664950188e-01
-5.550397190503641998e-01
-1.202641437090393950e+00
-1.334994837578236115e+00
-5.570402772657109258e-01
-1.679966990049971853e+00
-2.503928177775495811e+00
-7.776406239891429928e-02
-2.175664626360851450e+00
-8.378326806941461813e-01
-8.274374718487658154e-01
-1.093489576245595618e+00
-3.928467266453669615e-01
1.358456317205739117e+00
-1.625621159442202091e+00
3.271228226247183124e-01
-8.421373214177830802e-01
-1.057854943491901345e+00
1.284229549203550702e+00
-5.169289077820343747e-01
1.674843909435493439e+00
1.893896716771661604e+00
4.467332184530553030e-01
1.464671007115613488e+00
2.673738246731846235e+00
-2.487217795986504498e+00
7.330427918659094821e-01
-9.048974936313223250e-01
-7.344005472903730736e-01
9.129053287879052014e-01
-1.902945597089309993e-01
-7.030136601470708957e-01
-1.090363496011424127e+00
-1.238106232199953416e+00
-1.952970799599275109e+00
-1.032355358169548376e+00
5.254761631639903730e-01
-1.072015946130814745e+00
2.252448941777050462e-01
-1.308980951679918014e+00
-1.126936685820814743e+00
-2.063684390567789295e-01
2.330984015338635640e+00
-8.759759319985661596e-01
-2.347371724913097368e-01
-2.942422269317827577e-01
-1.447790319550078975e+00
-2.873730313479839094e+00
-9.889201588797943421e-01
-2.097772113836845698e+00
-7.137997025095161874e-01
2.768264182489026948e-01
-2.098963022745822027e+00
-1.157110109508290963e+00
-1.453321508049925104e+00
1.462853061370316676e-01
-2.363641511899453318e-01
1.396908312662755725e-01
-1.189852245901058536e+00
1.375367467642836017e+00
3.918883125441266491e-01
-5.738749174705683881e-02
1.533378126481736992e+00
-1.227624774679927644e-01
-6.753175727313645571e-02
3.422786408055582541e-01
9.132629864356895943e-01
3.021486414620738081e+00
1.707870468012689713e+00
-3.173673686986699938e-01
5.427592537923463523e-01
7.996593252606553071e-01
1.972605344949120543e+00
-6.174956390822980978e-01
-3.697661106980915657e-01
2.013804929560206736e-01
3.174995531522002423e-01
-1.186006828827015580e+00
6.453710177067075726e-01
8.896167012178066158e-02
1.524796539117678207e-01
-3.037579650958315280e-01
-1.681941223307504174e+00
-1.683449159665376449e+00
-9.375969176895230239e-01
-1.821619922928574331e+00
-1.276468490025647773e+00
5.467540497705606350e-01
1.298432628001621403e+00
1.009717252369294466e-01
3.303109552522037196e-01
2.666586414855109055e+00
2.113030759215954291e+00
1.989281961077059790e+00
1.580523158733991851e+00
1.448915813397014585e+00
1.049425535178220847e-01
2.239228522126104348e+00
1.018325071380479452e+00
7.193261540325751602e-01
1.548145388139212875e+00
-1.088062239037809409e+00
1.371761600177256124e+00
8.644777857251795261e-01
-3.074807311728191550e-01
-2.970741121080451852e-01
-8.818868111038929980e-01
-3.818222577408079133e-01
-1.251664121712434463e+00
-2.880720881382488052e+00
-2.628711902451800753e-01
-1.342868399949476155e+00
-2.985347912630084699e-01
1.665033210073428194e+00
2.094832843602752792e+00
-4.063199622101039132e-01
-7.287934745660502589e-01
1.694301492560376099e+00
1.534683248709722392e+00
3.079744935957258178e-01
1.159464652397208750e+00
1.999296961770827830e-01
-2.577366038896947154e-01
2.362331279166833387e+00
-6.023937679092298270e-01
1.296474855649529578e+00
7.425843695804232869e-01
2.748401765329582691e+00
1.930673017521218338e+00
1.316718575079400599e+00
-6.634790027041017613e-01
-9.081240532561586642e-02
1.352881538857887200e+00
2.826870344542294911e-01
6.487264251850224928e-02
1.692271488307115213e-01
-7.973875596436519331e-01
-1.567465378167725687e+00
-9.463535825390256839e-02
-3.238570182785724394e-01
-1.194315278099561173e+00
7.370613237919911853e-01
-3.499476174237891590e-01
2.322861618206021328e-01
-5.912315735632419633e-01
5.964120206826391268e-02
2.670972611989971823e-01
-6.688591089929961653e-01
-1.089928332080035034e+00
-1.700323661916658624e+00
-9.281390376493567351e-02
1.950557304983523838e-02
1.482833674414387515e+00
1.240779789389729437e+00
1.361478683972875414e+00
1.310438277500840076e+00
2.488955401105528598e+00
9.726784465221341991e-01
-6.147237615546731204e-01
-9.645733584241771297e-01
3.189419026387658729e-01
-4.195747158045461389e-01
8.776446648808099160e-02
-1.103089203888817371e+00
1.097377884541667292e+00
1.845009847390621571e+00
7.371194353514778363e-01
3.816437943396642218e-01
1.200565244113029895e+00
-1.230016882177565468e-01
2.116483468564449855e-01
6.361616475447392505e-01
2.159575431821089797e+00
1.413957706096363509e+00
-5.413442404027865029e-01
-1.571914988727741047e+00
-2.455870624468412977e+00
-2.274954694084062368e+00
-9.646020748006685075e-01
-1.237570308627631066e+00
-3.415235106679741506e+00
-2.283020449057007628e+00
1.516783028722795912e+00
-1.475296185007195060e+00
3.425300260914398431e-01
2.456859074681914112e+00
1.103075882217960713e+00
3.336658113893118394e-01
-3.948382920551723463e-01
-7.047298891275316501e-01
6.124618938571121246e-02
-1.245385269476009027e+00
2.009525740643962166e+00
8.353011492284166950e-01
-9.272829885294713304e-01
4.747170746464943886e-02
1.865234813743744668e+00
2.265960330105931675e+00
9.655126528857908008e-01
2.182250448368129980e+00
-5.391727222855280388e-01
-1.123503246985104287e+00
-8.665397926355953295e-01
-4.456112063101884679e-01
-2.083872794207669354e+00
-1.845742571338507609e+00
-6.467744522340769242e-01
-3.827962876902482603e-01
-6.498624020098631160e-01
-1.920287037632447680e+00
-1.186109046616853124e+00
-1.604423678843278855e+00
1.735312056489367150e+00
1.128597167463055051e+00
4.190307367000126182e-02
1.907088804724352826e-01
-5.718267257839051432e-01
7.828145979124917497e-01
-1.018790888335765032e+00
-3.013966903670677322e-01
-3.668890809643868961e-02
-2.196785030741306155e-01
3.832103853192967979e-01
-7.400910499523477570e-01
-2.549400522097404753e-01
7.098484673351126428e-01
6.745647739988245295e-01
-3.815549280871025073e-01
-5.575264775178936372e-01
-1.644141630580103763e+00
-2.029672945911956461e+00
-8.798023754917784212e-01
-4.650860217779479444e-01
-2.196780886119706455e+00
-1.284570373670606669e+00
-7.457439763153468348e-01
2.874312252680725766e-01
-1.503567037099049708e+00
-8.605956679910071738e-01
-9.776681415236058159e-01
-2.012742835279935694e+00
6.568488990274190531e-01
1.583949773355773361e-01
-2.103736588949179920e-01
-5.909079389377970282e-01
7.138118391992939182e-01
7.041490113269194273e-01
1.819642001609593218e-01
1.404918130100228257e+00
-2.914415397699155474e-01
-1.150695305742360564e+00
-2.518588638785090872e-01
2.274816973503269446e-01
-1.921425827706835232e+00
6.863636480726701405e-01
7.109977072889541727e-01
-2.373920956207307587e+00
8.474727561531676390e-01
5.115864657099160606e-01
-1.711089577325759281e+00
-1.726373381301964161e+00
4.881071006840652093e-01
-3.645278364721533659e-01
-1.359307514507456904e+00
-6.844448813935122278e-01
-2.981526297722628449e+00
6.990347470107686201e-01
-8.498134397378662719e-01
4.529946658515348612e-01
-7.647982247536513900e-02
-3.163137507628913658e-01
3.297788869334906947e-02
-1.439228741172380865e-01
9.656075822198095793e-02
-1.216479106321207926e+00
1.388149300712016476e+00
1.951491233829906746e-01
7.711936864276373038e-01
4.720768138627061683e-01
2.346969887599357762e-01
1.103323647343074088e+00
-1.057681931783791107e+00
-1.142640974022220535e+00
5.458924206142576896e-01
-4.563495782505059412e-02
-1.306146537753163139e+00
5.997542459937620363e-01
-1.061541284212886432e-02
3.929235730635543544e-01
2.426019485806412551e-02
6.658488432902442966e-01
-6.573078560837096740e-01
-3.936642797013509831e-01
-6.326642551887869947e-01
-3.184255945458508985e-01
7.464008373403312468e-01
5.457088320373518764e-01
1.039336995820708542e-01
-1.061152668876052418e+00
-1.569349135302445131e+00
-2.398111199634816337e+00
-2.431531567629573176e-01
-8.674884590559437392e-01
-9.198900454301802698e-01
7.311263258490344752e-01
1.062632244830125305e+00
-1.525610317874381838e+00
-6.527969238604369728e-01
-8.485181494141008640e-01
7.872630905248882982e-01
5.849473814007396383e-02
-1.100580205112129173e+00
-7.626304887187682624e-01
-9.887972860089680113e-03
-5.594186520541266638e-01
1.995809993048473438e-02
1.566151044062455977e+00
4.229865899538025609e-01
-7.928632999841511708e-01
-3.918659042566816630e-01
-1.487344162493984268e+00
-1.723525192365387149e+00
-1.866507838836927613e+00
4.460563669827210531e-01
-1.411577742323978646e-01
7.445566964698921986e-01
6.927179386380567516e-01
-8.897450666993121926e-01
-3.428463338482892198e-01
2.637154446844640066e-01
-7.529654990937696413e-01
1.770126611897612445e+00
-4.465564829270246561e-02
-1.375117784935540932e+00
1.231686322134178529e-01
4.042682213551405113e-01
-1.457537853199085687e-01
3.945050273484756315e-02
-1.001191028749904843e+00
1.053745869152296510e+00
-7.331740041189900303e-01
-1.739107011226863619e-01
7.250588657207596155e-01
4.269256368649390621e-01
6.618517422168709308e-01
4.400232094975647379e-01
-3.419660630316634364e-01
-1.945773992917831485e+00
-3.925573064497093201e-01
-7.924869993870887752e-01
-7.235720451635414552e-01
6.774113810929344170e-01
5.790007506913651403e-01
6.386540179537577577e-01
-4.470558355045379795e-01
2.627551161485019438e-01
-5.722160849661273030e-01
-3.489130300692950409e-02
1.268832323560635245e-01
-2.185627299206558405e+00
-3.119027576628723430e-01
-5.677031821326965488e-01
-1.057493848920107032e-01
5.457992745587155747e-01
1.005679575599277342e+00
-8.402818543619787750e-01
7.378456479566491977e-01
5.813954289533526110e-01
-5.375091174711700281e-01
-1.550900655094655453e-02
-9.372820551992324667e-01
-7.709086570865232302e-01
6.930939660170866157e-01
6.905700676213001321e-01
-2.959868166350378971e-01
-1.208075075478936444e+00
-6.298949154653614713e-01
-8.663267051780718098e-02
2.405419802887330594e+00
-6.332901225509707244e-02
-6.374306183368453338e-01
-1.206928209194346908e-02
3.326882976460737718e-01
-1.501450913548395549e+00
1.136672563551851756e+00
-1.206651311318778008e+00
4.054762504629133013e-01
7.988059448737613311e-01
-1.261565917143723903e+00
7.615203809534570878e-01
-2.572584370890698136e-01
-4.199453927439740775e-01
4.192294805105274413e-01
-5.391803395926115794e-01
2.217224124737028068e-01
-3.169293003700595079e-01
-9.896789460201282917e-01
-1.236542612505070693e+00
1.199868481951581689e+00
1.081853339521934076e+00
-1.217725965226443691e-01
-8.486968811141405722e-02
6.123239545853947918e-01
1.315371723758186784e+00
-2.248397433901049514e+00
-2.762380562487254942e-01
4.588316521935534298e-01
1.276195135689366933e-01
9.683290585592404520e-01
2.041696760476713557e+00
5.413043963158125083e-01
2.515026711861943487e-01
4.299158535901810851e-01
-3.274106984986798752e-01
-1.412115850089954883e+00
-2.335946090624330118e+00
-1.503306898155277738e+00
-1.481927234678656724e+00
-1.042076630690588201e+00
-4.732725396824033481e-02
6.921107615350682307e-01
-1.890061021113746742e+00
4.648393697461934981e-01
-1.142433124956061974e+00
5.869855552999502235e-01
-2.777972201751062742e-01
-1.095308884748541933e+00
-4.734007062874595606e-01
-1.839034199199317821e-01
-2.991608501719778546e-01
1.300071411767435459e+00
-1.007694215834801676e+00
-4.604921410756387390e-01
5.349915641569608082e-01
-1.816268336556813856e-01
1.247234538115741698e+00
-6.828705552179061833e-01
3.075483498727598630e-01
-9.598955576417563806e-01
2.277837603244875275e+00
-9.814215524320992756e-01
1.117603691799703425e+00
4.499233917667838090e-01
5.271545860136271910e-01
1.348975561593578565e+00
8.758425610582516452e-01
-5.374508888606833734e-01
-9.849089030182965887e-01
-1.112027846827559951e+00
-2.753858600224239339e+00
-8.211538645366881495e-01
-2.012092253288268573e+00
-2.119612348872301488e-01
1.996463510776455008e-01
-1.543699112221771363e+00
1.423640903062193042e+00
-2.052923241967533619e-01
4.540437562659943027e-01
-1.357945747375143952e+00
5.653443087165195280e-01
-1.095412531012235124e+00
-6.512428664127525302e-01
1.059287942917531478e+00
7.138575722568397675e-01
9.576663057420620184e-02
6.039330103959784229e-02
-4.607124758073507520e-01
1.698522389273275923e+00
5.435759158286144199e-01
8.797631260533038677e-01
-9.175552454869233543e-01
-2.563389733383077962e-01
5.136278180940326843e-01
2.185936555536838743e-01
-4.929859118672936802e-01
-1.262646837131077560e-01
-1.066631713969938389e+00
-1.849443653663785936e-01
1.940639873372581314e-01
-3.941474198376897498e-01
1.523940047226462591e+00
-1.520196298158356774e+00
-6.229655873708491720e-01
2.471719204510558487e-01
-2.351213091676424227e+00
1.486912629205122682e+00
-9.722384979228931856e-01
-1.002802512221148357e+00
-2.429011833451206470e-01
7.219624397365390633e-01
-5.703896166414403890e-01
-2.424079654991968813e-01
-5.641097219637487559e-01
2.490830209747918911e+00
-4.234446767623247787e-01
2.072629382763171879e+00
-1.121388390185877215e+00
-6.367161313979537995e-01
3.670260046543105115e-01
1.456089627830702948e+00
-3.382914756124943412e-01
-2.120865805535378179e+00
-1.033690034097303423e+00
3.726729197349154532e-01
5.927965113188060631e-01
4.353510138524858963e-02
2.279263940841981528e-02
2.277432485026645859e-01
-5.049325654545101516e-01
9.422622595608892704e-01
2.178932072421139315e-02
-7.718041985485578627e-01
-8.160071957157860600e-01
1.321813675908228625e+00
7.130052586112619606e-01
-7.143772827972194595e-01
9.377591743895574705e-01
-7.909140504405585970e-02
-8.208362132526817456e-01
-6.585895357971361941e-01
1.158368068199891132e+00
1.268637248132468587e+00
3.600808134316933473e-01
-1.420699624816918805e+00
6.656074941058649497e-01
7.327271458000220727e-01
1.058641735673707451e+00
-1.583769564294236654e+00
1.757834969498996092e+00
1.771173171431273674e-01
-6.970553690332860208e-01
-2.139799930646153481e+00
-1.779360974001170881e+00
-1.211414635006911711e+00
1.132682272793099632e+00
-1.442702772255908261e+00
-1.147823861642240484e+00
4.659287489472880295e-01
1.070157881823196933e+00
3.951191422321934654e-01
1.366883546238274683e+00
5.641269846955961897e-01
4.517809621587395158e-02
-1.049109330459118583e+00
-9.011192711732026739e-01
1.883769324299054082e+00
2.533026551207752108e-01
-8.407351432452776774e-02
4.993336912747172174e-01
-6.395925993243317675e-01
5.167318859056517777e-01
2.251712826708471837e+00
-1.783835414906432382e+00
7.734231764089125605e-01
-2.491193377521944696e-01
4.643390814497206365e-01
8.320095160177939375e-01
-2.552122656531877198e-01
6.709139672655933806e-01
9.281233909417043737e-01
-1.144957689374016985e+00
-3.649698273859773301e-01
6.913088120091017696e-01
-5.274250127215430739e-01
-9.121627185217583422e-01
4.983973579853948621e-01
1.031361857393451542e+00
9.863693362563370481e-01
9.710482414288108821e-02
1.477691235494882127e+00
-1.173282943050420329e-01
-1.378010989436100120e+00
-1.465859582525643523e+00
1.182337722162291271e+00
-5.871656017827978635e-01
8.638101242714872896e-01
1.060357608743492663e-01
7.340834953366182081e-02
-1.732977220291094689e+00
-2.531905843800847489e+00
3.112612731026161983e-01
3.664573401625814686e-01
-2.904812484768118375e-01
9.244562679983101550e-01
-2.251426638330458641e+00
-3.026809888200178156e-01
4.272301632636782975e-01
-1.367672412624797440e-01
-1.059184307384334334e+00
-1.580479314595105933e+00
-9.755316503362025937e-01
1.029379197263784906e+00
1.639447900037797334e-01
8.717757786667275077e-01
3.473956261546132240e-01
5.041963841102232724e-01
5.322756175906753762e-02
-8.179401830369132931e-01
3.663451610697660010e-01
-3.742035247060562786e-01
-8.747854681989765402e-02
9.236354722642597936e-01
-7.845975061069540013e-01
-1.918525667242931609e+00
-1.806017790397968226e-01
1.172652310142485277e+00
-4.456093913790948324e-01
