-4.505401004644406515e-01
-1.379567254491499140e-01
-6.921889595117282079e-01
3.836201531370700968e-01
-1.467789626771526690e+00
-6.155054065203786617e-01
-4.999614497668664614e-01
1.080126145511523195e+00
-1.004046001116409403e+00
-1.878936094911676014e+00
-1.381896175376126079e-01
2.031532513712782373e-01
-6.289087103993210581e-01
-9.351103505301122665e-01
-1.013028971229010589e+00
3.636029948790028277e-01
-1.790105683409152215e+00
-6.335743084177029028e-01
-1.529969956133444775e+00
-1.002348642287162361e+00
-1.462764924887775653e+00
1.396233571840254761e+00
-3.723412345244036387e-02
-9.647102641321100291e-01
2.693813863901877159e+00
-9.532964777824779468e-01
8.247192029719110362e-01
-3.585128414646854833e-01
-1.006037070552830981e+00
5.304155315614018651e-01
-9.775108855524134999e-01
-6.081504233781413749e-02
1.935846098783708502e+00
2.297082455476011198e+00
-8.229634556637922538e-01
-5.345122741038800251e-01
-2.720146132979455178e-01
-9.325665133657371486e-01
-2.604765401471491049e-01
-2.866071557878067111e-01
7.628036421443275261e-02
-2.232544345408178643e-01
-8.058525624767345352e-01
-3.719914760803079701e-01
1.264081427953699654e-01
-2.784873402386435215e-01
5.163904741891115480e-01
1.161587725528106185e+00
5.230229758262030515e-01
6.274536830459950809e-02
-1.502363689368095390e+00
-1.310004790602617097e+00
3.813724179999006259e-01
-4.397192020025159631e-01
-8.331508877981197436e-01
-9.923532642890521283e-01
-6.596481334081243375e-01
-5.574847904847373137e-01
1.295623893463873522e+00
1.297981481749643562e+00
3.922828534036427311e-02
-7.784984905716023640e-01
-3.398055733203139694e-01
-1.255303537925546997e-01
5.202844863111756313e-01
1.198154879136735795e+00
7.759787349818888513e-01
2.575599274062762567e-01
6.302617506194031494e-01
4.189161080492380118e-01
8.537888266008607507e-01
1.372673700257869500e+00
-2.394393144891410804e-03
-3.700121041971748959e-01
1.256173119748454081e-01
-7.576571813123760268e-01
-1.210650154770066766e+00
4.938981313984697197e-01
2.283287504509111887e+00
-6.479232124730757159e-01
1.590795454576507950e+00
-5.572360114712127110e-01
5.254056295182188974e-01
-5.005101443971401443e-01
4.768835708423938002e-01
2.494689528322955874e-01
-9.318516142715980166e-01
-7.040681083246419503e-01
1.085232444740646729e+00
1.306390324600286978e-01
-1.300064330013980918e+00
2.949728803088262352e-01
9.809870153164242934e-01
-5.746974623499481183e-01
6.284500929006590075e-01
9.078384825141134762e-01
2.196081877042872499e-01
1.664303674249244747e+00
-1.069495650254773444e+00
-2.708161331960868168e+00
-2.785552640109431044e-01
-7.537409609356315876e-01
-1.712254793087633731e+00
-3.457659997260177587e+00
-2.280142461902134321e-01
-8.683588405774289587e-01
-9.482135275167954402e-01
1.844519140432208326e+00
-2.461251512703946709e+00
-1.156852080684259487e+00
-9.866284942683403170e-01
-2.371375676882147288e-01
-1.489562511560490021e+00
-6.113222524739017061e-01
-4.788762592014264574e-01
-2.086644416123212553e-01
-1.086820916665660830e+00
1.213430298239587035e+00
3.420876127359736008e-01
1.670842093645848458e-01
6.064785693649800136e-01
1.524646545401983744e+00
1.147062120444766187e+00
3.349110990460509307e-01
1.371964235431114343e+00
2.011708105462439278e+00
1.576244710611019936e-02
1.268190252558018365e-02
-1.828461060188315113e+00
1.485169307069796052e-01
-1.205608853784210011e+00
-8.102881208294501758e-02
-1.802251031514310986e+00
-1.031084127671024531e+00
-1.561136788442819778e+00
5.121695682415323969e-02
-6.566822764685514846e-01
-1.016292122139906551e-01
1.373172798276990347e+00
-1.684011229314088975e+00
5.491733217186040017e-01
-1.219508747099158574e+00
7.698991538234547516e-01
1.511947267418085362e-02
2.765201587779857473e-01
1.293823048695452727e+00
8.702303488708287849e-02
8.508495047154110980e-01
9.582880493889938123e-01
1.028887037695922935e+00
7.973288057827172537e-01
1.098540124794177286e+00
-1.022408848739877918e+00
5.909957058337089730e-01
-5.962050806633868438e-01
2.040906215313900152e+00
-1.400345333313290475e+00
-9.634328471327077148e-01
-1.306584583814033085e+00
-5.514894851348921545e-01
-2.222541528246973375e+00
-2.121454465447869975e+00
-1.627790117965540295e+00
-3.594208308125365625e-01
4.946695412181256191e-01
-1.581488742583187390e+00
7.310525216266214876e-01
-2.392571396828145680e+00
1.331937728205850657e+00
-3.220739672166235690e-01
8.231507251115388613e-01
2.906719405522788513e-01
-2.338639592018784130e-01
1.055844376500595816e+00
1.190729069857875633e+00
-8.509932966136974919e-01
3.099881373145008667e-01
-3.407978074925094216e-03
1.828691933475625309e+00
6.530984415612157701e-01
3.355576701643380733e-01
-4.153389428553430629e-01
6.003410760709740890e-01
-9.759443315379798811e-01
6.046998562518551834e-01
-5.467727127342656424e-01
-1.586352915521395124e+00
-3.681513066495373465e+00
-2.310957685561070729e+00
-1.407119264058253494e+00
3.361761717239520469e-02
-9.869604194291377031e-01
-9.344031671413888240e-01
-2.146494394256505345e+00
1.342018371421487943e+00
3.244019474246531698e-01
-7.170979152188653449e-01
3.851945309779835624e-01
7.639470194030641148e-02
-1.855303155354071976e+00
1.142446561506744285e+00
4.105536479096269509e-02
3.292045165006762808e-01
-3.960038434851056444e-01
-2.037641794163862041e+00
4.444429619027990275e-01
-6.059216877234716719e-02
4.447542955950440358e-01
2.565437700874060312e+00
-1.304864130579464820e+00
-9.317258402171090248e-01
-7.986773903112397432e-01
1.169795744305264673e+00
4.683877318172280924e-01
-1.958684460871755073e+00
-2.657715222135072608e+00
-2.796132623600306566e+00
-1.939703518084697320e+00
-7.069461066895166290e-01
-2.185168899321186797e-01
-1.944491568204376852e+00
-1.265134388745935201e+00
1.043898044050627139e+00
-7.717677568504288654e-01
-2.068018597009337600e-01
3.904671080022827367e-01
-5.140461936068871918e-01
-1.306833037983516910e+00
9.110175364891902605e-01
-8.220039299562029167e-02
1.580331784716793697e+00
1.388913215900583920e+00
-5.258652785675670821e-02
-7.343687342202681601e-01
-2.079321492265543636e+00
-2.431898215419287801e-01
1.191940296478244621e+00
7.489140054392880996e-01
2.773636556962458144e+00
2.575742212819902566e+00
-1.056777556544739927e+00
3.589027218808288899e-01
-1.788296665384277562e+00
-2.716508177041609962e+00
-2.322518638034726024e+00
-2.793853201435382072e+00
-2.846248085012431872e+00
-1.143785020594369151e+00
-1.515118230219082873e+00
3.978998451949168347e-01
-1.957663888918214967e+00
1.988341718088152410e-01
1.232665432379220327e+00
-3.591307114123417632e-01
-6.375600747222081033e-01
1.668250881787270183e-03
6.413246467925215466e-02
6.545234498494398867e-01
2.299389160049340464e-01
-8.002908132797278418e-01
-4.360561177258676646e-01
-2.685237241018302079e+00
-9.123880828945303278e-01
-2.911037064923243101e+00
5.728834002339839443e-02
2.681797469062648265e+00
3.336456711768805761e+00
3.960975383547083783e+00
1.188203438255163613e+00
2.580423951303013386e+00
-2.863901111325328763e-01
-3.059578720141620245e+00
-8.961754385756919294e-01
-1.800146147993851642e+00
-1.798254523013099737e+00
-1.675195522231813339e+00
2.506496935295566830e-01
-1.037462750499380304e+00
7.001053952704399119e-01
-1.485379586937227159e-01
2.196807476207411902e+00
-1.272121075616455543e-01
-3.155187356988227720e-01
1.735426835631500575e+00
8.920172680806923715e-01
1.313949354160921956e+00
4.422878538953435856e-01
5.970201868050584171e-01
-1.991099791507568773e+00
-1.477132456284663276e+00
-4.846500106229071902e-01
-6.640821241741249326e-01
-6.419068004485034562e-01
2.496714035528273978e+00
8.492917951470323468e-01
3.497096160705738477e+00
4.344854609812937724e-02
-9.500096444949323038e-01
-2.181067077193794557e+00
-2.618295124133266594e+00
-2.915760386169925944e+00
-2.565660187873095133e+00
-1.531765769178837333e+00
1.840563569688130063e-01
-6.515499044874560886e-01
1.070200460953480315e+00
-1.119902113217596668e-01
7.259484776607278977e-01
3.167736029303929723e-01
-1.864349715038819522e+00
-3.694447216366357756e-01
1.808230523501419551e+00
-1.210424917801971256e+00
-4.997738768662747799e-01
8.865927187807674803e-02
-1.444527406710960138e+00
-1.117294946575650094e+00
5.539422114086833826e-01
-1.718799883990053123e+00
6.584755140393533379e-01
4.086073133586242724e-03
9.605761392846132729e-01
9.965523460824629032e-01
1.806258115916750784e+00
1.600058840949573735e+00
-1.546276057980257468e+00
-1.634852414114749575e+00
-3.282198149000338905e+00
-4.301965527308167225e-02
-6.231293431475998235e-01
-6.296961562377960675e-01
-1.115302330712529821e+00
-7.160847079237646629e-01
-8.776044673790137640e-01
-7.297875687696776525e-01
8.595403498526797970e-01
4.117971823854892771e-02
8.083318938488133487e-02
1.125575033932821656e+00
-1.945617460228421747e+00
-9.346671926733696179e-01
2.887475698520877709e-01
-1.142830563724074766e+00
-1.436184324304548676e+00
2.195998632027428010e-01
8.642569390179235533e-01
6.201875563131098446e-01
1.378532035236979647e+00
7.467941100986610903e-02
2.069088469665126606e+00
2.132088595349053595e+00
-5.431337855530373737e-01
7.379113732204664045e-01
-1.156811833228762465e+00
-2.337207298054683857e+00
8.010209202153274477e-01
-1.239238695155593151e+00
-8.088853179775408186e-01
-2.591712294376370962e-01
4.280914978157788764e-01
-1.096025558568110569e-01
-1.039671223916528303e-01
2.357914364580618649e+00
8.068986380681344439e-01
4.788180760934148683e-01
2.193280456166546155e-01
5.186319254491563724e-01
-4.576535832215301025e-01
-1.684665213082008339e-01
6.340911568303528867e-01
-1.160187409001630865e+00
-2.300051727304263771e+00
7.308614217990588857e-02
3.270550533422897366e-02
8.830864272300630313e-01
-1.771712891103611298e+00
-1.679676486004329172e+00
9.029557079908622219e-01
3.351843013287052031e+00
-1.394704477907278362e+00
9.320939001988992612e-01
-7.383707109849425576e-01
-1.322138019715651147e+00
1.996589353887242846e-01
-1.687418843264908430e+00
-1.034212953129655999e+00
2.029034111850875621e-01
-2.796978439609709710e+00
-2.075175654896158906e-01
2.661028524460870570e-01
1.525082770752411054e+00
1.307963963256885132e+00
3.374740695822026071e-01
3.729097393198404498e-01
6.444535154099625407e-01
5.567157731880846283e-01
1.435245550631109035e-01
1.519270222356049749e-01
-2.427446995895501836e+00
-1.030518959990497585e+00
-6.137153982014300624e-01
-8.957965034459521858e-01
-4.044023932329357529e-02
2.245705300715503117e-01
5.810675418241096901e-01
-6.954267647220974125e-01
7.633810109914567210e-01
-2.401362160956987124e-01
8.529617536884120943e-01
-3.147979095738321575e+00
-1.737095305261754596e+00
-1.028912088588406659e+00
-1.824001338652874726e-01
4.787690295608974800e-02
-7.054190895290716190e-01
1.058804285194922423e+00
1.931136658905497905e+00
-7.615667837148462072e-01
-1.295103763442310596e+00
-6.385392528739964879e-01
-9.887872701674716991e-01
4.368207772967486746e-01
-6.133297832911646097e-01
-6.733166387103690642e-01
7.568436573421086777e-01
-1.249734833135906914e-01
-4.111845835962301132e-01
7.918082909832168115e-01
-1.180833701377079104e+00
9.116662552675338857e-03
-8.677744661797968939e-02
-2.356505496926857290e-01
-1.282480463082720235e+00
1.143722298920685221e-01
-4.212893279467190832e-01
2.653412423754732075e+00
5.614896310529551293e-01
-1.234573626397303725e+00
5.468257106516178911e-01
-2.019166026101401279e+00
2.199427561799639497e-01
1.600459093333985727e+00
-8.214491333957483210e-01
-4.324801145628772714e-01
4.123990695718521282e-01
1.205051854717115595e-01
8.364218403411914637e-02
6.848155025619498959e-01
1.972463592200728755e+00
5.551119487217867077e-01
4.625581478997188856e-01
-8.151647029172356396e-01
-3.832645099833975610e-01
-2.659177485290149523e+00
6.584806807616723212e-01
-1.136066559499825823e+00
4.547987706534631358e-01
-1.583953179683210699e-01
-5.015520199662879541e-01
6.115444965741101413e-01
-2.535835542328813696e-01
-9.563457346898299738e-01
2.699990413427061364e-01
-1.997921502213603651e+00
-1.266669023567338126e+00
-2.764284645287214737e+00
-1.036030468505436952e-01
2.073833891354711856e+00
1.232370585197516633e+00
-6.334764606685572286e-01
1.575663286264263663e+00
1.529356211992934700e+00
-2.057811999386826296e-01
2.022029804672560882e+00
-4.259467111926925620e-01
-2.698388706305847151e+00
-6.734898201001713325e-01
-4.169526208337528406e-01
9.251572168333385138e-01
-1.288797275296956535e+00
-7.139850508699218112e-01
2.360961624781566515e-01
1.264792109043988866e+00
-3.712399693508254273e-01
7.325926721149488285e-01
-1.783814675136795369e+00
3.821674999569740216e-01
-1.258823695312784485e+00
-4.897953170716004556e-01
2.362696962032271031e-01
1.433630721997685820e+00
-2.555066762300783889e+00
-9.217985159166073306e-01
-3.002050114038160022e-01
-8.303793318503053245e-01
8.863368203152816038e-01
9.517849179072221943e-01
1.908413767606656153e+00
1.384635056661985830e+00
5.273351319541148552e-01
-1.930220268719699470e-02
-7.289324431110354441e-01
-4.466488286721287393e-01
-1.178448689095290547e+00
2.223646287264443022e-01
1.400270814348910875e+00
-1.436156876648989389e+00
-9.317945770084342660e-01
-7.397945277936963659e-01
-5.717044194214743191e-01
2.410540959216701529e-01
-4.882956957015054389e-01
1.072236370164139752e+00
2.617496202117594040e-01
-1.169632468587931684e-01
-1.826268661453458009e+00
1.521854048645050195e-01
1.637620877515733708e+00
5.558282365706813666e-01
-1.708659724112711054e+00
-8.421011613735725210e-02
3.581992628163896408e-01
-2.699252475833325282e-01
-1.634162641967266127e+00
-1.482953842859828508e-01
1.245933851462755371e+00
1.737760475167497098e+00
7.783255620836206923e-01
8.823649822478004667e-01
2.207377235167904406e+00
-2.048951272310202132e+00
8.012812304580425593e-01
-3.721700658125122740e-01
-1.108776087548349443e+00
-1.077425534529803386e-01
6.523873088190797025e-03
-1.111427691078416435e+00
-6.190920815830300850e-01
-2.719282772900152301e-01
1.621773588777368214e-01
-3.531442697523484719e-01
-1.354501970266592359e+00
-9.948249176143090233e-01
-1.423580143480570603e+00
-3.195814969573039566e+00
-3.493697694618108640e-01
-9.729504394388496236e-01
3.142248923899835789e-01
-1.442314208989793345e+00
1.521152409307983955e-01
7.316868185917861922e-01
7.718753627722406696e-01
8.667845842686867641e-01
-8.703309709393285409e-01
1.186227210685205230e-01
8.002536842462986133e-01
3.347025497985954279e-01
9.573866579534845433e-01
-2.097477822285424287e-01
2.776988896391240358e-01
-3.673439259318464489e-01
1.817349496825270583e+00
-8.802715117233361752e-01
1.792687959134129594e+00
7.866416133675385725e-02
-1.639882210828451869e+00
-1.891968915464470991e+00
4.868659368745841820e-01
-9.373806868903581391e-01
-1.792286520475463885e+00
7.333137101939586344e-01
-1.003391586031570082e+00
3.904582277830576098e-01
-6.006576678287010029e-01
8.761604013327511931e-01
-1.116771593829104514e+00
2.034297607669471042e-01
2.816494549467523645e-01
3.875018329296537889e-01
2.156950529718612009e-01
5.185759147723152385e-01
-6.203487749324455569e-01
4.518373593521009535e-01
-8.517354035485739938e-02
9.049064855456936396e-01
-6.013864249156074537e-01
-7.284549361735648265e-01
-2.095857989505190311e+00
-2.443608130835405734e-01
3.911100294165469754e-02
1.572391196902949428e-01
-9.958734100728923802e-03
-5.833550033745897867e-01
-1.200152761170354188e+00
-6.642650201447275471e-01
-1.329015953501125669e+00
3.116735258780344853e-01
-1.066131253510641752e+00
-7.943556499549280225e-01
2.301540917669726127e+00
-7.266961020610688271e-01
-2.204257795282715371e+00
-5.734740694715262377e-01
1.869652458030601067e-02
-7.122062970409681615e-01
-1.184698502009558174e+00
-5.745282928075325923e-01
-1.013334862931587255e+00
-3.721999597021946604e-01
-2.344264037595701566e+00
-1.636131967633319695e+00
2.189348760735526866e+00
8.687025961938359409e-01
2.261794883645926180e-01
-9.873840681402401565e-01
-9.730200090056272400e-01
4.786487214472457397e-01
-1.804612278106975110e-01
-5.939490502853229659e-01
8.341428731188765822e-01
1.330690636772066782e+00
8.472482100465977828e-01
1.697140553333921220e-01
-1.419940588451274355e+00
2.954285137106713033e-01
1.693452344141166410e+00
6.258254577739836844e-01
2.255504083268546761e-02
-1.372084350945342646e+00
-1.973570880991182719e+00
-1.269226604021133353e-01
-2.503139079730630767e-01
-1.267946174324046771e+00
-4.476817450799660536e-01
5.261996499458031495e-01
2.346148664969137931e-01
-8.880504334449838000e-01
-6.284282383586713427e-01
-6.812810523585562938e-01
2.065946967281103719e-01
1.531402268185914961e+00
1.358299251942048258e+00
-2.811940415426683604e-01
1.983185884623244188e+00
5.475368477291013836e-01
1.194871476920766007e+00
1.635555917112224700e+00
2.897898357735221864e-01
-1.027948798538104391e+00
-1.614161472189992841e+00
9.838773985718995974e-01
-2.902281003856954644e+00
1.985671766321979836e+00
1.096753859710668799e-01
-4.871835389254046134e-01
4.159796490823303716e-01
1.454072647502512583e-01
5.595932699758080497e-01
-2.461675846127941103e+00
-1.179662768857785426e+00
3.085601147727091986e-02
8.453108615010874738e-01
7.572040715337877148e-02
-1.310605041766720991e+00
4.380369826395090205e-01
-6.408726164755004229e-01
-3.958106788602135939e-01
7.378098722241405172e-01
-1.140599226673150834e+00
-1.006470267097163029e+00
7.675611225978303809e-01
2.027642386117786355e+00
-6.357852446784659217e-02
-1.514528353396592530e-01
-4.478859908802831913e-02
-1.929228057527836881e+00
1.775547335458258047e+00
7.036846863633442473e-01
8.898253670838680851e-02
9.633663708345570342e-02
-1.763475071668590966e-01
6.993617039847054295e-01
1.771238949635478566e-01
7.575957238372512670e-01
-1.122586471768475036e+00
8.038563954464847949e-01
6.239504390975252335e-01
7.136527701541784952e-01
-2.155996766286243371e+00
-5.885883133234435238e-01
-1.604100791348035404e+00
4.343996604100894277e-01
-7.939090187546584687e-01
3.528235942306453543e-01
1.031450801490323421e-01
-1.710593730040627758e+00
-8.178848942669636468e-01
1.387384667384244485e+00
-3.811462806683894589e-01
-6.225730776378728404e-01
3.863843566444383759e-01
-1.797083254810544206e-01
6.172558025626713185e-01
1.506400893490167148e+00
-1.310021968320147723e+00
2.520148091581289496e+00
1.237971164466290297e+00
-8.272626570763271792e-01
-4.921464262124068956e-01
3.519579550371131349e-01
-3.674804860674394380e-01
1.074287671483895368e+00
1.414417867233987547e+00
-3.575406273323668560e-01
-5.647153256874481997e-01
-3.845805785013182709e-01
7.851596682392391058e-01
1.710109895968199914e-02
1.131420191079197890e+00
1.297826718602471230e+00
-1.022569790032286541e+00
-8.086171531710818483e-01
-6.572167956953779422e-01
-6.860536835026304070e-01
1.974838900356852500e+00
-5.685857498539753641e-01
-1.290573766079450568e-01
-5.316706649485108960e-01
2.272089232602296782e-01
-2.715133401116334375e-02
-7.168597766659901005e-01
1.167080821517319844e+00
-3.064966757017187349e-01
1.984601116973296608e-01
-6.729797246321506110e-01
2.041462003806807438e-02
-5.174661839420184595e-02
-9.986315244873066321e-01
3.224004654053206909e-01
3.255817641617185232e-01
-6.997139651690170714e-02
7.259368235964659410e-01
1.036674672641992201e+00
-1.670529335211633493e+00
-9.067021671800519211e-01
-1.346849913007275079e+00
-2.231090396430464862e-01
1.480303201592748863e+00
-6.233947581700769458e-01
9.851806101794455262e-02
-9.686758946356658351e-01
4.945054972310542474e-01
1.781189450848795763e+00
-6.913837299773809564e-01
5.096248702754526683e-01
9.277748886803068862e-01
2.860861447901830723e-01
-1.120100225214098355e+00
1.303674731338302140e+00
-1.396063527928629977e+00
-1.572121671356155881e+00
1.454238364604745204e+00
-1.494950065474254908e+00
-4.422807921702643363e-01
-1.245873827869500072e+00
-6.850539046635277796e-01
-1.247145308275572795e+00
-2.464605292955497073e-01
9.363691791492820826e-01
-1.592868122867356906e+00
-1.962365858283211806e-01
-8.763326965309053279e-03
-1.821848737515769034e+00
1.136147253851280237e+00
1.329227804611160524e+00
-3.693620575738788131e-02
-1.918150297875950427e-01
-5.645309230142395718e-01
3.349892483078673044e-01
-6.683692101736703473e-01
2.312889633626355468e-01
-2.301618124576810587e+00
-1.340069001803562143e-01
2.466702051716471167e-02
