1.301339852157443744e+00
-3.379071163838961223e+00
1.613408626946349234e+00
-2.034304626923779669e+00
2.433965569290066799e+00
-3.320364430438559999e+00
-4.045565115681076129e+00
3.755918213360654789e+00
-4.110909455492065767e+00
4.888415068278053610e+00
-3.767374946260391155e+00
-3.487177144374354887e-01
-5.404536600779445088e+00
-2.350140493488372950e+00
-5.018571255038073886e+00
-2.354805172135966185e+00
-1.933066874080401121e+00
-2.345878490230560942e+00
-1.062303246831831860e+00
-1.068866828936205771e+00
4.527248180492042806e+00
2.958480041452640652e+00
-1.586988305402093014e+00
-2.940071163680058053e+00
5.281808703321810849e-01
4.510245560445402369e+00
8.746285277332208064e-02
-2.280023357028956976e+00
6.959714869241383717e+00
2.894696434556804476e+00
