-1.290576575376958024e+00
-1.698967785197529334e+00
7.609318197840631015e-01
-9.924488931999673191e-01
9.966803301269511195e-01
1.285658377701239585e+00
8.530301240843031207e-01
-3.536841038601286069e+00
-1.996823701650571214e+00
-4.084835295267223998e+00
1.272029052697248197e+00
-5.265926635746803974e+00
-1.371853335471448609e+00
3.679739065897315697e+00
-8.003502069453157119e+00
2.614379559392848051e+00
-3.138334345678357895e+00
-3.992458399338976616e+00
-5.870292262546462858e+00
1.150703209074524391e+00
4.475921731591275154e+00
8.917633776339292107e-01
-3.730564741639925685e+00
-3.410677691672752587e+00
2.592605996440162652e+00
-1.111365787304311459e+00
-3.213872538980024451e+00
2.777225417460857382e-01
1.094668699452480354e+00
-1.146159095810301946e-02
