-2.952168724016502210e+00
4.955075311604147714e+00
1.149057254959104268e+00
6.308796211562921918e+00
-1.290493992524796685e+00
3.938599460052584877e+00
-5.686629377031670707e+00
-4.403977946316308123e-01
3.997707615839908857e-01
2.462954476833411066e-01
-2.971317193733177264e-01
-2.333439654987949030e+00
-1.068537851042623998e+00
1.172887212998728002e+00
4.898848441216654415e+00
-3.184713937292717567e+00
-1.625445948508567717e+00
8.450914100415759522e-01
7.829663772618197237e-01
-4.805389406035896371e+00
-4.000171711050108492e+00
2.850309442876110655e+00
2.575522375444800893e+00
-1.121174408219312824e+01
1.990614431207945012e+00
7.471064375278428649e-02
-4.268373890972662288e+00
3.046629037596033651e+00
-3.887883313212414094e-01
1.489200818421293038e+00
