-4.177381536831838993e-01
-1.054436668078414741e+00
1.613781159520645714e+00
-1.251457641155397926e+00
-2.494189604171125341e-01
-5.005594163437909749e-01
3.218252879157713076e-01
9.080734376232867389e-01
2.633074879193515461e+00
-6.870599052973213050e-01
2.185485627865043856e+00
1.135972232168395823e+00
-6.026296934587483944e-01
1.162968740884092300e+00
-1.221023945519176035e+00
4.228274298608398207e-01
2.239339187243257534e+00
-3.043016398493177399e-01
5.681088170167986062e-01
-1.391756474177247016e+00
-5.105695430933262502e-01
-7.378491117270415955e-01
-9.747223882517246085e-02
-1.983152240744017414e+00
-9.737593367303057357e-02
1.165955069934062338e-01
4.012680471547612759e-01
-2.584769536716458593e-01
1.148095224331106223e+00
3.824717223426809544e-04
-2.090071684644395980e-02
1.682241605566701770e+00
-1.574560362643701916e+00
-1.633359948305149079e+00
-2.212841476515904349e-01
2.884342981104720538e-01
-1.535686776725009972e+00
-1.697511879402706370e-01
3.970585425388449829e-01
1.677209614085192757e-01
-4.051359537354054519e-01
-1.686107693549791398e+00
-7.679578766939045842e-01
-4.376836111513190269e-02
-5.476010785803674397e-01
6.229005274928051117e-01
-1.320754074948561341e+00
1.143927887557052658e+00
-1.883434714924355768e-01
1.443209238255165894e-01
-1.598495020735059891e+00
-8.282836729042323265e-01
1.030713657314826115e+00
-2.698819367684123227e-01
5.783369529536107612e-01
-1.261478770554622930e-01
2.072803962850629844e+00
-4.256920962711328027e-01
-9.981845810984690814e-01
1.459121360317078731e+00
-7.263420736637824504e-01
2.655211929016074723e-01
2.177581528595346150e+00
3.570332678350206512e-01
1.468291777503533790e+00
4.841209981511835486e-02
7.936070976095900287e-01
-3.496760857258454092e-01
-1.643243532555338726e+00
-1.273306127647291230e-01
1.462422305569125669e+00
-5.370598830992199257e-01
7.691303754654352787e-01
4.959470797811015297e-01
-4.907403806653857781e-01
3.443581422837950767e-01
-1.047527148668197551e-02
-1.707841241785615638e-01
1.448753690434024577e+00
2.057634479200383393e-01
-1.218480317381135380e-01
3.187813531014460633e-02
-6.284590591378497182e-01
-2.781368314714132151e-01
-1.798456176150755315e-01
2.074563499886626694e+00
6.954050851284218071e-01
1.107945539837205340e+00
1.806060066644595397e+00
-8.556681810442015035e-01
-2.732082507865760124e-01
4.613251522037695729e-01
-2.370059138221455863e-01
-4.563655507536044098e-01
1.770172697792522509e+00
2.116041849440737643e-01
9.080104308951805203e-01
-1.183447939002088667e+00
-7.140769440423559988e-01
-3.686053626845476466e-02
-1.119652090484383328e-01
5.101248402054333608e-01
1.261494483794361354e+00
-2.165540938724934694e-01
-1.101557640048076658e+00
2.547250430116054232e-01
6.395071381838272895e-02
-1.757208086653524681e+00
-9.299254842324089498e-01
-2.287265994481876064e+00
1.014444663326348417e+00
-1.164702786681590663e-01
1.114710327492191011e-01
1.607301755719093173e+00
2.493808917372984935e-01
-5.542320542204959288e-01
-7.051486603684045118e-01
-7.900844067990694941e-02
1.264836068600896368e+00
-3.269883302099925726e-01
1.214794700835869046e+00
-2.832786013694346683e-01
-8.631926571664361170e-01
-1.005952812581427880e+00
1.644256264071076057e+00
1.560686697796556111e-01
-1.808360692518616308e-01
2.255066213453273516e+00
-6.005625294369318912e-01
-5.132981061530598188e-01
3.932036786090210567e-01
-2.158020848439768935e-01
-4.514035740601108349e-01
-7.847057674338029157e-03
9.464848135241515914e-01
1.078394240850732100e+00
-2.188499048613720799e+00
-5.108388338813485419e-01
1.870300029205152592e+00
-1.303007252991299936e+00
8.829780579812025465e-01
-1.249551982734473654e+00
1.384711840614046841e+00
-1.377646438223665060e+00
1.457024318185995870e+00
1.755973055948857331e+00
4.533198182087773143e-01
-1.321171968477578229e+00
6.909328295245633633e-01
-1.210182480968509250e-01
7.928933557531685217e-02
5.469412647416892204e-02
-2.096047223437940143e-01
1.925107648806985150e-01
5.993528771374583286e-01
-8.252119462499063474e-01
8.683530798499379255e-01
1.233910662156700200e+00
1.511502501647265628e+00
2.357676106144912076e+00
-3.006322943214794763e-01
1.096697946802024093e-01
1.176311759494629294e-01
-1.168105627964240778e+00
-5.964404441355212194e-01
-6.049836613650490073e-03
1.092984468949942389e-01
-4.179443941287576680e-01
-8.964773498721663458e-02
-1.519252156732081138e+00
-2.977926133019300620e-02
-3.643799150679958854e-01
2.066361934812686318e-01
6.196548080044346207e-01
-2.119831502345496332e+00
3.832149615106699714e-01
-9.254762442024357938e-01
-1.522877584320806998e-01
-2.151311269955778815e+00
-4.653937854085091197e-01
-5.369674550325805873e-01
-1.109908373336686127e+00
-9.112304806001961799e-01
1.915192820196071288e+00
1.264178866970689263e+00
-6.096507853137168587e-01
-4.542584802153452617e-01
-4.445486618334210660e-01
-1.138062824946967366e-01
1.108562341788372096e+00
-1.744822594461741039e+00
-9.771169822999958843e-02
-1.233532262362100340e+00
1.485729619197541984e+00
1.246925614150604655e+00
7.889216630274822339e-01
8.878834874826638801e-01
1.438599735883993702e+00
1.774774348095637055e+00
-1.339807683796586692e-02
-3.068424184498148022e-01
5.254141478573239876e-01
-1.358686785289198395e+00
6.048103436550245071e-01
-1.149348274799101510e+00
-1.111810491027727776e+00
-1.140584244452256479e+00
-1.021307873120224308e+00
-8.629090616735261010e-01
-6.073109189561578525e-01
3.350015414585010287e-01
-5.997259830716072243e-02
-3.451681237780974132e-01
-7.748673679150465399e-02
-2.812142165504877278e-02
1.262776070361384395e+00
7.834059205364101164e-01
-8.861192462665984371e-01
1.573223338086983669e-01
-3.408022281280667642e-01
-6.388223685738190216e-01
3.759269625554999550e-01
6.687184926721011502e-01
8.432851433641962435e-01
-1.717717381690300193e+00
-1.069921527096720781e-01
-1.418411308508991331e+00
5.441151520784944795e-01
-1.308417191316944894e+00
-9.825802108590360462e-02
1.077141443109981722e+00
-1.425567673426078263e+00
-2.348991874597502250e+00
-8.764964016486722631e-01
3.401966714423427240e-01
-1.162659669278086616e+00
-6.984152855816839756e-01
-1.546610790127110002e+00
-2.033824164348604135e+00
-3.555585822938938656e-01
-7.750206144238743766e-01
-1.351438675277324197e+00
-1.001099132146549220e+00
-1.177255568406177844e+00
3.998325296831767295e-01
5.366729430968935066e-01
-1.289519399070787886e-01
-2.320615295816226831e-01
1.285967530525781999e-01
3.998240173626763649e-01
-3.325930868147587982e-01
2.709885633283144468e-01
-3.079551230155079256e-01
-4.446157885297963297e-01
1.607655615014182526e+00
1.200341648678885598e+00
-7.424884300749622357e-01
1.380901491199591602e+00
-8.626562831252312380e-01
1.078509237594790893e+00
-3.527460045222389207e-01
-1.309474620696664093e+00
-1.368825899693015158e+00
4.805032262344915983e-01
-3.469067824496101238e-02
-6.470344562029103908e-02
-7.387777258102794509e-01
-1.793225185008715805e-01
-1.853370673320146877e-01
9.653969605910750484e-01
6.001392035302072908e-02
-2.481356822173279575e-01
1.171219425887231116e-03
-2.125349109835212857e+00
-1.115861772153521059e-01
-2.627872821257249969e-01
2.060169065253651122e-01
9.659716441298148437e-01
-1.134533102876861821e-01
1.300545165997877284e+00
-1.481355981883783812e+00
-2.104981624326445755e-01
-7.510518104424086516e-01
-5.265083666915258975e-01
1.259726159016088198e+00
2.657538519999892657e+00
1.660596882312187716e+00
1.767677142713233618e+00
1.443658011828420795e+00
1.756546484462397473e+00
-7.718456739678161149e-01
1.265819359104329855e+00
1.181003201897695476e+00
-2.348806784497574907e-01
4.389564909700878481e-02
-1.216375267185619835e+00
1.265300062027415962e+00
2.236909011144569415e-01
-2.179068804213558641e-01
-1.088201821322644536e+00
-2.600516590451930732e+00
1.047997066881987543e-01
1.380110011053877761e+00
4.721686901088537058e-01
-1.357383249821116022e+00
-1.123929102880126679e-01
4.321114666657289161e-01
8.068828829596973173e-02
9.745415016517253171e-02
-7.307417132097596690e-01
2.529042501799157794e+00
4.070396740132983804e-01
9.923769752246259790e-01
8.718440435672442090e-02
-2.891271485024695664e-01
-4.451139912627435358e-01
-1.183710523396023451e+00
9.901725866046949820e-01
2.200666596899162109e+00
-3.172208265484949830e-01
9.179448630873690007e-01
2.371812612487568472e+00
6.394284198919506501e-01
-7.091095710060932866e-01
-2.729898352267871170e-02
-8.676356036238941360e-01
1.510696963390813607e+00
1.507329377291964922e+00
2.371595667809682340e+00
5.798366181574357014e-01
-5.080380501959214090e-01
7.466895449946909791e-01
-5.388597491879635326e-01
1.823034247495147531e+00
5.046682688146131301e-01
9.828130419883348567e-01
-2.712394557912819592e-03
2.383496227261973355e-01
2.173928227836494198e+00
-7.431177375917895622e-01
-4.131543812503201546e-02
-6.319141745492606876e-01
2.024348702062992889e+00
-9.958007197957616796e-01
-6.691006498191187646e-01
6.801806157920442519e-01
9.275586291989597054e-01
1.726499639997678859e+00
2.376919722825142911e-01
9.195311479558094803e-01
2.122143845278404495e+00
1.686476087936355839e+00
7.901438486511692671e-01
-7.139516010357318532e-01
4.069476872733325257e-01
2.126202634652984980e+00
1.141214948881127178e+00
-5.791056986977124454e-01
-2.121194309866925032e-01
-1.495092605693470134e+00
9.886786510015196372e-01
-2.666161627138270429e-01
1.115041751912466017e+00
8.530377226274000746e-01
5.184194299878895906e-01
1.473910791627138117e+00
1.047663846325769033e+00
-5.850411098275555277e-01
-8.034278741193253692e-01
-1.149071025199969842e+00
2.924927252274589148e-03
-7.291466705009200799e-01
-3.782170267128152075e-01
-8.969242691428908065e-02
-5.452613130320437262e-01
-1.350557018271865806e+00
-1.161393352181765704e-01
-1.244749390281218338e+00
1.336266282213099954e+00
-1.968465406747868185e+00
1.580360237782822974e+00
1.923677442365251622e+00
1.007278995966885748e+00
3.272542953479999350e-01
5.052126498678520816e-01
-1.348334183826363386e+00
1.424324816582303921e+00
7.316682325512899876e-01
1.583913157219148271e+00
-1.289747201371131691e-01
1.591129393767713340e+00
9.993536953779429133e-02
2.057936916301433605e+00
1.432381090793044542e-01
-4.420525959260340754e-01
9.143731059770737746e-01
8.831966960475019779e-02
-9.703698853147625369e-01
5.170936676173958357e-01
6.436657876773863585e-01
1.617523909316181285e+00
1.681749862097005721e+00
9.495429418274389799e-02
1.408867716596343911e+00
5.360064735366384392e-01
2.867647414146722862e-01
1.885333337912411533e+00
1.725000633253328752e+00
1.022116843373572337e+00
1.101726405867729408e+00
5.556100271372222954e-01
-2.003047297931641157e+00
5.132906797829538403e-01
2.608946521863645951e-01
1.171231799495425552e+00
-3.717104121849248988e-01
2.502820891840285555e-01
1.373998688366594001e+00
-7.266946277708453694e-01
-2.286971636131422403e-01
1.591386920005309236e+00
-1.652942464466189160e-03
-3.347355161697734616e+00
-1.779829820399346341e+00
5.340610348211884961e-01
1.945666477391204019e+00
-9.689111586706795620e-01
-1.787620465238554779e+00
9.797717604969514715e-01
-5.680820026295955172e-01
-1.082901449376483249e+00
1.204697906755405112e+00
-1.604819671298380213e+00
2.244969056182018807e+00
-9.357870160454456743e-02
-3.099886070146439465e+00
-1.103609794180649750e+00
-2.407470594470891623e+00
-6.912065758897391055e-01
1.245210603480898931e-01
-9.973869335516882817e-01
-4.046278652055410596e-01
-5.325150746539166757e-01
-2.359357215885558856e-01
1.431472592053773196e+00
9.921960360399397771e-01
-1.840381986995132335e+00
-3.673788462309887648e-01
7.269363341185912653e-01
-9.793099032530679926e-01
-1.476922706952198683e-01
-1.756891483300295209e-01
8.057567876690659159e-02
-4.194524847641695198e-01
1.108594009683184778e+00
2.182438888563092316e+00
1.972888348131792147e-01
-4.656366921411945747e-01
1.860134283570843428e+00
1.101832281084326182e+00
1.563946600667000197e+00
-9.213752478675587554e-01
4.007201854738696167e-01
-7.830086377900757899e-01
-1.880875842971564182e+00
2.736921056162373023e-01
1.277645962465482343e+00
1.161702439578708335e+00
-1.627312975650319515e+00
-1.313459915859324367e-01
3.109116795290587820e+00
1.087027403257831315e+00
1.815211490499266112e-01
3.530894502658945000e-01
-1.943906574327697534e+00
1.038539310377440544e-01
5.100082148643587665e-01
2.611483729352114036e+00
2.855959232983785179e-01
1.734541818849050579e-02
-2.106891138591530321e+00
5.174177643594451981e-01
4.287082348756831029e-01
3.461194495044844222e-01
6.908376767391758433e-01
5.721318986508679982e-01
6.702611480079023742e-01
-5.144983601837621601e-02
-7.323425803391322431e-01
-4.899684204877718385e-01
-3.113917431997565988e-01
-1.048208046587757680e+00
-4.243898106327162467e-01
1.489850589204339548e-01
-3.422925528307622645e-01
-2.335550596891791120e+00
1.421651940317907981e+00
1.030509408293291518e+00
-1.461647830186003416e+00
-1.353104844546829666e-01
-1.159274666897970180e-01
1.574896842500244309e+00
-2.767201432424795104e-01
1.751239386964864808e+00
1.042057783639531277e+00
-1.068558388913462220e+00
-1.224629791851775007e+00
-3.099510104145094536e-01
1.974779595333529869e+00
5.659634938197979359e-01
9.187732600290789975e-01
2.950183903690042353e+00
4.251813637538052748e-01
-8.277819040602144574e-01
6.992334805332537373e-01
-4.608126748118073213e-01
-4.157353799299334240e-01
-2.417650854609505018e+00
1.037420503119596438e+00
-5.425629598626144912e-01
1.738031397955249968e+00
-2.883019131472024932e-01
1.326309321405104935e+00
1.406802234500585280e+00
9.368541115613662207e-01
1.660948687416042402e+00
1.671213810622222962e+00
9.551214759590904713e-01
1.457744600045649097e+00
1.116563220196242323e+00
-1.302436693544590574e+00
-2.416599797015167583e-01
2.209687894098938676e-01
-5.866368993593528147e-01
2.605069324060536595e-01
9.162009043300414213e-01
1.910310998952066353e+00
1.200645305504626448e+00
4.056084314241509836e-01
-2.181797076755840781e+00
-1.775753046774204980e-01
6.150599904662519893e-03
-4.227365911830769374e-01
8.886640538347431173e-01
-5.355172918219293088e-01
-1.153559944580357266e+00
1.358388440435623679e+00
1.712915922936772084e+00
2.313290696633530708e+00
2.119102014691169045e-01
9.734212099068266788e-01
-7.891884022303843338e-01
4.064230485794891878e-01
-9.267766719987340363e-01
2.354713892481128390e+00
1.223661278325569590e+00
1.103665318513554094e+00
1.063940082043727919e+00
8.315401255882136633e-01
-1.130343656574875899e+00
-1.949399327461689202e+00
-8.818433600951518236e-02
1.216853654036999383e-01
-1.184421418644238333e+00
-1.388134446075043327e-01
-1.376546334305472075e-01
1.980019675384193434e+00
-8.361491823227918951e-01
-5.072367885733031212e-01
-1.711664246478066920e+00
1.278412389205978994e-01
1.384906895270327842e+00
-6.978870024872381450e-02
-5.300653561468306185e-02
7.705066748728209292e-02
9.513605641693723136e-01
9.469463927035578488e-01
1.636941577475549803e+00
2.617210608001506511e+00
2.409792789503255594e+00
-8.016421729005953623e-01
6.278062903123885485e-01
-4.636678950470646821e-01
8.156233961739147720e-01
-1.581446966738940807e+00
-6.029887937478889404e-01
6.937695224111719572e-01
7.165599450541217941e-01
-5.087112032953051699e-01
-2.046314795448001433e+00
-1.435315188552489622e-02
-1.742789285001000499e+00
2.408401146560553041e+00
5.286972239124605732e-02
-7.791131284696021231e-01
1.754138307172802502e+00
-1.586396260551418136e-01
-1.010752421078702466e-02
-1.691587751898152581e-01
3.044640943195018323e-01
-1.138060006529147294e+00
7.326820996626237648e-01
2.905951806018993722e-01
-4.428331204477819472e-01
1.342942703582747033e+00
2.775641971620538495e+00
1.969919232087318006e+00
2.097056378562516699e+00
4.062998923299722676e-01
-1.525011892352875931e+00
1.583110705094698645e+00
2.164850401764479848e+00
1.218486330731071154e+00
-8.010434464027734736e-01
-3.345871410185453643e-01
-8.879048891072938154e-01
-4.317906370524227655e-01
9.374388223370785367e-01
7.889199124828581988e-01
-4.743242394579142429e-01
2.014347119609698034e+00
9.178719635707119906e-01
-6.668461274111896486e-01
-5.381150729775162622e-01
2.613511610764057136e-01
-3.258322842372548545e-01
-3.064405221556514708e-02
6.759774347050474530e-01
6.294346125852989804e-01
-8.869930084547257565e-02
1.656895716211648883e+00
-1.368659741675352648e-01
1.060543687477463415e+00
3.532582608607195862e+00
2.249071711462097944e+00
-4.568282265301432665e-01
1.248273873883416707e+00
-3.478763046046209340e-01
-7.241106242688649663e-01
2.649486018202479864e-01
3.842432648470624490e-01
-7.376585261135352178e-01
-2.517989832815027418e-01
-6.686469303946794840e-01
1.154300507605163090e-01
6.308972309027855996e-01
5.813756402410178437e-01
-1.047464112963776284e+00
4.364411234652793709e-02
1.198408363152624112e+00
-7.011014764313704406e-01
-1.858477237984941174e-02
-9.652323068881750734e-01
8.318576976209347551e-01
-8.702628092171221796e-01
-2.046509917315338711e+00
6.821270164196456820e-01
-1.337671691427113618e+00
5.954226482499448414e-01
-8.115825911116829605e-01
2.617051420982103860e+00
2.391557638268366315e+00
1.844687387244409393e+00
1.637625702820156182e+00
5.934963151181978924e-01
2.799725535458795989e+00
2.492670817968262453e-01
9.284598243716383204e-01
3.298939777339929963e-02
-1.137536897810985215e+00
-1.749223572707111929e+00
-5.572511357756372297e-01
1.782220430416090462e-01
-5.379497289729100462e-01
-1.044883876001912792e+00
7.374927502594071926e-01
-1.430648331857555577e+00
-4.010568465553691064e-01
-1.087308206285959589e+00
1.033247049859590261e+00
1.139775773193608455e+00
-9.056511946777653366e-01
1.608312206858594440e+00
-1.620804028690071785e+00
1.367198457186638461e+00
-1.409603146197936141e+00
-2.366165076794688460e+00
-6.329275995688004031e-01
1.934249266436233405e+00
1.127364902364607735e+00
1.392910299504050431e-01
1.787683773721463254e+00
1.911418895980261823e+00
4.525941451549156391e-01
6.979764395649611375e-01
7.988212993466770051e-01
1.560031576243989804e+00
1.648552179237164683e+00
-7.020604646088234035e-02
4.002184189703523742e-01
1.148463748587768896e+00
1.674147619130226805e-01
9.578377156162678485e-01
9.090720515717689576e-01
3.693604497078943338e-01
1.178453456320420090e+00
-1.288201006619872357e+00
-8.594057025836262520e-01
-4.885719735130760744e-01
1.260361829890679353e-01
-1.423021004702949677e+00
9.388234329737341621e-01
-1.334091832125729127e+00
7.987356935549080328e-01
-4.817880826560227980e-01
-2.527340604243529576e+00
-1.447866648671341627e+00
1.831690875087104153e+00
8.698347756195102809e-01
1.001880082126551441e+00
-1.967175906635702187e+00
1.294886085795472930e+00
-9.933539381198335239e-01
6.109403455890564105e-01
-7.193314516371154266e-01
3.763406862623049354e-01
-7.103489853412379151e-01
-1.308331091398700075e-01
1.753622601576186657e+00
1.626016508106510550e+00
5.395596950801382352e-01
-1.865703627682366861e+00
1.546222441929598901e+00
-7.422584200877013760e-01
-1.572105091650970898e+00
1.303342781169208875e-01
-1.141030093028255976e+00
4.975382724984946936e-01
4.452113294499782659e-01
7.909481190644969129e-01
3.965595134268023458e-01
5.840981321945700744e-01
3.823471102385711529e-01
9.670354534793751400e-01
-6.833559348641570219e-01
-1.825671490975151690e+00
1.632421299216616717e+00
-2.178084510194904233e+00
2.031275093211165894e-01
-5.336319358840740934e-02
-3.422201259595529788e-01
8.428837025969770913e-01
-5.913925837407782993e-01
-3.280445197510094002e-01
1.653251537451346120e+00
1.117847997510834079e-01
1.824487837127787726e+00
1.824655980705826575e-01
8.127873874500042284e-01
1.477699605604590349e+00
-9.159721212953904068e-01
-3.451999462262942409e-01
-2.973829898656998316e-01
-3.156416769333382499e-02
3.326631501595667673e-01
-4.008710779900555576e-01
-1.058366296948767937e+00
-1.644256957301065913e+00
-4.149957519828207375e-01
3.064517779834493097e-03
-2.403874383269690440e-01
3.495057410857435043e-01
-4.226590716892704158e-01
-1.399775568325641206e+00
-4.171898449405667120e-01
-9.889697415400079683e-02
-6.642475529471711382e-02
9.579890686419435530e-01
7.376107394093573966e-01
-3.336187114914163088e-01
-1.419003152673065760e+00
-1.496171915790677653e+00
7.589814416299824895e-01
-1.004782124470800175e+00
