3.692256047246345596e-01
3.408987549553013086e-01
1.375725363777899890e+00
1.129106686885579247e+00
3.389477297941793088e-01
-5.546867031721207653e-01
7.163656292534453796e-01
5.057299102203298702e-01
1.626941439262837852e-01
-1.344387542969287808e-01
2.371094693612945115e+00
4.047152162573843803e-01
6.962095266644694469e-01
-6.847644394542768964e-01
-9.265595929744849246e-02
1.183630904318375032e+00
1.550403127425634686e+00
-2.085597131254714742e-01
1.553156756816228778e+00
8.148227626943190804e-01
4.223648915569187534e-01
5.735238294949179805e-01
4.871422824568215071e-01
-1.090999595574347891e+00
-4.686217923996021106e-01
-8.283376386626168930e-01
-5.240460419354675548e-01
-4.384102105581495490e-01
2.542235288077883126e+00
1.526923694965246714e+00
2.792701263530040223e-01
1.587403620261457204e+00
1.099477143739696183e+00
4.706143766152993679e-01
-1.418133477192317971e+00
-8.701919484046488629e-01
-1.376557864888281246e+00
-1.962510969073609557e+00
1.729218871215589148e+00
1.396695230776519914e+00
-2.232058068359310532e-01
-3.838859469813644676e-01
-1.193139567462899953e+00
8.770525494095373631e-01
-2.553397911484824867e-01
-9.959504449809788440e-01
2.586113019454289397e+00
3.172700888120634222e-01
-4.668231295617959464e-01
-3.902822654175080452e-01
-2.147230265229393142e-01
3.989310732074865529e-01
5.725054044702178047e-01
-1.032870265663273779e+00
-1.424776482982998527e+00
8.410409089533759097e-01
-9.686942441833850115e-01
8.376050508632473246e-01
-8.963562850083304223e-01
-2.527385198723330895e-01
-1.713165734213357050e+00
-1.181605413880704170e+00
5.185551976863659318e-01
4.674948905973246305e-01
6.811792588310908725e-01
2.718664683343721133e+00
-5.642434144852671585e-01
-2.064411701463207405e-01
-4.279099650101100306e-03
-4.021148645435911329e-01
-1.635179042984221898e+00
-2.699312762565131973e-01
1.093647233635052368e-01
-5.643686891654662308e-01
7.108812011086843574e-01
1.227303830338984492e+00
1.110433878838825494e+00
-1.146340505287843925e+00
3.312291102230217055e-01
-1.428725804436820290e+00
1.600139191454031939e+00
2.179188144368436053e-01
-2.378471925453240765e-01
-1.415923211592778896e+00
2.126984519179754951e+00
-8.761262576049819728e-01
1.747504221217707654e+00
-7.348695915760621311e-01
9.967593735778504938e-01
-5.183474552044832206e-01
8.328135210192630922e-01
-2.347656513853780602e+00
-2.266614234928030769e-01
4.008747771907085200e-01
1.321246228233554865e+00
1.095295203363738867e+00
2.392401921728430914e+00
8.162747890832539044e-01
7.303785597621714754e-01
6.713420461774611825e-01
6.455199969507834368e-01
9.991863040418398345e-01
-7.117146988461153789e-01
-7.096746341615411957e-01
-1.104707337692111685e-01
7.111698792509884015e-01
-2.068076524126388538e+00
7.584454895196472979e-01
-1.598754059998474863e+00
-2.726295201680668523e-01
1.108461429761520955e+00
4.791831048587134045e-01
-1.539232475164664937e-01
1.134900529607576619e-01
-1.866605271181316583e+00
1.262665624833750666e+00
-1.010483554107912463e+00
1.548145400256568216e+00
-7.121387930343600070e-01
1.700036183408614177e+00
9.148174437850620233e-01
4.916882159865469948e-01
1.101918234358388649e+00
1.291885491908328021e+00
1.164799232024473330e+00
1.781189594915099539e+00
2.726310616487611416e+00
2.796913148048322251e-01
9.940947810404238139e-01
8.285688769738654980e-01
2.119295967987924634e+00
5.526210914986717793e-01
-1.914314799442228265e+00
1.030437189481812066e+00
1.271450458714960208e+00
1.208954068489881850e+00
-3.665009646203084559e-01
3.975569521861750388e-01
1.235692867140314233e+00
-2.514810400933147783e+00
-3.285680222690383068e-01
1.711876029194740134e+00
-5.104614068845724217e-01
-6.404342837802297073e-01
1.583185457385374972e+00
9.753986686189420469e-03
2.092339698837641038e+00
3.116710059513841946e-01
1.681863468399794836e+00
1.163479399341944998e+00
2.207247853644049407e+00
3.364746826707447624e-01
5.568437214194145446e-02
1.157979480913250564e-01
1.483889763449714350e+00
-9.352252107828282757e-01
1.497207759961745932e+00
2.060238908388861145e-01
1.409311935983971420e+00
-2.935905512209866508e-01
-1.393952089405668671e-02
-1.150522709593357007e+00
-1.171552759431939567e-01
2.304840902923744661e+00
-5.148734317802540206e-01
-1.060106076721906820e+00
6.550814095073542731e-01
4.949941619001534954e-01
-2.471574417715777516e-01
1.136087279325711963e+00
-4.297107800408082601e-01
1.956248102645427034e-01
-6.121661458530542888e-01
7.407259992232803070e-01
-1.327150437574904640e-01
2.406899982597518584e+00
1.277613861986667931e+00
1.063587648261917096e+00
1.202299396070917847e+00
5.453464384339341553e-01
-1.399825232065815994e+00
1.583573550345354297e+00
1.234700678051097622e+00
-3.604912415072974441e-01
8.314661505645162820e-02
3.564126169126658472e-01
8.408620200482190832e-01
-5.031761622256709747e-03
2.251631694114801796e+00
1.809489238222859731e-01
-2.941234832304054012e-02
6.699406633094882046e-01
2.492112856228755335e-01
2.069886779450492043e+00
1.999915097774888739e+00
1.128436428830770444e+00
-1.179895225162670147e-01
-1.018924008255875702e+00
-8.990360036135464084e-01
-8.976243745517613615e-01
-1.654112766965863068e+00
9.184821359416135422e-01
1.014337475238585196e+00
-3.828963412147052270e-01
5.643282794802655378e-01
4.920502096659697955e-01
-2.755273455071621136e+00
1.381421590157133061e-01
2.340000062471118358e+00
-3.476207682735186349e-02
7.946276895658548334e-01
3.803375909397941346e-01
-4.942441400142607022e-01
8.753392261877031011e-01
2.125688036378709997e-02
1.989448563472626663e+00
8.345881333776454802e-01
-1.205394759046833908e-01
1.292958318294809894e+00
7.699133297291929079e-01
-3.981673529107663256e-01
2.690405415316064475e-01
-5.702268338362389555e-01
7.450612431549877845e-01
-3.877252259447541444e-03
-1.736504300490914643e+00
-1.290577832259360846e+00
1.255057575507507184e-01
5.933307416057639339e-01
1.795345997205479049e+00
1.423071035786809269e-01
7.817595835041846186e-01
-3.105743082463692240e-01
3.323924972475907902e-01
1.387375924431299978e+00
-4.846258061762036551e-01
-6.820525002090743749e-01
9.162753789571538299e-01
9.804953388545404325e-01
1.310097363240384949e+00
6.793015233901610328e-01
1.733820124093318427e+00
-2.353023510801770246e-01
4.987598348475280607e-01
-1.133996623020436766e-02
6.961738996310733452e-01
-9.964102858536459939e-01
-3.617077818297017355e+00
-2.105193480837803666e-01
-1.360364242351647324e+00
-3.725056161094232876e-01
1.467182952263689222e+00
6.056292432461475306e-01
6.635854828873447575e-01
-2.005933065758419342e+00
1.676387977725263934e+00
-5.609661524709639302e-01
1.953403034124384652e-01
-2.864378982182807509e-01
5.276626908440067432e-01
3.654367722325545520e-01
4.793163315946758485e-01
-1.983309479699993938e-01
-1.086422781860798770e+00
-3.562292411275286841e-01
-3.532650277178223108e-01
-1.345434097265318041e+00
1.055032370338194969e+00
-7.925032762604919956e-01
-9.298031124247047030e-01
1.259401646204343639e-01
-2.854574131610098098e-01
-8.545501237172993259e-01
-1.303522424654092626e+00
7.534151223814530840e-02
-1.152007777852887216e+00
2.893736469917734810e-01
-1.051912082656528247e+00
-3.190801943086804537e-01
-2.547561961577344825e+00
1.593258700974841680e-01
-1.229113871016605852e+00
-1.033683922117853982e-01
4.646946055206172543e-01
4.894312438464697435e-01
1.375615283538259848e-01
1.667646090190165464e-01
-3.448158446146686540e+00
-8.543394324149874985e-02
-2.781228807069782150e+00
-7.712296188096959826e-01
-2.043350569568514352e+00
-2.371105098220702700e+00
-1.988809753223698795e+00
-1.183813538299198109e+00
-5.300662768734071273e-01
-3.780620524238340607e-01
-5.994781093997373356e-01
-2.329051963923657098e+00
-2.695626927567768671e+00
-1.463692223654827540e+00
-1.124508262521157764e+00
-2.722721680649858644e+00
-1.711413840666475394e+00
-1.779784620845585863e-01
-5.238927081494183791e-02
1.697268469948710612e-01
-7.184852100740412029e-01
1.170924503517262405e+00
-1.171263360187939861e+00
2.756356681051409518e-01
1.369950833106136148e-02
2.692802109163420221e-01
-1.262357753382924719e-01
-7.224162637192088621e-01
-1.525298842988941139e+00
-2.982294267287783018e+00
-3.877512144486132684e+00
-1.758945739250854068e+00
-2.027083414734670797e+00
-7.739766647474893846e-01
-1.655752474939297780e+00
-1.257129757310556428e+00
-1.896503644137792932e+00
-1.333293967252190626e+00
4.869680672707859398e-02
5.703969532275916521e-01
2.681886117935683989e-01
-1.113243661847658217e+00
-2.156606837962898204e+00
-1.491852612605340855e+00
-6.665223970325957481e-01
-4.527754581684964585e-01
2.278404585237327543e-02
-2.460849127045897866e+00
6.796354188429419851e-01
4.425950779966677517e-01
-1.162897484548550020e+00
3.038670022321676711e-02
-1.837652397510322333e-01
-6.099091814287807001e-01
-6.633274977612499401e-02
-1.701414981579967511e+00
-3.451995337836138766e+00
-4.192921753135086527e-01
-8.980214269949904349e-01
2.631408924562671503e-01
-4.860377525883661787e-01
-8.304538341847453875e-01
3.149384720784596109e-02
1.235734946583279203e+00
-8.465521314516492035e-01
-5.244306366521616081e-01
-6.845521011322830418e-01
5.304190939227504398e-01
-3.077806387046702619e-01
1.114896627078983959e+00
-1.085553763923988724e+00
-1.176709420168331244e+00
-8.125331962346638015e-01
-2.463004323616160320e-03
-1.479782316729394642e+00
-2.698023738046738673e-01
3.336626684861477288e-01
-1.525982307678625860e+00
-1.268595679301013357e-01
-8.252501523611623924e-01
9.861380094470021396e-01
1.146057953756716152e+00
1.595684112201969818e+00
-3.893721967901253578e-02
-9.436290522269438208e-01
-8.196822636531593265e-01
-7.199807442623636922e-01
-9.523736720917987952e-01
1.203137137438508253e+00
-1.018904170985569069e+00
3.157246636696323799e-02
8.482229042609333580e-02
-1.161171544042911563e+00
-1.648354126969910682e+00
-1.290100925202221971e+00
-5.063569934904319642e-02
-3.749895764970225254e-01
3.171020993266969179e-01
-1.147406573140709041e+00
3.724875771086840620e-02
4.355308556120821573e-01
-4.293163506436845633e-01
-1.522622405762154685e+00
4.226594908584435650e-01
-1.464738321032860169e+00
-3.659620323796821117e-01
1.521996944237446359e+00
-1.252936543558675231e+00
1.442835478781015146e+00
1.485379138978713209e+00
1.234891593780912400e+00
4.920329749526338725e-01
-7.905272424377030038e-01
-7.281389717569841658e-01
-6.000781734404491141e-01
-1.109346230051004717e-01
-2.024148747650710956e+00
-1.221585628774655152e+00
4.495989299822307217e-01
1.855021452980066266e-01
9.798819998282088939e-01
-5.930294163002817198e-01
-9.689647084200205818e-01
-8.966489725582272863e-01
3.066206338284610533e-01
5.825973514837332751e-02
5.277438959641309602e-01
-5.733543168409004076e-02
-6.302728952828799969e-01
-2.150550622723564675e+00
-9.888161204521418446e-01
-8.068482990445141612e-01
1.454600389708286867e+00
-7.166390498533523612e-01
-1.872408537944126206e+00
5.470425884587365450e-01
1.356599174131101426e+00
-5.833908434594500259e-01
-2.034368879616692549e+00
-1.322937648712413594e+00
-1.755434139642059188e+00
-1.073391737768607301e+00
-2.071015315467174212e+00
6.602975631320229244e-01
7.642123000769734942e-01
-6.446293539052797006e-02
-5.505189088078629167e-01
-9.885105645355661552e-02
-6.938943884024414421e-01
-1.480735940601750622e+00
-2.052700039804094878e+00
-7.158725461900151688e-01
5.579680006542639958e-01
2.148627229271415473e+00
-7.132051487720576510e-01
-7.832471667322727926e-01
-4.115198634200951666e-01
-4.562619816717423671e-01
1.732427485873433870e+00
-1.724522128060416604e+00
-8.926402491523796057e-01
1.138487722431263061e+00
1.366300298957977555e+00
-2.960333869182880218e+00
8.680870041749819688e-01
2.374156716934699762e+00
-5.048041354496752842e-01
-2.521931484083392988e-02
-2.158629318561515298e+00
-2.302526620761431886e+00
-2.510807040298124626e+00
-5.429621044304618893e-01
-5.122354714708743373e-01
1.919287033667727904e+00
-1.090542715747977898e+00
-1.260828071322120270e+00
2.374872792968168722e-01
-2.205540879332604565e+00
1.058974362719077078e+00
3.180575973825329750e-01
1.305664164724995135e+00
5.761725142757088136e-01
-1.156607144053809932e+00
8.134652110578129980e-01
-1.388441967988114811e+00
-5.553036336204909551e-01
-4.977129441957115485e-01
-1.867660433951071342e-01
-1.280289723076876385e+00
1.231058115594499069e+00
1.679664530268901945e+00
-4.133662703665222371e-01
1.161317366430507203e+00
4.797201062678812522e-01
-8.265313346749890711e-01
-1.864962387106615882e+00
-4.263135760783423045e+00
-4.296408687312046837e+00
-2.804347834146892371e+00
-5.268710448926749557e+00
-5.547425748458038264e+00
-3.252828365791534893e+00
-5.980364158794275742e-01
-2.725393843647571313e+00
3.978148954597325870e-01
-3.188313216215712842e+00
1.417742036962005736e+00
9.050997988033815389e-01
1.886219242769787030e+00
-8.190385623275257473e-03
-8.072408706901705866e-01
-1.735785812772411729e+00
-7.175384643037976962e-02
-2.019595427909059160e-01
5.449653124236089052e-01
1.219571839019780057e+00
-1.732577415540846877e+00
-3.306545011061251538e-01
7.009182294705312843e-01
-1.917326487397164714e+00
3.973619502973708695e-01
2.699015303867202675e+00
4.440465583031733554e-01
3.510672116334162540e-02
-6.799503457969066078e-01
-1.512750385726302049e+00
-3.197095090192636491e+00
-2.319193279772347349e+00
-3.562938603717958230e+00
-5.192470004083183710e+00
-3.151579382047865696e+00
-8.297763280501200267e-01
2.347323265815042248e+00
1.159962060684494256e+00
1.346083969685694770e+00
-7.119568517125464124e-01
-1.481593311189276729e+00
9.246871958827740379e-01
1.750040203274243922e+00
1.725087936108000264e+00
2.645328694509449186e+00
2.588659168258993226e+00
-2.993609030827863449e-01
-1.195203480944354579e+00
5.828296730522395386e-01
-1.215033884767541927e+00
-8.942301515950865642e-01
3.139218837198299861e-01
1.727320395194750668e+00
2.539591180904216650e+00
3.283570499170185286e-01
-6.110378589733633792e-01
-5.974121039420344781e-01
6.775844586451673646e-01
7.756727070701652238e-02
8.644415365676919594e-01
-6.499345651894031239e-02
3.845240591300403410e-01
2.192875360315165584e-02
-4.156919357801487913e-01
4.721584925347747097e-01
1.608135439331965344e+00
1.850799372957439681e+00
1.544922652694530107e+00
1.285921628739344014e+00
3.526665200182603765e-01
2.274509950367081590e+00
1.834185395535332885e+00
1.509844768292107897e-01
-9.600091258630105706e-01
3.975481135452633152e-01
5.733930892284230252e-01
1.846052421717463976e-01
-3.166921193324267331e-02
6.723908824837192266e-02
1.034250417139138678e+00
2.388890983739424989e+00
6.476754071864924966e-02
-8.538069536189814013e-01
7.377487217465035219e-01
6.889112206180777465e-01
1.603344834846849309e+00
1.893528460233565858e-01
1.305741402099440229e+00
2.567531373304337006e+00
3.686771695296490181e-01
2.225691023058788076e+00
9.432497793796590368e-01
1.340787970229143422e+00
3.115032631498758087e-01
2.148358821296201704e+00
1.141199622213749709e+00
1.025440250173284884e+00
1.068002997814057470e-01
1.229144476661824026e+00
8.446393876552658053e-01
6.883067844209806996e-01
-8.546685113971200787e-01
2.168208426036971059e-01
3.123669823747319760e-02
-1.729909870743986389e+00
1.718922023145059264e+00
9.893265809087257168e-01
-6.558950292253088454e-01
-1.488313329022867837e-01
-6.470993955826585819e-02
-3.110138441717492652e-01
2.225035966857698000e+00
2.126370648482417192e+00
1.152388720879906403e+00
-1.629338306103459422e-01
9.398881663759051097e-01
2.505832873933246385e-01
2.604441058239548745e+00
-3.102993902183470154e-01
1.173951891069844766e+00
-9.866999205088259339e-01
1.405210755994959815e+00
7.408517566604529980e-01
6.740153098434963352e-01
1.181665404996592228e+00
1.022098806057343934e+00
5.035912468477651283e-01
-5.654210086399310553e-01
1.969016757685645713e-01
-3.718300189427873881e-01
-7.782982738742821871e-01
7.048670111278474426e-01
6.427593774953552774e-01
8.071789945028807756e-01
-4.256589451760507403e-01
-1.109556575910227272e+00
4.132875874284960283e-01
1.507334063536557078e+00
-2.561425284202154540e-01
4.697643356974992024e-01
1.458365512754382420e+00
1.729436650724942792e+00
-1.006080689206302753e-01
9.660886638343383348e-01
8.284047332470969582e-01
4.749556215815728955e-01
6.364905179157950843e-02
-2.956439495356261715e-01
1.150008069286680978e+00
1.692188167074347993e-01
1.005605241097778046e+00
2.517330675400561546e+00
2.366732715873274717e+00
2.494326855139123111e+00
2.110725811266507268e+00
4.191419035002575399e-01
6.676140345790279040e-01
8.964009389620259949e-01
2.394719710439245641e-01
-9.070961667246189020e-01
8.967007947118377231e-01
-1.277349999982932138e-01
-9.710517588933580413e-01
1.913468589745995763e-01
8.344113329124123180e-01
7.800611764664917569e-01
2.223630107350089702e+00
1.138241973917175409e+00
-1.638839792013941699e+00
1.537606353673542481e+00
8.781819165693256768e-02
1.662627194223067928e+00
1.386210421873687926e+00
-7.990846997755129966e-01
7.125446602653591199e-01
3.149491591817655395e-02
-1.838208317452557083e-01
-8.045219846806739294e-01
-1.231485391258694717e+00
-2.965092678405987225e-01
-7.311447598050007102e-01
1.163688014019104600e+00
1.047519494451103483e+00
5.558803638809336478e-01
4.682665167150032448e-01
1.873815778117355613e-01
7.363318051030421918e-01
5.893768086092247005e-01
-5.921786343444392919e-01
-1.104602649469564213e+00
-7.933855277624395352e-01
1.127476747792427458e+00
-1.493275244927336987e+00
-3.343455332665278279e-01
3.203858985280333416e-01
1.710732181560144838e+00
4.253350194845983978e+00
6.843082366152736240e-01
3.029165914929789594e+00
1.846608630492255543e+00
7.866997363329646387e-01
1.396432634826034302e+00
6.387576347515834252e-01
1.823656590851848724e+00
-8.164691280364705372e-01
-5.246726011476778861e-01
-3.286073464331260019e-02
-9.144829583753567581e-01
-7.380044308047833956e-01
-4.795485864965191025e-01
-1.115642371482494566e+00
1.785542523393008452e+00
5.550013194507548153e-01
3.852694546058963443e-01
-1.641279076051693209e-01
4.331352984459504452e-01
-2.304832592718301321e+00
-3.187252971013279645e-01
9.517369219379236966e-01
3.097871031711080803e-01
-8.385279981204976640e-02
-1.073398529870941420e+00
-4.867291637652813585e-01
1.501581641978570192e-01
1.572745514139216372e+00
1.660910418369392572e+00
2.133355526400331659e+00
1.791172837128311102e+00
1.436478129119079794e+00
1.947947055753018075e+00
1.565948206415621158e+00
1.325725045381002332e+00
1.572305454692213722e+00
-9.526800157929919688e-02
2.466120688448692200e-01
3.186777535985879095e-01
6.884203339359761253e-01
-7.772682024103193532e-01
7.282822797009284033e-01
4.500697362203979202e-01
6.579161037803007428e-01
6.281170408861526111e-01
-1.777496690832907955e+00
3.440378097855094630e-01
-6.550096062473723668e-01
-9.520459272949015339e-02
-2.017486338807868762e+00
1.123934198752753577e+00
4.200670598741491069e-01
-8.761160590930040515e-01
1.509171961058380695e+00
-1.020535363470662871e+00
2.033572071639899725e-01
5.109340735239852327e-01
6.281745887106542359e-01
2.946539604317122141e-01
-1.824507064690185310e+00
1.360655944967637643e+00
5.337882647047834661e-01
-4.097958235421393924e-01
-5.414163639489322222e-01
5.088473725598499087e-01
-8.888926218457211537e-01
-1.528822112512068898e+00
-1.146483219114192043e+00
-4.159477884026115818e-02
-3.703294354160140966e-01
8.430309007872659466e-01
-4.844682976492004634e-01
1.724317363703982142e-01
1.088786788948786111e+00
-5.171737375678572834e-02
8.410913204853942560e-01
-1.522450187601440907e+00
-3.350104083097666940e-01
4.198892989961861000e-01
3.442385513155198362e-01
-9.806542821125383558e-01
1.495084520817732410e-01
1.412410508708857648e+00
-2.652997800533341000e-01
-1.278124637280222409e+00
7.860600447411392189e-01
-2.591668431998848998e+00
-3.644114629801992189e-01
-2.291063111711460765e-01
2.217973728366919306e-01
5.852441307314002472e-01
-7.115031005848654333e-02
-1.104201343404570546e+00
-1.667882650729228811e-01
-5.944802063218277421e-01
7.142141830895928356e-01
-1.335823767603800949e+00
8.237473163115222041e-01
2.115689754486344554e-01
-5.527462610128418552e-01
5.996462744936833511e-01
4.353133946523006503e-02
-1.965777855760121984e+00
1.166068413296279749e+00
