7.533386308902099149e-01
-2.233129359576302986e-01
-2.577669108326920422e-01
9.512985183456049154e-02
-3.997009947378401540e-01
-6.156365067576196060e-01
-1.145410955207073478e+00
-1.822522963415323272e+00
2.302052547315080744e-01
2.069034904558191348e-03
2.719551079984964814e-01
1.926018975899232988e-01
-4.784866050228601675e-01
9.621692935815461256e-01
-1.616876909194685519e+00
-1.041845798162648107e+00
1.488088143493075721e+00
7.635294580937319608e-01
-1.105680720830494179e+00
6.900610025882649712e-01
-5.701471475121692167e-01
9.015012024936427393e-01
-1.101751130071501272e+00
-1.448850257248492923e+00
-7.111056403500252143e-01
-1.822154779716469164e-01
3.189020971277362060e-01
-8.074571139054985691e-01
3.084763053713446834e-01
7.611739891412687697e-01
-1.544826871301247240e-01
-2.257919819040430376e+00
1.164200971297312925e+00
-1.825524340757481490e+00
-1.316436686954043145e+00
-1.330442141619541330e+00
-7.480428898199511512e-01
-1.199374137387008293e-01
-1.250752169657362245e+00
8.211367773458566610e-01
1.587698945798605044e+00
4.253083407907854996e-01
9.518091568919430090e-01
-9.029088815671850732e-01
1.041621339777880850e+00
-2.020535058754370006e+00
9.435587315925609841e-01
-8.293776440006250805e-01
1.835802833950788582e+00
6.789921777122185365e-01
-5.803907496187948184e-02
1.589557772808457337e+00
3.583238512138249288e-01
1.196974877882372335e+00
1.690073762519115785e+00
4.654796904306112704e-01
-6.713653672489451329e-01
-6.178512006225341802e-01
-1.245314564778288169e+00
-1.337229852339280600e-01
1.503214592968513452e+00
5.707789711943954680e-01
-1.391522831442049135e+00
-1.133382940246155490e+00
-8.802462074264996161e-01
-1.808014346976820341e-01
5.762363953821477702e-01
-1.592518637157920081e+00
-1.264926230827552400e+00
-1.349083729498226969e+00
-7.876544546044984552e-01
4.725573194289732146e-03
8.272300267933144213e-02
1.046713890031885530e+00
5.510583497933149166e-01
-1.193668860422697708e+00
2.588606474506844335e-01
-9.459836044603524563e-01
1.079172714167482422e-01
1.087134846009217171e+00
8.145464343148325348e-01
-1.060036232298094266e-01
9.325825931379632117e-01
-1.623213178935485557e+00
3.312682824688167216e+00
8.977633568652271245e-01
-6.304951676958912010e-01
-8.561145055864144426e-01
-5.143541370502979770e-01
1.231296170603029427e+00
-1.948089140847491851e+00
2.199374264388384237e+00
4.667014589230252253e-01
-1.777381576306751032e-01
-1.947381985118905146e+00
5.557489672557900384e-01
1.864462126979363088e+00
9.475079225139125816e-01
-4.030523904190958517e-01
-1.472145370240439677e+00
1.314628474283445481e-01
-8.750813590779080720e-01
-3.170831975115420698e-01
-1.540453095431566721e+00
-4.025200780145585244e-01
-3.472217860227246433e+00
1.107039633168154236e+00
-4.615982180019644887e-01
-8.299987575212732782e-01
-1.738359368429719831e+00
6.850767358733710344e-01
3.959274665081330413e-02
6.417955187779474935e-01
-1.032888848479471156e+00
-8.600728362936573834e-01
1.571693685172784738e+00
-2.123727559114635177e+00
-8.585031749893284880e-01
-1.165897154297621530e+00
-2.163629631026089406e-01
-6.226230006323810739e-01
4.577032111032872108e-02
4.030445304056395339e-01
-1.130406749234234426e-01
7.632135481645923036e-01
9.983510571962878055e-01
-1.122845010951722067e+00
3.627788895144629100e-01
1.094329525826530425e+00
2.028061907081882165e+00
1.587047412216967962e-02
7.124671133265171319e-01
-2.528975905950789360e-01
-1.523827889650298806e+00
1.708897712264641155e+00
8.617641875157666664e-02
2.593393189037382918e+00
-8.672438479712656356e-01
-1.302453237777963624e+00
-8.999950112156243076e-01
6.481480748742050046e-01
4.960039192533976515e-01
8.995584871219842737e-01
-6.290817155812369332e-01
1.149580817678824918e+00
-1.783034744301840724e-01
4.587152613495070752e-01
9.511094185542015578e-02
-1.417548965887207579e+00
3.992105531887190639e-01
-5.517184060240368920e-02
3.910973784379960794e-01
-1.617428838394517232e+00
1.207523964199260502e-01
1.110059212285887664e+00
-2.374191990757895110e-01
-1.321199779379613748e+00
-2.300826105819034684e+00
1.145528702893665596e+00
-7.554033163639287674e-01
-3.759856142227903097e-01
4.742790082583075439e-01
-7.290183574854819382e-02
-5.408927243365971860e-01
-1.908693021493021780e+00
-4.913148315999291138e-01
1.260893818210048867e+00
-2.792801356928592549e-01
-8.549102505468199331e-02
-1.946228497466955254e-01
1.160982228018921480e+00
-2.966507810802432865e-01
1.276643849369231976e-01
1.867985664633073362e-01
-1.346361034729861295e-01
8.475738481213310749e-01
-6.106611415890564887e-01
-1.057806904871172016e+00
-1.032532663558327402e+00
1.445707920582245953e-01
-8.228469351838848533e-01
2.066417607471440765e-01
1.168675866145726605e+00
-2.760134658478301528e-01
4.232426206835696592e-01
5.442130352145632122e-01
-8.823142083058597152e-01
3.020789361885924951e+00
-1.477847984471601483e+00
1.876452970999960890e+00
-9.936716490984641437e-02
-5.487046581214695129e-01
-1.246914997725005803e+00
1.189538597671521147e+00
-8.343747257709712706e-01
-9.863618847510771115e-01
-1.265781485077633661e+00
1.220648781687897921e+00
-3.476181919844673063e-02
1.221586041804992029e-01
-9.347796070056156592e-02
4.510362072903096320e-01
6.723972688586168922e-02
-1.676644295439753352e+00
3.567829232210047441e-01
-1.440402521422416759e+00
-3.427229461897599583e-01
-5.652892645514383529e-01
1.304747568220571585e+00
-6.595733328022181929e-01
2.410687016689018192e-01
-6.399280783506593462e-01
7.809039349003824571e-01
9.146418401139384535e-01
1.678392112456573715e+00
1.660801563169363337e+00
1.758220560263842769e+00
-4.006989046869445237e-01
-1.308611481395509424e+00
6.294155567582786215e-02
-6.171968091848798466e-01
1.202899593004164824e+00
-3.399772574963405569e-01
-4.556161175207827929e-01
3.753902594348925148e-01
1.253430416805439762e+00
-1.293018272932342283e+00
2.332218317409041841e+00
-8.063993273199069334e-01
-1.067472256099559758e+00
1.226193813149069944e+00
5.209296859200814866e-01
-2.977399809738619507e-01
5.772810765151927814e-01
-1.558518008017084844e+00
4.519095433195153277e-01
7.189916373186111542e-01
1.449409954286256852e+00
1.912953932175028848e+00
-4.552461527949239889e-02
1.591598608167400064e+00
1.754987390605194042e+00
1.794274921042720683e+00
8.108284701734203015e-01
1.661886069994435777e+00
2.185169680523565194e+00
-1.010281727114059169e+00
1.126926630235801197e+00
4.154258333052006091e-01
1.805225831174218198e+00
1.234908464554319352e+00
-3.051263811070064058e-01
-1.324089231191190597e-01
4.145192253422733120e-01
2.268620034840477917e+00
-9.147906864560767515e-01
-1.831919895730342418e+00
1.690610607517364583e+00
4.811957943198527099e-01
-2.622621725471265819e-01
1.419378784746348598e+00
-3.703923947176316900e-01
7.037439980786358573e-01
6.012545787839062017e-01
9.196602997624933051e-01
1.110553166688925453e+00
1.414504730090545337e+00
1.761436123748637117e+00
1.203244507180770917e+00
-9.172511602376780537e-01
-6.861691780738178315e-01
1.304281425619932877e+00
7.926466493770436550e-01
-1.149739046135065834e+00
8.000993722336717795e-01
-5.211371173071833729e-01
-3.392575964665562882e-01
6.444213851872738763e-01
3.729273765837461951e-01
-3.317166099503196519e-01
-1.453290902708476606e+00
1.179474760544519274e+00
3.038997808502215681e-01
2.099187871466162703e-01
-1.496658920386138014e+00
1.280347650230881262e+00
7.303981804376975528e-01
1.036392732886457946e+00
-4.685034687885179100e-02
-3.037052238471998900e-01
1.026265459179555917e+00
4.944502091188063275e-01
-6.965429487945267936e-03
2.227157312192072247e+00
1.271484868114360234e+00
3.418957830286420307e+00
1.694990106475543934e+00
2.971671863076437159e+00
8.285379161830233596e-02
6.115912341762312909e-01
1.275402896346050197e+00
3.211240391619404888e-01
-1.726040980999514196e-01
5.943039914855973160e-01
2.333443310816649241e+00
-1.329886296076316032e+00
1.444309370291930072e+00
9.926357387057199722e-01
8.945835652309495900e-02
1.853269240197509937e+00
3.418058565351990152e-01
3.615820522724735309e-01
-4.067226732810129142e-01
-1.679293491234670199e+00
5.391535996824192711e-01
1.787617810337571445e-01
5.308518358944805948e-01
1.046636027759842769e+00
7.695453883964148423e-01
2.323998303901746720e-01
-1.654808327044074545e+00
-1.503614498338632088e-01
1.145231715478400636e+00
8.116659020684239279e-01
-6.451039442125988156e-03
1.255393941421405035e+00
3.391908413158954416e-01
1.241015171062887834e+00
-5.721603543570945305e-02
2.107444473700676557e+00
1.624274017586950336e+00
1.738967729545327190e+00
-7.705121396648024756e-01
-1.379831829159858581e+00
-9.781408423090327542e-01
1.723137166961239419e+00
5.308717923947605666e-01
8.085317604917516832e-01
-2.972212533486740527e-01
2.042205573957168174e-01
-3.867293007429928875e-01
-1.017276692446412056e+00
2.145340319141457175e-01
1.443894852125788164e+00
-5.880918380349090535e-01
1.140360468972967833e+00
9.095313703010690087e-01
-8.726298206018834325e-01
1.362559176287285734e+00
-1.081111659682754356e+00
-8.765928545280406992e-01
-1.163272942821288014e+00
-7.252835026287444142e-01
1.046953103385968864e-01
4.763596574078468038e-01
2.658775713224513559e+00
3.584539391701398459e-01
-6.977522732263511003e-03
2.467260545289642781e+00
6.533268159636089756e-01
5.465662087809918246e-01
1.395490370799019053e-01
8.230059889556990971e-01
-8.482454898730362736e-01
-3.881882378537008238e-01
-1.423714612071693031e+00
-7.012475159822494364e-01
-6.957002616820788521e-02
1.506124118826968727e+00
4.052148976229711375e-01
1.710942203984220367e+00
7.424234544205710051e-01
-1.110415969446850865e-01
4.655143964819708491e-01
3.767056289369009048e-01
5.815188714230413725e-01
-1.005135025012915823e-01
-1.018316397196943335e+00
-3.923419770817865082e+00
-1.648259339075976326e+00
-2.736912649300117906e+00
-2.458207882743345785e+00
1.976266686179985188e-01
1.289554391481094742e+00
4.523557219122207318e-01
1.373337726589718866e+00
1.186025842847403089e+00
-6.245838264031363662e-01
7.342830676396507883e-01
9.825129894175710366e-02
-8.359747190303875586e-01
-8.351427057649054575e-01
-5.167738268233865173e-02
-3.424780244550073016e-01
8.187312032522937599e-01
-1.071860497573948079e+00
-9.091456701489839531e-01
1.017852750938488038e+00
-7.346791327906960767e-01
-5.924371385263078882e-02
-2.304073506463619192e-02
8.141556197781325832e-02
-8.394441704876024479e-01
-2.316093433056186424e+00
9.453031544605140779e-02
-1.760504203021377334e+00
-4.322714262508982608e-01
1.093081968947842569e-01
-2.297778246120958379e+00
-4.544533858815351657e-01
7.347011280577956382e-01
-7.599634887073092315e-02
1.546675223273147104e+00
1.396541266387544000e-01
9.247051563677782804e-01
-8.519316802218167561e-01
-8.805069242519871775e-01
-3.327620652747409480e-01
-2.763326331625227256e-02
1.543531173299090176e+00
4.583079176688382300e-02
1.920450594102916408e+00
7.464416552245007885e-01
-4.180663417811393834e-01
1.781288315825234614e-01
1.333099038277000048e+00
3.532259641322435528e-01
1.227399926024609123e+00
1.195238862131408952e+00
-3.739685051624415668e-01
6.178167716484930239e-01
-2.095967698684395142e+00
4.172172503873726179e-01
-2.462965229274082013e+00
-1.037473833843605586e+00
-5.920633291477045423e-01
-2.342854270925182281e+00
-9.740077310103848474e-01
3.780453424152673825e-01
7.625789480612318871e-02
8.167243284170195849e-01
-5.530415197594901189e-01
8.547703649195076414e-02
8.407316603472088368e-02
2.724109306898085947e-01
-1.099916090203772123e+00
5.858360044487149754e-01
-5.399041941755914342e-01
2.558606060041408892e+00
1.234407587036098763e-01
2.397477285453356366e+00
-1.064567843560204174e+00
8.848014189546743458e-01
2.250116958791119615e+00
1.085413295711376902e+00
4.511993289052444039e-02
-1.208102247482378822e+00
1.225432293455342103e+00
1.799032829503581343e+00
-1.069991564380030624e+00
-2.874711298363007206e+00
-3.701037547441412556e+00
-1.806814611129121007e+00
-1.835285765692893367e+00
-1.106364221421012983e+00
6.207406383622741108e-01
-2.112318921755767243e-01
-5.715528333515862425e-02
-7.465588009418737681e-01
1.104467824413917887e+00
-1.452923053308607937e-01
3.488215672232158893e-01
-3.785746248802652203e-01
-9.793309075275739017e-01
-7.252963355805663870e-01
-1.899798141521167327e+00
8.169748854356180534e-02
-2.885787940311855815e-01
-6.496664868877484456e-02
-1.985525438889812255e+00
-1.145968838810925219e-02
-3.267207309491464151e-02
3.319472404257547277e-02
-2.386985703839707706e-01
4.477509235160605505e-01
1.099097066973385856e-01
9.121850493413107275e-01
7.311182890445058757e-02
-1.303350958936113857e+00
-2.094765818147533931e+00
-1.947132638800405546e+00
2.782451290622742907e-02
-1.062757482856045543e+00
6.942739358380860537e-01
-9.039654741764198143e-01
-1.204015576293795853e+00
8.538829713400547528e-02
3.879664489772818164e-02
2.505647296019077319e-01
-8.938499499576003926e-02
-1.419229531918348108e+00
-6.361219598400332798e-01
-1.950730898263650870e+00
1.568990584048526538e+00
-1.951909553197811897e+00
-7.210296400240429060e-01
1.575695027901699685e+00
-1.186087265888120079e+00
-1.029489033100975170e+00
1.610802881164029365e+00
-1.027768156417524281e+00
-6.730106790389207561e-01
4.521191113628000302e-01
1.497546319600446540e-01
2.843951201739509660e-01
-1.229387532559004237e+00
-2.388144139659695409e+00
-1.536589883272001966e+00
4.313684243766356952e-01
-1.247270697385852278e+00
-2.263660892963955451e+00
-1.806450167142347851e+00
-1.391641990395510398e+00
-1.361427673912270153e+00
-1.319366823025886371e+00
-3.660148096264252970e-01
4.876226274683555517e-01
-9.008211530969586489e-01
9.605315672902061674e-01
2.833438400816337133e-01
1.261286616997534971e+00
-1.650543926891185065e-01
8.986506238630689314e-01
-7.867962361664894155e-01
-6.438296187683182348e-01
-1.384706952910297995e+00
-3.299475087922608685e-01
-1.656782168414784540e+00
-8.681933333444286083e-01
-2.794079982017992347e-01
-9.626556867898617975e-01
3.221889078703568665e-01
-4.354721760437869071e-01
3.744623366185564906e-01
1.362246720457737370e-01
1.297249551147947155e+00
-7.356856002223607360e-01
-7.929370672487845439e-01
-8.729903170234905030e-01
7.327706135933449438e-01
-7.572638547441572499e-01
-4.091697285882587298e-01
-8.661160403297517296e-02
-5.817299650288701995e-01
-3.165486785235220868e-01
-3.956911954581499580e-01
1.646670805963998674e-01
-1.638914065847154600e+00
9.501884959056459135e-01
-3.105846558785209724e-02
-3.250043729506896933e-02
6.514659545196090917e-01
-1.057572940648940918e+00
-2.504433697541416315e+00
-3.021628323312518516e-01
-1.118991214047384108e+00
-1.564752212183150304e+00
-1.608775423628775236e+00
-5.339109492739353424e-01
-9.041072405764385422e-01
-9.894751112155584227e-01
7.640542712343313392e-01
-3.667713129300823605e-01
1.621174002201547282e+00
-4.192514126760995552e-01
-1.553589369868673964e-01
6.680206862809316970e-01
8.357502412406127290e-02
-2.005414277266512890e+00
-9.612352515137649878e-01
-7.842128953900140420e-01
-9.024608265414478803e-01
-7.077977420629237848e-01
-2.337300600628225422e-01
7.899474239632441330e-01
2.635907607635094241e+00
3.672494716536708337e-01
-2.294617901381239111e+00
2.209326810543756348e-01
-9.678260408822614291e-01
8.071958629932078910e-01
-1.271269310740861247e+00
-1.995460353931437059e+00
-1.076112645344885266e+00
-1.111371880928625072e-01
-4.096340103665852550e-01
-1.860607626579948159e-01
-3.204210283661382830e-01
-2.941574027007892167e-01
-3.850670686837752710e-01
-2.158227342196896922e-02
-7.355980567429573069e-01
-1.244389989927251694e+00
-7.257292454001393889e-01
-1.796588654223985504e+00
-7.135096268629744776e-01
-8.519534407871102166e-01
1.070108018988279674e+00
-4.188994403442584669e-01
3.608687521296025102e-01
-5.697867813847544705e-01
6.965962775488060421e-01
1.043446306741973917e+00
4.407062212623538144e-01
3.672334667725778989e-01
2.134950892604796646e+00
9.694047772831814180e-01
6.995921307416046453e-01
-9.805925379715131340e-01
-8.347696983452380648e-01
-6.413074261516346075e-01
-4.825299387403335638e-01
1.390579359251489455e+00
9.763362954278111960e-01
-1.614285859615934404e+00
3.283152528684769589e-01
-6.073593438299842440e-01
-1.094493440089186587e+00
-2.325401478683336853e-01
-5.910275587059625746e-01
-1.636992959324387042e-01
7.181406011447249993e-01
6.453306784426728893e-01
-9.790596379118706727e-01
-7.864428271071979837e-02
-1.487256194737015091e+00
-1.001829581913755707e+00
-1.121971787879060489e+00
1.671887139721389248e+00
1.211793526660201348e+00
8.776773356190642472e-01
1.162990313244477880e+00
-7.781178057636413126e-01
5.613831200189265402e-01
1.212048164742341561e+00
4.583275024590798274e-01
-3.434024032020344119e-01
-7.048638053302271889e-01
-6.244823843146045661e-01
1.140773900098012161e+00
-2.314770678148943828e-01
-5.353127897471904317e-01
-4.265962239170538184e-01
6.107827263765583936e-01
-9.078667922087734210e-01
1.201351086655631922e-01
1.105636695186350549e+00
-1.341722576268852718e+00
1.905137325589549291e-01
-1.026075328664008746e+00
2.370708212409515792e+00
-3.371532615813624401e-01
-1.976159710680693182e+00
-1.116471799571009615e+00
4.173045420124914529e-01
-2.465060606005206878e-01
2.061225895831388377e-01
1.132516196133023650e-01
3.074502370693705799e-01
2.230237299491477199e+00
-4.195486246692363697e-01
-2.908294062364053190e+00
-5.506788344912610933e-01
2.782573521194471322e-01
-2.623248420686751459e+00
-3.934999277278732333e-01
-4.086669307250807015e-01
-3.248056069688144004e-02
7.590021372876430694e-02
-1.542494991345330080e-01
-4.449548978962982182e-01
3.131540490965687429e-01
-1.333193759064705275e-01
-5.175729206776558122e-01
5.749440811438767673e-02
-1.301056643763355503e+00
-2.468118183672239674e+00
-3.051785275174717215e-03
1.397871045814631230e-01
2.457880027850585236e+00
9.737963526915770496e-01
-1.795610411407281726e+00
-2.340926080856997882e-01
3.032429560956448333e-01
2.375655274174375831e-01
8.641919002451288467e-02
-4.848493818029394609e-01
1.618723836633078950e+00
-1.621691933102378247e+00
-2.012844997278714132e+00
1.388123868746725387e-01
-7.466952581063394934e-02
4.414027069801975678e-01
1.406547904741274113e+00
6.573031977912978663e-01
-1.387365619199886213e+00
2.454211161378313744e+00
2.173948824381398026e+00
1.873114349186505212e+00
2.578845361431270633e-01
1.947554144175419388e+00
1.703894974502487836e+00
5.622191987486347964e-01
9.965185038333025658e-02
1.530120187168638957e+00
2.032811380851420879e-01
8.099043734515796178e-01
-1.622064994790360259e+00
2.230908368815759601e+00
2.178823811130750077e+00
-9.629347205934258858e-01
-5.315753086550835116e-01
1.659465557683875492e+00
7.878334301522771366e-01
-6.621821055340667561e-01
8.891792302646396307e-01
8.543765307204851389e-01
-1.734846736337231743e+00
1.685552424981728192e+00
3.731538476255945591e-01
-8.829746002381748671e-01
-2.113453942378686445e+00
8.878158414773079654e-01
-1.132724011267739472e+00
7.407104844262643040e-01
1.714060721344456972e+00
-3.422920050599909114e-01
2.284028526031012252e+00
1.106707700580170428e+00
2.428426633704871662e+00
-5.028186911272632953e-01
-1.986992541968031142e-02
-1.491751904511436022e+00
-1.773698575495652907e+00
9.624213194405739635e-01
-1.244937865076492622e+00
3.139601854930119451e+00
1.486026619376814573e+00
1.712982977488442859e+00
9.181841084220560001e-01
-6.248923045068018739e-02
4.645385774786346400e-01
-6.243428443456816579e-01
7.013927873277834291e-01
8.726476576217878645e-01
-2.036317293629811842e-01
-5.259527157626814331e-02
-4.141705491264575656e-01
5.469790192781921745e-02
-8.117095578576015713e-01
-1.527822797153427226e-01
1.992478996144682324e-01
3.290705757177354029e-01
-1.870171828274193926e+00
5.465071810902993876e-02
-2.054224277731325543e+00
1.689667795799027622e-02
7.168174504270800051e-01
5.812149250561681191e-01
-1.131483982649132525e+00
5.240944048192136551e-01
-1.755118402644531228e+00
-1.288899254170949638e+00
-3.446816909101491633e-01
-2.247791341693859135e-01
-7.084102960225816537e-01
-1.621920538145065760e-01
2.684314036217555488e-01
2.306806383825939388e+00
-1.532926565384685080e+00
2.530646114074912134e+00
-1.631250938648759696e+00
2.505664205472501460e-01
-2.111043534785326525e-01
