-1.338936442448529274e+00
-5.067259786970951474e+00
-6.274076792237706535e+00
-5.789685598596570025e-03
-4.227438269545304550e+00
-4.609270025534547344e+00
6.019063764586877162e-03
5.604651151104342865e+00
1.232063939828167198e+00
-6.576308950168170409e-01
4.972903460530539554e+00
4.253302463592524063e+00
-3.821282094937310525e+00
-3.168785932359031943e+00
-6.627500516485261839e-01
-1.885514909090115321e+00
-5.038195063167339782e+00
-2.934072053941590763e+00
1.631653342655239980e+00
2.131958627403055750e+00
-1.151636239526088623e+00
-2.261365207652191067e+00
-1.811616858181624157e-01
-4.211353728802729179e+00
2.882764063934136534e+00
7.942862033017079604e-01
-3.668356020345939772e+00
2.314198099930906860e+00
-7.108008739358092853e+00
1.710885528679652268e+00
