-1.471786897819310269e+00
-8.651527283545070723e-01
5.406595535752376502e-01
1.626243318606279409e-01
7.299650002551826278e-01
-4.012138710510438355e-01
1.144138244292926543e-01
1.172859593455863603e-01
-2.099947267505154702e+00
-1.924775610477294785e-01
-7.138381725521736332e-01
9.373560757805189381e-01
-1.390850206916691034e+00
2.359414423751259038e-01
1.232501239846522489e+00
7.464473239861166842e-01
9.315021674791880424e-02
1.558423670903746228e+00
5.218199738823108280e-01
6.299655928279185302e-01
-1.721024657087148468e-01
-1.240836023535167421e+00
6.480179642201738810e-02
1.347553867920340265e+00
5.680505400596685961e-01
-1.979353950561667297e+00
7.586835539192837707e-01
2.390453968575776411e+00
3.903620233317288690e-01
-8.710107245455365188e-01
3.125863975599162958e-01
1.885697480817964400e-01
-1.107089767499783495e+00
1.058165990050624838e+00
1.448500586741471752e+00
-9.574179260525902402e-01
-7.346831688550857775e-01
-4.392839580246823417e-01
5.880692612754399029e-01
3.809802649748584291e-01
-2.104106945880340529e+00
1.363774044415847486e+00
-1.538328562789147980e-01
-1.483648402433504820e+00
1.215611711697421188e-01
-1.468237763229546522e-01
-3.786057005405218945e-01
8.481509270711147519e-02
2.956333018517049993e-01
1.990718752600445507e-01
1.568055825881158050e-02
9.998318711549614157e-01
8.447594427352811408e-02
-2.401199182307957702e+00
1.658897621250632559e+00
7.470720571714728475e-01
4.402212894531075671e-01
-5.332635167998897030e-01
-1.420872773307781500e+00
-1.273943386704658565e+00
2.038574253065891448e-02
-5.307096109129598727e-01
-1.934063506695919310e+00
1.392499680102225135e+00
6.915143313268528047e-01
-3.979372582862087393e-01
1.233845010124388519e+00
-3.745524555963808955e-01
-1.512932451165798220e+00
-6.767570665193415325e-01
-3.734588040274399723e-01
-1.490316513567480627e-01
-8.998466324846541298e-01
1.407983691007958615e+00
1.400429387838035167e+00
-1.577768368810013866e-01
7.556927677327056614e-01
-9.678799943410065776e-01
-2.487953565297631453e-01
4.718105904416421137e-02
2.961183533743149687e-01
4.294046350733653900e-02
1.085842174149658668e+00
-2.013016017581690686e+00
2.488279391068877744e-01
-1.596499945470126192e-01
1.445244927209005992e+00
-6.638207795092475605e-01
2.494686354605983314e-01
6.976869732744848118e-01
-1.703365139905562153e-01
-1.152477513720017610e+00
-1.902954459950531030e+00
-1.202975485097283609e-01
1.157411322217321903e+00
-8.690851986599432699e-01
1.896249975809851662e-01
6.501623764709072439e-01
-1.229898759118513318e+00
-1.292575735984528684e+00
-7.635257402536450855e-02
1.381321434803855608e+00
-5.020549660760541544e-01
-1.382412180909001087e+00
1.023547926136824326e+00
2.790772162250296229e-01
9.970116219685872805e-01
9.191560679490131669e-01
1.269988769086188296e-01
1.635168208240527887e+00
1.072769879739005283e+00
-1.387491768621230026e+00
1.872962114861176641e-01
-9.509762987774789122e-01
-4.276743205502808731e-01
-3.326770751938689652e-01
1.213563303933693716e+00
9.892979732599338494e-01
3.669069257335765832e-01
-9.369224310485197993e-01
3.122692291929766162e-01
4.674798239789346721e-01
-1.486614631730379943e-01
2.715142036399958991e-01
-9.280762057798013220e-01
-7.734009013126318111e-02
-3.290939556143190337e-01
2.984373452974013574e+00
3.060070002058252192e-01
-3.151165219548683893e-01
-4.484698023307718828e-01
-1.730572094932165683e-01
9.681393759062112414e-02
8.907819517040875823e-01
-1.538178189316869414e-02
-5.071118079655122513e-01
-2.858335948040599539e-01
5.641942904620983468e-01
5.181058795570545050e-02
1.198717497337666194e+00
-1.735470635244842796e+00
-1.986181069925751774e-01
1.453549263475521158e+00
1.970706696188544882e+00
3.857750700996405158e-01
1.871789027393137850e-01
2.296844327842819389e-01
-2.466003351932955778e-01
2.920084206719626430e-01
5.265672730537481749e-01
-1.344197256503975313e-01
-7.673638026207481033e-01
3.266610545635409424e-01
-7.735844979716851588e-01
8.091731819999506969e-01
5.663407143572553037e-01
-8.788888874957676567e-01
-2.289533176243620238e-01
-6.386638725322545396e-01
-3.189570664411979228e-01
1.407190087154685409e+00
-1.725401302853226959e-01
-4.193856145809134461e-01
6.862461599249938260e-01
7.055372230035882319e-01
-6.335138874922556784e-01
5.387664316888165494e-01
-1.774880053773683630e-01
-1.685604756096276358e+00
-8.416100369831407413e-01
-5.609179187494034435e-01
-1.284776462800294894e+00
3.234915939198653168e-01
-1.966291592416537781e-01
-2.956535054963327358e-01
1.389772738735812529e+00
1.102355384590784082e+00
2.239478687609410379e+00
-1.020060730869486676e+00
-8.575104335318544102e-01
1.830763605715728382e+00
-6.718981985056408091e-01
-8.390738825284336233e-01
-1.200311398338939517e+00
6.218049419331687089e-01
8.747730011354375446e-01
-1.628007763614640890e-01
1.056901855465940399e+00
-6.805324290884464666e-01
-3.778389837121458594e-01
1.806934663792260309e+00
3.790040060158276769e-01
-1.789871285360783659e+00
1.638824841708085511e+00
-1.736487189566941591e+00
-4.385028825395647645e-01
6.471849351474341372e-01
3.805259670758489449e-02
1.705386615763298808e-01
6.536024429874206509e-01
6.861425361445999682e-01
-4.661536515796866342e-01
-1.909713920510141438e+00
5.287458120467811717e-01
7.792757836397193882e-01
-5.531945688624427815e-01
-2.096513280350138231e-01
9.797540584444285328e-01
1.551640960859534957e+00
-1.159379390587561787e+00
-1.372643742068049288e-01
3.759177307644561150e-01
1.060326865804118862e-01
3.081497433521145912e-01
1.305091101330591918e+00
-9.063781783270097314e-01
2.094711772319661491e-01
5.603528088811622343e-01
-6.339781143492346782e-01
3.984827876657008328e-01
4.575902047635277969e-01
1.398701337830884128e+00
9.835358542540132420e-01
4.754672308537763459e-01
2.019693843808647582e+00
1.005255536679497519e+00
-9.474331624434223498e-01
-1.508171892864083263e+00
1.020144160177651527e+00
-4.583507897847318713e-01
-9.636436351861570326e-01
5.776021932895101241e-01
1.641556909371258088e+00
3.661911368964948732e+00
5.469399381818834671e-02
-1.071502527161910079e+00
2.724264209528619585e-01
-1.103518373136518071e-01
2.882862402552304193e-01
1.985537059968760509e-01
-1.137467921715645591e+00
-1.517171327246967127e+00
-1.599114432207491832e-01
1.339117688761291669e+00
-2.092949236566624460e+00
-3.620874386922959820e-01
3.419688656373528479e-01
2.599587827659556316e-01
-6.715672158210306275e-01
-1.627611097432499765e-01
1.654274602406734740e+00
-7.854674556145331277e-01
-2.807214793380918838e-01
-4.833934338913669082e-01
2.191224716214568435e-01
-7.082328712458959563e-01
-6.000127889558459077e-02
2.572827150806810126e-01
1.530425632242120804e+00
-9.473488491431125702e-01
1.335646238799254037e+00
-1.391333591073699472e+00
1.212627646787342917e+00
8.777271983105806585e-01
-6.365440273969051876e-01
1.406530467529661266e+00
-3.082253579630627183e-01
9.709101296010929083e-01
7.263425511569776560e-01
-4.039231294076959244e-01
-1.395305164544625998e-01
-2.016476416351438594e+00
9.779847326584460709e-02
4.785897019931983215e-02
-1.232430849791531280e+00
-1.543736034792517753e-01
1.168159040847761704e-01
-2.818056002251787540e-01
2.963728585930335280e-01
-9.925105341573975393e-01
-7.999610040583855497e-01
-7.673170630450842911e-02
7.588243060133611495e-01
-1.589993161097903729e-01
3.220369930536798320e-01
-2.245626074825454038e-02
8.375550324296402449e-01
-1.299496175630021622e+00
-1.598575634492270525e-01
1.037871361168979156e+00
-8.812318571324498917e-01
1.717791113347964416e+00
-2.413576195655450785e-01
8.353025591203206979e-01
1.685239205381441341e+00
-2.908292714122927003e-01
9.728094549252244150e-01
1.987828140879881245e+00
-1.304571798856273696e-02
-7.006755456998605691e-01
-1.288661791465169237e+00
-7.869872137461642048e-01
-8.908256525034524698e-01
-1.603285339409216581e+00
3.906286791664277391e-01
1.260399159589654206e+00
-1.586447589544921266e+00
1.627428079794891458e+00
-5.325875210286831196e-01
1.294970009209399642e+00
-1.205992539550090559e+00
-1.939266333247628982e+00
2.050000683560872783e-01
-3.740978887888734561e-01
-4.614695881215141182e-01
4.216375423362526097e-03
-1.336907346251264395e+00
4.506596157695171301e-01
1.100619161647418687e-01
9.536533607323841588e-01
2.118805201863633580e-01
1.074250753296968730e+00
-1.086646277841001908e-02
1.949420135698454404e+00
3.408436899193810543e+00
2.050128804649667735e+00
1.995293022834044416e+00
-1.509878770675482373e+00
-1.712791957220371586e+00
-2.072306268334541457e+00
-4.853694633845314077e-01
-1.211299225696421455e+00
3.814472792978317872e-01
7.830871884347283540e-01
-1.062016873263830874e+00
7.591707008629252629e-01
-8.524578382259840881e-01
4.876117546790516566e-01
3.288343184505900241e-01
-1.055300571499135698e+00
-1.065908050344206437e+00
9.046920174148613825e-01
-1.360002833159478008e+00
1.012575456850566047e+00
1.706551085360668019e-01
-2.167350633578032579e-02
9.194582847913934653e-01
-1.574531827966241526e-01
-6.562790945384050501e-01
-5.866356912390691125e-01
1.533189792805414786e+00
2.933840853545683025e+00
2.268275939144553721e+00
3.466776141803486588e+00
-9.813570638398432244e-01
-6.404147378048938855e-01
-8.607336703467163286e-01
-1.364896711846411259e+00
-1.049431522214988810e+00
-3.345156018221867589e-01
-1.129799637152740344e+00
-1.791746537130322503e+00
-3.388971514968235343e-01
5.488433891557078503e-01
4.560315188709043038e-02
-8.184287156056457846e-01
-3.328680811996490574e-01
6.719420704941495570e-01
-6.785451375637010507e-01
-6.397091317375269703e-01
-1.869358743736982964e+00
-1.304108200176403720e-01
-9.522387309681816792e-01
-7.329181960128386408e-02
8.400504795147950565e-02
-1.187707755047296754e+00
-3.666655323237358877e-01
1.597523707899904499e+00
2.740479481903259185e+00
2.780039363204514391e+00
3.188696998100750690e+00
6.541639408855566273e-01
-4.885919808921266316e-01
-6.760528386867978856e-01
-4.027026489453667812e-01
8.591850774739183405e-02
-1.191924759729272865e-01
6.114578689310135040e-01
-9.080618009529133339e-01
-1.210942251419740101e+00
2.233968812504407708e-01
7.439195462412208082e-01
-2.452288899691006940e-01
1.508684440998049547e+00
2.880876398978565178e-01
-1.266767256165261424e+00
-3.354622281352018232e-01
-2.551976654915701914e+00
-3.498851991539633777e-01
-6.290476559840917359e-01
1.353812577045400367e+00
-1.099459722261873829e+00
-4.181836512027259367e-01
-8.347823713737724249e-01
7.482800207247137791e-01
6.168371634922888980e-01
-5.952586683726585753e-02
2.302058736632489389e+00
3.175439019619117786e+00
-1.117393085100556460e-01
-1.732014881825622465e+00
8.223868190680413970e-02
-6.385627373586230116e-01
-1.510590681380696632e+00
-5.498438847135290741e-01
-1.259859825918388188e+00
-1.820822756365349404e+00
8.097523220257120125e-01
-1.536814425586189969e+00
5.000593917603093352e-01
1.592410179338620280e+00
-3.484868089530523405e-01
-1.878416816798076816e+00
1.764580514071919515e-01
1.609732509627399832e-02
-1.162256054079933154e-01
-1.324270123367311092e+00
1.841908387852807805e-01
1.368724608812154908e-01
-1.646887790371822868e+00
-4.410414600807347624e-02
1.331973588070748671e-01
1.386601774440922918e+00
1.900000161515154051e+00
3.517348567591714215e+00
3.272892603574763637e+00
1.952411408984760621e+00
-7.736137858046036042e-01
-1.617176147175507284e+00
-2.877334328661922402e-01
-5.426162272444704504e-01
-1.854708288985499109e+00
1.327088097577817493e-03
-7.577556090161213787e-01
-8.777191396229497844e-01
-3.149534308295364737e-01
3.670152000349294341e-01
5.494559032773569385e-01
-5.564479791285108917e-02
1.255935923886725425e-01
1.180692881652443349e+00
-1.940466286126028006e-01
6.919451213228854369e-01
-5.564663604369158856e-01
-2.354838329481955927e+00
-7.050212666223897306e-01
-2.085650597601570233e+00
-6.249727848751530646e-01
-1.972500865327365405e-01
2.205812287049970344e+00
1.386387697533403074e+00
3.406877913896130483e+00
4.028747161867608284e+00
-3.088719456913749939e-01
2.125014411609925380e-01
-2.374094886570963681e+00
-1.913637140829911543e+00
-1.185508126998415346e+00
-1.562391988277033628e+00
-1.991480664030428116e+00
-2.283337044739286448e+00
2.820528438577217578e+00
1.150267274687887920e+00
2.045302355959926766e-01
1.185959059156919126e+00
1.397618358937149363e+00
-1.480189686860494902e+00
-5.900587037450496508e-01
7.752466974825351631e-01
-7.376917027306980623e-01
-3.523240234817535121e-01
7.420286070170556414e-01
1.439751694522789782e-01
-4.949508951087028819e-01
-1.273940943085188904e+00
-1.290189304568722495e+00
-2.423615433860179635e+00
1.966412937276610151e+00
1.823345820595301259e+00
2.977216683557582844e+00
2.415898784632064977e+00
-1.522208766905086552e+00
-4.833939774436576409e-01
-1.658291875567263540e+00
9.408616676449406413e-02
-6.065521774185764770e-01
-9.382943863274292307e-01
1.041118116051455100e+00
-3.786028836088813909e-01
-2.956783260501232857e-01
-1.844912707260716545e+00
-2.662918603014922669e-01
-1.221621598313104018e+00
3.369023238288828548e-01
3.104461489482458411e-02
-4.724461612176950598e-01
-1.193537288861478141e+00
4.193525853648166074e-02
4.579161179350118016e-01
9.202383882386827585e-01
-4.851068302893412620e-01
-7.753240003402047664e-01
-6.770907452944276983e-01
-1.578464074154982966e-01
1.533989884676322801e-01
1.928517600501337137e+00
2.613485576227658314e+00
-8.532311278100952745e-02
-8.414644694480905018e-02
4.366299380024878385e-01
-9.738784089391172571e-01
-6.575427566063906104e-01
-1.260759461209883803e+00
6.366998938239263328e-01
2.666247971696393826e-01
1.465413771429401046e-01
7.660544506144506549e-01
6.405587440361163454e-01
-6.071144005062553139e-01
-3.377375010123566113e-01
-1.243202582050098037e+00
-5.340839860470647862e-03
-1.007584609788871433e+00
-5.017919195349824779e-01
7.444381075501973477e-01
1.038821485999003036e+00
8.541899897121339735e-02
1.272846076749398980e+00
1.458817290502011921e-01
1.327480686916236330e+00
-1.921819412287987916e+00
-1.015936319801320709e+00
5.549820342317464128e-01
1.622904399968003730e+00
1.346415331941527072e+00
4.270895186071034799e-01
-7.691613872859346390e-01
-1.280895931351945682e+00
-2.082699918964345809e+00
-5.608780978489741331e-01
-3.279973538149690282e-01
-4.243338195586802697e-01
-1.036735003482062378e+00
-5.650113024760605729e-01
2.149293641331524451e-01
1.476256402519287858e-01
5.152281043701926189e-01
-9.354972699175908568e-01
-9.379679873810508051e-01
-8.952278665352279008e-01
3.902335208572477732e-01
3.851464130573514083e-02
-3.248983311914876437e-01
-3.048847329682284335e-01
1.234342066090963419e+00
9.517361068405596480e-01
1.552516325534965880e+00
-1.550476235577021189e+00
1.268718786473160387e+00
-1.289015748329030986e+00
-9.085132613513883237e-01
1.690649274546742742e+00
-9.381544216614019494e-01
-9.739936235714244384e-02
1.266412038862110734e+00
3.084495630321739679e-01
2.758874176599453443e-01
-4.054218113583585303e-01
4.300486166325936388e-01
1.471230340392310598e+00
-3.430679520770605340e-01
-1.982312576413453598e-01
-5.839765316560744379e-01
9.742978228215709580e-01
1.562066057947194997e+00
-1.029057292661669010e+00
-1.083926739643533144e-01
8.141503282562353450e-01
7.404027407307924857e-01
-1.653716806485417523e+00
1.149831375648103782e+00
-7.115816719893560682e-01
8.662893326475277211e-01
-6.107069861977074687e-01
-7.029559247892771534e-01
-1.192338321446202665e+00
-2.560050567986784098e-01
-5.655032191851436935e-02
-2.164587133114881101e-01
2.301482678526023395e+00
-5.472044017354456003e-01
9.639724878334611224e-01
5.438197174804432210e-01
3.607903449428048748e-02
-2.715612674304338725e+00
1.303873165972918802e+00
-3.411039344710577875e-02
-8.125521804714777030e-01
3.342612669235310308e-01
4.690141535320146993e-01
6.796552827988204537e-02
3.171540788109791786e-01
-2.118893495603634936e+00
7.029917719280927013e-01
-4.019356145552938075e-01
6.062350646161211998e-01
7.513951078419058849e-01
-3.500436718748686782e-01
-6.197177453709975525e-01
1.010485681355670851e+00
4.220484070746916005e-01
-1.519277495984756310e-01
-1.389460641816593123e+00
-8.097649303368642526e-01
-4.655248544172744807e-01
-4.689035396148323875e-01
-7.007828151546647844e-01
8.473086460607833770e-01
2.335503829486549887e-01
6.214635274574692447e-01
5.767763442166440324e-01
7.497237221390387063e-01
-1.242156782143367444e+00
-8.477836401839987657e-01
1.750648792852083913e-01
-6.184436941432772637e-03
-1.459677908145271541e-01
-3.956644821509057719e-01
-1.482184947045141143e+00
-1.639051310663489858e+00
2.325932111839424388e-01
4.036039799646802817e-01
-3.273336510374260655e-01
5.029571333697081537e-01
2.509999670472160549e-01
-1.435197070000588104e-01
-2.780879186363371391e-01
-4.936762887907769626e-01
-3.270527901232847534e-01
-1.792306998568839349e+00
1.188339168913041810e+00
-9.685216028422012624e-02
1.372057370248699337e+00
3.594434323329961378e-01
-7.648877486554496175e-01
5.600506888599302568e-01
-3.724116205217408715e-01
1.075385036244655534e+00
-1.173325224783015486e+00
3.828538816134818834e-01
5.287949181729068027e-01
-7.482766935642234385e-01
5.930076427385400084e-01
2.029536060193150027e-01
1.663683745036463879e+00
9.962701683046081280e-01
1.003021923950714767e+00
1.244076015002565816e+00
-7.697758788351279080e-02
7.355062920280965866e-01
5.073208890662277426e-01
8.792589446672358644e-01
2.748452817862354070e-01
-2.469898499096372380e+00
-1.245047554667460421e+00
1.008727100546931821e+00
-1.029315111251239312e+00
4.850710288299407980e-01
-4.641694375911010334e-02
-3.864872781713331595e-01
-1.050684327928127271e+00
-8.703500527610523729e-01
-3.772857146281178298e-01
3.844809516272039707e-01
-7.401917908255750689e-01
3.565004086534213079e-01
1.359847658083627175e+00
1.095209698487679351e+00
2.236094369035855900e-01
1.797070331790771303e-01
1.092301347773158904e+00
1.422684483641458497e+00
5.061129827047540219e-01
4.996323434978308664e-01
8.992585502138897291e-02
4.895168680806952777e-01
3.367723423749046097e-01
2.544566801960991942e+00
5.004670306167058325e-01
-1.383409981237282427e-01
1.177305835018283453e+00
-2.306413910149751334e-01
-2.000019375787800424e-01
1.143815699559194377e+00
8.738166651015046860e-01
1.228189926287238942e-01
9.147309209249901985e-01
-1.304068069746528558e+00
6.864135318743511682e-01
9.215132929186052868e-01
4.703034940606837244e-01
3.934290045479769682e-01
-1.099610219067897798e+00
1.186951638578630064e+00
2.150799858730829239e+00
1.267998775590626126e+00
-2.434454867617347751e-01
2.118441151549846690e+00
9.333369739171378798e-01
1.499328323494095949e+00
-3.239167871041495617e-01
5.045339037208982358e-01
-1.336538093876499689e+00
1.546773682758547652e+00
-2.510408566667363117e-01
-1.375029226036988295e+00
2.403384048904627868e+00
1.574799735330472350e+00
-1.177970013806264732e-01
-1.038571343393525304e+00
-9.802081239598170459e-01
4.234117982544519099e-01
-1.206449820159501751e+00
-1.403344015208175311e+00
1.918760996810675357e+00
-6.498774470734154478e-03
-1.995660461841348265e+00
-2.091383131125641004e+00
-4.072205236028604847e-01
-5.273796099059614439e-01
1.665557591181796582e+00
1.003152628415791670e+00
-1.635932260972764007e+00
-1.590151054634671435e-01
-1.166792842324934298e+00
3.051253542405809038e-01
-5.341105925467252158e-01
-2.585683900228735177e-01
6.343959860271033424e-01
9.671444362263768024e-01
-2.799538456968594935e-01
1.639993279342039090e+00
1.642314917650077977e+00
-3.588078042799737188e-01
1.737128420671068874e+00
-1.377273826513270016e+00
1.237377050704475678e+00
6.138419870608785578e-01
2.180831396416214485e+00
-3.693679622109709570e-01
3.589306418235083118e-01
8.364563446396388047e-01
6.395861288989386217e-01
-9.731888870098902578e-01
8.961382086050108386e-02
7.840390741467632152e-01
-8.619644180905047248e-01
1.238682862563511344e+00
1.682026162419923698e-01
-4.490290552543453884e-01
-2.169361539538824157e+00
7.486010830171130337e-01
7.531029814888889895e-01
-1.526217072821359988e+00
9.841889301489316344e-02
3.500233202042854486e-02
1.694890267563438524e+00
5.414361051160889726e-01
-1.697181770125732458e-01
-2.279467794161831040e-01
3.315361059680904110e-01
2.503149704318727298e-01
-6.168803375913677334e-01
1.357021260306047472e-01
