4.480611171313308994e+00
6.321125134781082622e+00
-7.666570581688075814e-01
-5.463345222306286608e+00
7.358290474975465179e-01
-6.890739608998986965e-01
2.015975660014717175e+00
1.230025544602713738e+00
1.259657735640913767e+00
-2.072713534096057408e+00
-2.401820056514287316e+00
-1.985290766765142267e+00
-3.922326732167416008e+00
2.222793841602139775e+00
-1.806764325366738977e-01
-4.379843101074213152e+00
-2.189238170321375687e+00
5.406949739021386092e-01
-1.864719372772048356e+00
3.911224033734262306e+00
2.190050562429110670e+00
-2.449150859676565428e+00
-1.117279302428063198e-01
4.321130218500259246e-01
2.816113224445512930e+00
-2.148399253326378489e+00
4.870219918957463534e+00
-1.957275854036473417e+00
6.126342487775116030e-01
-6.238519111842762754e+00
