6.400797457994491513e-01
1.790527745385055658e+00
1.437021094724695303e+00
2.275000273225754877e-01
1.094327722663225533e+00
-8.684649443256146906e-02
2.739923610704420032e-01
-2.202409668234375506e-01
-6.144548807251494493e-02
4.795688025101748075e-01
8.732810413280057693e-01
1.511120375668377536e+00
-1.195336988510701942e-01
3.460147827525369285e-02
-4.333449836265440003e-01
-1.149641400387092727e+00
-8.208463506268759424e-01
3.708481475325125371e-02
1.315280365370230298e+00
2.166810806057319017e+00
-2.979048145901918021e-01
-1.631089030504635051e+00
4.940856023581441936e-01
9.263997869012242647e-01
-1.898631217253469838e+00
-7.003449053955393966e-01
4.442282619406020538e-01
4.606603160688659826e-01
-7.199188094667661186e-01
1.642725432096634686e+00
-2.656410425755031390e-01
3.696946172123781738e-01
-6.801375542188388135e-01
3.031968857399306994e-01
-7.540461686488183490e-01
8.584601475245242641e-01
-1.144936988296554325e+00
4.920000834694291392e-01
-1.125759362942809316e+00
-4.219669093846747931e-01
3.296792461414234099e-01
1.219727155583713307e-01
-7.544121544086792586e-01
3.627239919344407704e-01
1.156737129271392071e-02
4.250373715471464364e-01
1.882852032275438361e-02
1.447468059441966881e+00
-7.801029033485822051e-02
-2.833121528528517144e-04
2.105077276570838762e+00
3.518955563521985463e-01
-5.258186091045822241e-01
2.618500739248191822e-01
2.929788652876342270e-01
2.898031749872943819e-02
4.265414495560237440e-01
4.296086465844407565e-01
3.089753386430637572e-01
9.506353459061186451e-01
1.691818814101129886e+00
1.263580106917616019e+00
-1.095429258798165995e+00
-4.253189529577188766e-01
1.460935441506712729e-01
-2.174667032181222814e-01
-1.261894096305946400e+00
8.304097699834684931e-01
-1.263828358580873390e+00
2.010119095478390405e-01
1.446771190447395383e-01
2.678447619481943431e-01
1.440724040310016774e+00
3.362704001468528325e-01
5.456842181322621443e-02
9.997746042380743769e-02
-8.136639043567424068e-01
7.492384619618978059e-01
-1.053560196495371359e+00
1.573916704165489344e+00
-7.525790325941272840e-02
1.763525035292348164e+00
7.405791022345776797e-01
-3.268671192932541270e-01
8.714537765654083445e-01
-2.848019343953345217e+00
4.562775227652524079e-01
-1.088021635376407392e+00
2.862392867345374459e+00
-1.408721515952797487e+00
1.502252501023726650e+00
-7.684865824132866008e-01
1.368348878097671140e+00
6.414246244023584786e-01
3.484158975723916640e-01
-2.798499726401309715e-02
-1.226155861652367118e-02
-1.990639978113212916e+00
1.804956578529877953e-01
-1.755409105923790181e+00
-1.034001103386959386e+00
1.214422706762589232e+00
-2.341159762771021224e-01
5.095671360383134674e-02
-3.997612129395639036e-01
-2.879993983368910881e-01
-8.836990027788613755e-01
6.397458822082734142e-02
-6.565195458139236884e-01
-1.619342825554249687e+00
-5.728565455892087321e-01
4.483486296593595100e-01
-6.500928564444527491e-02
-1.977990594556919168e+00
3.151402431810228222e-02
-1.067266044014951731e+00
-1.352888005417060668e+00
1.265493384504652319e-01
-3.346880444840278912e-01
9.110346250793326384e-01
-1.752071802303020398e+00
1.011582516799569120e+00
-2.401776766614020620e+00
-1.433940747538753113e+00
-5.374539269232707639e-01
-4.018613274601530727e-01
-1.063995340749875451e+00
-7.095628839220309292e-01
-8.643987115641073027e-01
3.329330023075981471e-01
5.693455597937258084e-01
4.653464791875118189e-01
4.998095433586619007e-01
-6.291863094996608119e-02
-1.228786642621774838e+00
5.242736030952021009e-01
5.613524850019461221e-01
-6.123859097278061547e-01
4.244280663994027258e-01
-2.416114477087086820e-01
1.564090759959088750e+00
1.891810977178587150e+00
-4.538638578790275546e-01
3.106498141796732587e-02
9.568124684009507996e-01
-9.454161269951071311e-01
-7.472370761852273890e-01
-2.843480075433817977e-01
-1.089507161194526397e+00
-3.129527607448526205e-01
-8.358475369533191479e-01
-3.783667587587982717e-02
-1.379806549314435582e+00
-1.597182181169074067e+00
6.318116420758772556e-01
1.691291311129480279e-01
-9.541222336567528606e-02
-5.979248322400696480e-01
-5.589139871771726664e-01
1.025578922360192990e+00
-4.243316965085175974e-01
1.562400812896236335e-01
8.987268569529451856e-01
-4.986353076105928261e-01
7.747977826608403173e-01
1.887687178435366042e-01
1.077433552256109373e+00
-5.848338337650204055e-01
3.353446121327375185e+00
-6.499052575762640505e-01
1.203802114584464400e+00
1.907312150012108187e-01
-3.920905654393426754e-01
-1.159893317281756708e+00
-5.447963580940058392e-01
-9.398733822554132811e-01
-1.349348128991452622e+00
-1.040810885029212596e+00
-2.300932262514388871e+00
-1.331518600198016378e+00
-2.015606192906981065e+00
3.583485134428701091e-01
-1.218552780962559173e-01
-6.950115958804040650e-01
1.126006276251806798e-01
-1.607826293436041554e-01
-1.170471110538651160e+00
6.486597410174692602e-01
2.340257989559415275e-01
2.958338880696957940e-01
9.548863519471227912e-01
-3.672710150355706360e-01
6.282306514928308327e-02
2.136019253265268425e+00
3.578424851930896433e-01
3.627226436100974838e-01
-1.747483028577869191e-01
4.730359963901789033e-01
-1.577916751864731626e-01
1.480396550132167865e+00
4.360953611833560672e-01
-1.813964963900092986e+00
-8.756275709050400646e-01
1.070938477626506513e+00
-1.195070383639184941e+00
-8.961482120251575978e-01
-9.195820932564980899e-01
-7.655116545513419579e-01
1.532877810041960165e-01
7.084791183205951803e-01
1.059002365856070993e+00
-2.146636861535451135e-01
1.290138163174923136e+00
2.196381643742742362e+00
-2.723127070374402603e-01
-2.846115901937926740e-01
1.057038928967905189e+00
2.413556728471030421e+00
-4.836772574123311408e-01
-1.097560312826945994e+00
1.145334893274395222e-01
3.151299526588856037e-01
4.278814317473262907e-01
-1.003158436247348240e+00
1.471810803137226564e+00
-5.666078338293776412e-02
7.303256527762289618e-01
-1.228225462095913656e+00
5.663406413384083349e-01
-3.083266859648907676e-01
-4.153498350089263047e-02
-2.025974795586360511e+00
-1.389606753595148181e+00
-4.782569724705222347e-01
-6.661085925093530591e-01
8.339765921927068115e-01
9.351887544870389479e-02
-1.923169150772781333e-01
-6.606000834610397110e-01
9.454362405267721092e-01
8.368703616250905419e-02
1.199511839513340616e+00
-3.724158524855353258e-01
-5.110773091275423452e-01
-1.151393143627949200e+00
4.836195372200395859e-01
-7.031099266225527833e-01
8.876239438817761229e-01
-6.172355826736374285e-01
-3.534013788714661652e-01
-1.281270389190580561e+00
-8.919265615328266783e-01
5.226904278984844110e-01
1.377473596632798225e+00
-5.772882400806993164e-02
2.741994368389477077e-01
5.754004438868660920e-02
-1.127237922575229589e+00
-8.721871695417527937e-01
6.840730252676676670e-01
-2.143877873598616091e-01
-1.606025981593091068e+00
-1.980104937029309176e-01
-2.609191244214121852e+00
-1.251559688346024490e+00
3.187311295748133655e-01
8.882106381112330196e-01
-1.769713177848613594e-01
2.735151159878987936e-01
3.733340146602918130e-01
-7.345557325761025158e-01
6.445586135664898020e-01
-1.715999418090602635e+00
-8.924045410461853844e-01
4.800836662331333105e-01
4.013718492940089866e-01
1.690785353858634155e+00
-9.801721416977335899e-01
8.332090045363194086e-01
7.360606319284862531e-01
-1.515668615714983014e+00
5.078009830732452823e-01
-1.015111300858418053e+00
-3.812984335710162820e-01
6.062389250383543038e-01
3.538874705470401727e-03
-5.729539556500015118e-01
-3.563562195779085284e-02
2.403355373270562312e-01
-7.928264039983855538e-01
-1.320388910211131694e+00
-3.842120113032870266e-01
1.176989840243822250e-01
1.235275310361191758e+00
2.240628351086089598e+00
-4.683883754658980103e-01
1.224200435053712344e+00
-8.662085130024748114e-01
-2.271663938192315380e-01
-7.690277060197355796e-01
-1.353231646493553431e+00
1.953230544237234634e+00
2.192662629528245866e+00
1.653435270524832079e+00
4.274352651003757164e-01
4.037638737748586726e-01
-1.140160840207826265e+00
-9.832300057163182450e-01
9.660758033667894706e-02
1.036377387904072300e+00
6.411571547268307691e-01
-5.335961338006853794e-01
6.831978661170935441e-01
-2.175441585029677383e-01
-8.044601023177176957e-01
-9.250647160993600293e-01
2.059066928615357617e-01
3.254282941273195506e-01
-7.812634033941397993e-01
1.021239431912507545e+00
2.093606231276016416e+00
2.736400058885110620e-01
2.597483267910986715e+00
1.905766431285454754e+00
8.561924617701092144e-01
-1.076664496718354735e+00
-1.503919500144557331e+00
-9.952875982404266741e-01
-8.236707197262933544e-01
-4.825386052789061853e-01
-9.170237223949732064e-01
1.442869265994547234e+00
6.436652123053008268e-01
8.227500644650772577e-01
-9.924071790170616025e-02
-9.379634912741817432e-02
-6.606385746900024503e-02
-1.000785469529936522e+00
1.266797892269799330e+00
-7.214880116771563712e-01
9.747509820680219095e-01
-1.303834399210318074e+00
7.255235752663419246e-01
-5.241207992790136716e-01
-1.274994227521057732e+00
2.198506555924514938e+00
2.911732257241274602e-01
1.228328156115052971e+00
7.582518691133589561e-01
2.786085099034221191e+00
8.691254322150681055e-01
1.173207771761273888e+00
9.988157193051222515e-01
1.282125641718011577e+00
-1.015174844109815178e+00
-9.596057053376645385e-01
-1.712388538900289525e+00
-1.813937884903761733e+00
-1.465980737621956465e+00
-4.251356179369027988e-01
8.209237300019360806e-01
-1.791262786743086144e+00
1.444325772482414338e+00
-1.070669714535767980e+00
1.560434900912983647e+00
-1.513731920729845526e-01
5.111443464501366218e-01
-1.664241010964235157e+00
-1.743982740361544881e-01
-3.711041460496632416e-01
-1.315500676783200928e+00
-3.981124366051058683e-01
-2.683475568996452343e-01
-1.768557893768062161e+00
-1.176766630847287054e+00
9.609338987601807880e-02
2.034105542878141826e+00
-5.492206304334599221e-01
4.990569133974641636e-01
8.457008173643782989e-01
2.051991076834785321e+00
1.808274080794505800e-01
-2.067684511883972842e+00
-2.700539963385610864e+00
-1.624859977991770288e+00
-2.617741149025905933e+00
-2.156846935302034751e+00
-9.385648397860896219e-01
9.176912007320020548e-02
-1.607301123307083579e-01
-2.351789563942610628e-01
-2.658334464651935791e-01
2.313687342887349896e+00
7.480399435655347984e-02
4.488367209002691594e-01
-1.303226155780707607e-01
-1.076134898324468070e+00
2.232225688815773434e+00
4.633322923113834535e-01
-1.444612305900836668e+00
-3.203332865328017420e-01
4.433785961450386615e-01
-7.994731606539657864e-01
1.647387375376672958e-01
-5.214256667910980303e-01
8.945039374671772681e-01
-1.839664712128219692e+00
-3.080164499314174131e-01
-1.695442156291057545e+00
1.096339805273574441e+00
-1.289520683731638639e+00
-2.447268888321773694e+00
-1.675508457364600412e+00
-7.857752054822686461e-01
-3.048697630924623869e-01
-1.244432788729805894e+00
-7.887741906570916450e-01
-1.142707785259825304e+00
-1.282715190189281262e+00
6.903464424636719665e-02
1.208813311677871649e+00
3.428589116427754879e-01
-2.318214597220762674e-01
9.067845679706530992e-01
4.881166988461129730e-01
-1.806413947100795170e+00
-5.316842917105291111e-01
-1.971583006104011382e+00
-1.260710485978478124e+00
1.478278860167806963e+00
7.132034874279293835e-01
-7.842664324888893868e-01
9.323932840375305856e-03
-6.318906544941190750e-01
-1.267182195993292515e+00
4.645155998867827041e-01
-5.182266749410132656e-01
5.484965358547606584e-01
3.498295285544226751e-01
-1.711322493219058938e+00
-1.132650034969658215e+00
-5.305318036920384506e-01
-1.140541723827690479e+00
-2.246442571723569204e-01
-8.444305645638202629e-01
1.613215666220122191e-01
1.028754493428690298e+00
-1.955692329282887054e-01
-1.522343945526346831e-01
-1.601216610381617000e+00
-2.211538081426274449e-02
-2.012928020881334101e-01
3.791740355075713942e-01
6.543401936501197502e-02
-4.481588231071336748e-01
-3.333218324949479006e-01
-1.092925298696340475e+00
3.657251996673014927e-01
-7.458291466028931227e-01
-1.199049167695817042e-01
-1.555228998692713693e+00
-1.429734880095179905e+00
-5.911091245343105260e-01
-6.011251363085785560e-01
-6.681517529063869532e-01
-6.458971958279086101e-02
-4.868022380373621116e-01
-1.965309168830034370e+00
-4.039296453459025882e-01
-1.346266727657335682e+00
-2.252497776605471846e-01
3.025623465832223413e-01
-8.622533625771431343e-01
6.092980687164781806e-01
-3.979494706545561034e-01
-9.860960323514954273e-02
1.021155399257958951e+00
5.229449785386739435e-01
-4.377748796935087561e-01
1.644154218435739945e-01
1.249843497333247289e+00
2.449592683252730829e+00
-5.621030107990067082e-01
-1.431022564609665926e+00
-1.311245571746940008e+00
-1.858290919928969886e+00
-4.598699222840612055e-01
-2.357841538354462863e+00
-3.494435820191946762e-01
2.105553518481745601e-01
-6.290868260308301041e-01
-1.485317249637533588e-01
7.258458919505078599e-01
7.405554317211889837e-01
-2.492743941966436283e-01
-2.902066183811116584e+00
2.684775863526856488e-01
3.972073857577321232e-01
-1.723276790149442350e+00
2.498708583797209781e-01
-1.710646278478991089e+00
8.469256854999827056e-01
5.308605042169068922e-01
1.129586852369782513e+00
3.958738473729666585e-01
-1.487242889481768637e+00
-1.259534003611442188e+00
3.943988797854171002e-01
-5.289147125782123204e-01
1.231093479745146504e-02
-1.749959759465009312e-01
6.835931324122798136e-01
-1.049124826548757383e+00
2.673706631087729435e-01
-8.866089882142580425e-01
5.237201390690539027e-01
-3.067450984068782749e-02
-6.676344203623230111e-01
2.365920446296603252e+00
1.272069632190302002e+00
-5.543626992517052265e-01
-1.730506464301480474e+00
-1.598678678525859098e+00
-1.824646135619090392e+00
-8.091062965323081446e-01
-1.873311821468111482e+00
1.363280030843770918e+00
1.855605286622024952e+00
-6.051828768158501459e-01
1.088008773084260916e+00
3.861360235730885299e-02
-3.289055314432515198e-01
-1.311559167930590242e+00
1.178986347920609079e+00
-9.940802539751821820e-01
-2.376772024415228834e+00
5.775425123383165493e-01
-1.841811251083784184e-01
6.047196079999114238e-01
-3.557498626396859986e-02
-2.601178883800976394e-01
-8.126924455465105446e-01
-4.455058980635878130e-01
1.024081167363395384e+00
7.261475674311089756e-01
1.872624007222084330e+00
-1.501218892780935787e+00
1.023383547208766453e+00
-9.478469791746428896e-01
-4.716987619023159661e-01
-1.845246385025789637e+00
-7.622255041474286230e-01
-1.282793575454451274e+00
-9.517383808885744312e-01
-1.776822052188720968e-01
5.132621597328412832e-01
-1.105386819553650701e+00
-7.837680374039263098e-01
2.401940778140079780e-01
-5.166424948925473215e-01
-6.453183428172880598e-01
1.918650373588403624e-01
7.508182894804437124e-01
-2.226117913931731085e+00
-3.841286411471709489e-02
1.187268241357316012e-01
1.669100708475136807e+00
-5.229250972317067703e-01
8.185782015971150294e-01
2.756364316985849827e-01
1.490560837552181050e+00
1.489834268281525487e-01
-1.070343362063425618e-01
1.019506047999827913e+00
2.143383595774790984e-01
-1.305653833729109925e+00
-1.301410701084754207e-01
-1.204574870094001771e+00
-1.102883132699828961e+00
-6.976016419110436795e-01
-1.643490400258447171e+00
-1.692885412386420985e+00
1.230904304929580501e-01
-9.531554331120971613e-01
1.145699343539309023e+00
-1.534621915340016907e+00
-6.098909427887384549e-01
-1.312810082865663697e+00
4.914511727630038740e-01
1.440070014280290023e+00
-6.675431731980548955e-01
8.935663280849347467e-01
-1.706970678374962191e-01
1.072187724271000508e+00
2.372392655611996304e+00
-1.228954298113353660e+00
9.523551300496357896e-01
-1.223867753188763841e+00
6.241870097297668174e-01
6.750549118299288276e-01
4.946554387912782125e-01
2.961302050020160181e-03
-1.788337013016065014e-01
-8.832543834831596552e-01
-1.308027700665581383e+00
-2.655738374307539673e-01
-1.668595830557632609e-01
-1.683725865335282901e+00
-4.897029378716703622e-03
7.625168915279308957e-01
4.492762379652015525e-01
2.592236035895576496e-01
-8.102888781493053916e-01
-9.618466535909340198e-01
2.994144839449922046e-02
-3.150506367247762896e-01
-1.229554679208710199e+00
1.475904666069246307e+00
9.062797537453259888e-01
-4.224112559044218562e-01
2.568970765290579550e+00
-1.365950953295806736e+00
8.594378242175887417e-01
-1.809891412905326957e+00
-7.587747390664425495e-01
1.175896566354955430e+00
-1.316657940066738031e-01
-1.470683970181170530e-01
-1.043697804657673034e+00
-2.329747862452883123e+00
-1.599493527501278656e-01
-2.054126780108804506e-01
-1.527233765914853381e+00
-1.429793554199845884e+00
-1.105626175279611489e+00
-1.273901638924066715e+00
7.063557773345331414e-01
4.595565459058365554e-01
9.173687054868184809e-01
-2.670975917992020679e-02
1.682608710041987587e-01
-1.027057946939748667e-01
1.632118657423094366e+00
-1.478019628078529379e+00
5.912426674783355374e-01
-6.354199275584260231e-01
4.406275552844417520e-01
2.001384052447683637e-01
-1.021155169865808121e+00
-1.090871872278554200e+00
-2.248703121987991160e+00
-5.939272374976832802e-01
9.811511650099733473e-01
-9.475885119830814718e-01
2.217866105649799191e-01
-6.937442854299213923e-01
-2.673707255958462259e+00
8.325739889587993603e-02
-1.154227407746937883e+00
-8.789505385399244419e-01
-3.429595125246034382e-01
1.680830094001908748e+00
-4.516086722281689725e-01
-6.968105399501406394e-01
6.419221826913606944e-04
-3.067115853299736544e-02
9.693668497552825059e-02
5.067207809046894162e-01
-5.330488065127552133e-01
1.379528856179179863e+00
-9.665306292499066254e-01
-5.586512799479353975e-01
2.420061356130439600e-01
-4.467529529252871612e-01
-1.501769005159668158e+00
6.576897496313914848e-01
3.510044737903598722e-01
-1.577275839637863608e-01
-3.792978995135724007e-01
-2.254722922954495168e+00
-7.522854084386256801e-01
-8.376214720690007276e-01
-6.395278471434080458e-01
8.003566301926435811e-01
-1.226984188877813020e+00
3.389411944510966057e-01
-8.024023537848569143e-01
-1.238259847057576524e+00
-4.058091180710114189e-03
4.669366936510627730e-01
3.903724754838766575e-01
-1.117051807412209774e+00
-1.171559161421929840e+00
1.977736317661457299e+00
1.304135718569782831e+00
8.931750078857132458e-01
1.578461592411027237e+00
-3.284585647643654127e-01
-5.201458329810223491e-01
-3.703254737475603076e-01
-1.978601550332790004e-01
8.419648418566950676e-01
-9.966972411514081198e-01
3.526915946022546322e-01
-4.830961306768696839e-02
-1.015165676374586212e+00
-6.684714522447386953e-01
-1.713292411366122092e+00
2.423178858203528518e-01
-1.252323935486412188e+00
1.251819950794477720e-01
-1.731349466005441540e-01
8.007110373320661667e-01
-4.999596871625059946e-01
-8.229323126708760761e-01
-8.206132832740001826e-01
1.001565692365445237e+00
1.747466882071883498e+00
-4.729888111489026770e-01
-4.051417121321238546e-01
8.394255376815439318e-01
1.271353995088122746e+00
-8.544303212940824732e-01
-5.552476106874411066e-01
3.283139811771224603e-01
-7.946639462197065962e-01
8.463883740764411856e-01
-1.608236746960902463e+00
-1.418357329243767617e-01
-3.431583596528278601e+00
-2.234124204194256169e+00
-2.800461359682475115e-01
1.100034983005801492e-01
1.047405426335862311e+00
-1.361512514024309839e+00
4.142128544865771866e-01
-2.253565126962891740e-01
-1.906255026838666877e+00
-3.027454917123160172e-01
8.761419847209002409e-02
6.354029500528853847e-01
-3.519082411546065603e-01
2.354736397643256846e-02
3.723077180646706119e-01
5.298695909091291067e-01
9.427009974431314054e-01
8.026104937543799833e-01
1.403012961947927684e+00
8.417690786535410030e-01
1.526217242747986425e-01
-1.157115608574047938e+00
6.887278993915024738e-01
8.302719927715698223e-01
6.601671709409641098e-01
-5.138224185444713044e-01
-9.659966356955574929e-01
-2.610953938296209920e-01
1.245994248289046480e+00
2.305508920156069397e-01
2.511554775217440527e-01
5.187813927638503797e-01
1.152422782503696563e+00
-3.332488278054264175e-01
-7.902281975589241503e-01
7.295027398181057610e-01
1.051661372653016402e+00
-1.404311151263428092e+00
4.038686551592479135e-01
-3.034703409994937151e-01
6.052666451228746469e-01
1.109117033209930492e+00
3.030385625821158668e-01
1.212845506306880372e+00
3.022809901018225776e-01
1.263973997456505405e+00
2.201380189430011125e+00
-2.570820840472333724e-01
-2.707683137691518360e-01
2.687385319731168676e-01
1.776252557284571931e-01
-7.740561850183125259e-01
-1.636510863916681158e-01
5.828317168303892570e-01
-3.334706826013758008e-01
