-5.711540922249976893e-01
-5.640625057926613728e-01
-3.667782277424015969e-01
-2.381434566190250013e-01
-7.691050026072309143e-01
4.180438879127400947e-02
6.877728130125850825e-01
5.374070152344859741e-01
-2.705957865892015146e+00
-1.486093971456521612e-01
-2.737282363786109340e-01
4.126236697649046103e-01
-2.795574424364715566e-02
1.596976659142856914e-01
-7.114587101085208254e-02
-1.002395804784993905e+00
-1.052814004833364958e+00
-2.538685264326512869e-01
-1.302949391131134060e+00
1.163728103573551387e+00
5.110699831105837143e-01
-6.827953703355739146e-01
-3.533946036429360116e-01
-1.124406535086737380e+00
-2.916879139419703559e-01
-4.477511173916699505e-01
5.251728881571667840e-01
5.032248022000038179e-02
4.381436858705723414e-01
1.213167664139202406e+00
-1.749352926328496149e+00
9.148285564614440091e-01
-3.352227323805364034e-01
-8.528355703504844065e-01
3.002636383825323385e-01
1.051777655383453025e+00
-1.035315726647287216e+00
7.254116464822560895e-01
-1.749168965879439874e-01
-1.373500898031016604e+00
-1.212857605580556442e+00
-6.931920349171702966e-01
1.156607588660678587e+00
-1.138367964323496323e-01
-5.686262792168730318e-01
-7.309602125972325393e-01
-8.771988360442594113e-01
5.366092556611204434e-03
-5.738396308247030175e-01
1.010367526828822804e+00
9.604726395326097788e-02
-4.333332906200974555e-01
-1.375503904057096438e+00
-6.580322743316128209e-01
2.397939425461053375e-01
2.317236366708465556e-01
-5.588096719307662497e-01
1.377728814886073572e+00
-5.709027955305715496e-01
-4.641545972868423853e-01
1.775928209627541110e-01
1.050381164113966204e+00
-2.721267137272516679e-01
-3.885859551755853625e-01
6.675131491145974705e-01
-2.617064396435968276e-02
1.798488763588658612e+00
7.731757043957613318e-01
-7.804223184128272761e-01
2.797321235342434265e-01
-5.597657067327260760e-01
4.805529639785324214e-01
1.661438883032115621e+00
5.847285652283586987e-01
-9.570672413921601507e-01
5.897307942298094519e-01
-1.343950245795757725e+00
5.754718447573244772e-02
8.587426529358265226e-01
3.082444440751886949e-01
-1.815268448240705768e+00
-9.966545868102963945e-01
-3.460122816054772565e-01
6.338068557446189244e-01
5.576408083743883415e-01
-6.295538016659282254e-01
-2.031583135566984666e+00
1.699892919296127070e-01
6.859468095257118536e-01
5.759602826375900264e-01
8.740923030328479060e-01
-4.750716010922028110e-01
1.391400742561076376e+00
-1.078787250765427030e+00
-1.581575171475735564e+00
2.263388514969978171e+00
-5.005442801943660314e-01
-4.843568248124270337e-01
-1.608663028998456035e+00
-5.604225180641497772e-01
-1.214285482179489950e+00
-1.377114976609019381e+00
1.363344266614329170e+00
-1.841924457578402619e+00
2.849722067299555461e-01
1.612213001445397115e-02
8.655761277822519029e-01
-1.402902779903359709e-01
2.304851524142971508e-01
-8.584302494121865967e-01
-5.673010005351622823e-03
6.911768198826055976e-01
-2.219830023842971622e-01
-1.127928330767940635e+00
4.574739397787460637e-01
-1.381717534026902117e+00
6.708673268125300293e-01
9.440166178281362841e-01
9.090005745575836515e-01
2.646737624858860327e-01
7.291108417785668872e-01
2.046953870091033356e-01
1.707684121444256631e+00
-1.233841958926009882e-02
-3.104549127443017031e-01
1.578148785395763198e+00
8.417659549821451259e-01
1.236099982186923407e+00
-7.235754832041383366e-01
-2.639209220832534064e-01
-2.601486256439844991e-01
-5.435201998331919970e-01
-1.474936056174048771e+00
1.393967155382360934e+00
9.756429941975034437e-01
-7.106424687722985301e-01
-5.548513186651825579e-01
-3.387732482626731184e-02
-2.561279174175365547e+00
-2.167029015944128001e-01
-5.921782468734444471e-01
2.645237737897400132e-01
-1.446484726114672936e+00
1.289719451180681098e+00
7.623374184276313081e-02
-2.074659884685569333e-01
-2.307815229695581838e+00
-1.815845066532678354e-01
-2.330364483633748929e-01
-1.557721780652874255e-01
4.894764312865657052e-01
-4.677776867808440819e-01
-2.868955877961433254e-01
-1.328636106621869484e+00
1.185446576949234831e+00
6.298653276301406922e-01
4.730224002181546150e-01
-1.204041550944154326e-02
-1.295848387669350954e+00
-7.399958662753577388e-01
-6.977554764992877079e-01
9.499216582704593792e-01
-1.804738423178595896e+00
1.449498927454349884e-01
-1.533759304227175990e+00
1.970533092142365550e-01
1.085973850978022154e-01
-1.277647728780040293e+00
2.848450719943014797e-01
-1.438537691927430640e+00
1.241659740009747326e+00
-1.723531091436112828e+00
1.045109766621654890e+00
8.266730970093166819e-01
4.185203307862037647e-01
3.468177463144020423e-01
-1.255275021671180102e+00
-1.196117330242248089e+00
1.003952529341959332e+00
5.726568260014056611e-01
1.792766029824522656e-01
1.419552139766071530e+00
1.886900995965863359e-01
-6.343812474256986800e-01
7.814718728402331172e-01
-7.559651992757532302e-01
4.711041265170602399e-01
-3.566972613438602613e-01
-8.857931165927189765e-01
5.330455356465658712e-01
-5.248772593762652816e-01
-4.667088283036155416e-01
-5.678237225068433897e-02
-6.792765317106876921e-01
1.446829635814827375e+00
-2.422234443278923788e+00
-4.252673931280540054e-02
4.727222081054096026e-01
7.756864111073846768e-01
1.453532416879109279e+00
5.853334729399225500e-01
-1.695814746609914048e+00
4.150007317300264398e-01
-2.430442212177837402e-01
2.105474432012082453e-01
3.776724079949231316e-02
7.494624909798978107e-01
2.686768520285666706e-01
6.950337185670423246e-01
-6.049940763171854918e-01
8.576059485233609170e-01
-7.149303971531161261e-01
4.090503774535267367e-01
5.305821630116246829e-02
-1.525620030222509360e+00
-8.916867267287744703e-01
-4.452676047422293171e-01
-4.832112078517583620e-01
1.125470795321331208e+00
1.183607956621169244e+00
-2.284493970980455702e-01
4.659837784117172865e-01
1.324771595577415972e+00
8.654650062182760450e-01
-1.353265855127312900e+00
-4.919974035728599815e-01
-4.522986271809253944e-01
1.716933046626073489e+00
8.012159824733275926e-01
-1.330499398903689290e+00
-2.427954187479504644e-01
1.966797764069563859e-01
-9.731483681452748336e-01
1.375853950095076161e-01
-9.419063166280915445e-01
-7.874502365381130797e-01
-1.578328687039108891e+00
3.016973155700916065e-01
1.079956152124258439e+00
4.349779564647940910e-01
-1.638828296980727517e+00
-1.751329894780299767e+00
7.435426408093313011e-01
-2.514541731328324037e+00
6.650137802622855254e-01
-4.124120225996391609e-01
-1.200526749967982143e+00
1.569148271985829624e-01
1.817289247471875202e-01
1.275743949304519509e+00
2.404535215541965698e+00
8.774547727073314651e-02
7.770796309314131900e-02
-8.474911626045290580e-01
1.384901546000032235e+00
-2.638391861207392206e-02
-1.829634808385308231e+00
-3.042877004524072726e-01
-3.673331834508811178e-02
1.612783915309785598e+00
-1.465578957040630514e-01
4.460213731295992745e-01
1.257101478189102083e-02
2.552273383097365955e-01
4.416968217175357148e-01
1.369015062976902009e+00
7.122050056342632551e-01
9.579228435505557360e-02
6.428397017747769504e-02
-3.826300339214317447e-01
-2.262672686666898691e+00
-2.546912316649339036e-01
-1.492043181904077809e+00
9.109146724642807058e-01
6.749477742253148227e-01
2.929427441347386141e-02
1.421745800492597800e+00
8.255122440203016554e-01
1.692644506669257476e+00
1.803387273259473567e+00
-2.129909057376633552e-01
9.091268512560109205e-02
2.018232250715839005e-01
-4.035135163682938564e-01
3.354126857844003801e-02
-7.952073758557957062e-01
-2.401429331940765355e-01
-3.804500643025852114e-01
1.205203617074867672e+00
8.641305964135064244e-01
6.456493896787667275e-01
-4.677070590091124136e-01
6.508304098875111743e-02
2.603300453045815477e+00
7.916504927528534852e-01
1.406384987499083472e+00
-1.386426721775034343e+00
-1.995976251221851516e+00
-1.547927485553757698e+00
-3.101974897142462662e-01
3.114558967841674630e-01
-1.281805599716296706e+00
-1.148956249791847385e-02
6.881924063217716991e-01
-2.407049319952797584e-01
1.743361820175805876e+00
9.412699347867918842e-01
-2.790199329948904183e-01
1.161192399539024978e+00
-7.638813607418661888e-01
-1.863127510269830145e+00
1.699776517142369325e+00
-2.574113946111720619e+00
8.245512113237086771e-01
-1.667778854503696007e+00
-3.347079099302803784e-01
1.342443685999593184e+00
3.156775967803076011e-01
4.592986388878768089e-01
1.068367472414262442e+00
4.981526539856493963e-01
5.703324973432041256e-01
1.909252084236619629e+00
5.243403519422479286e-01
9.184673480426533976e-01
-3.177338178565649596e-01
-3.890841740114452940e-01
-9.011184803959562117e-01
5.623603796438523261e-01
6.372960312767396163e-01
-2.567481001895161263e+00
8.150140443506227739e-02
-7.135226947044396306e-01
-1.162134078489626798e+00
1.665554997382136859e+00
1.375959625167877953e-01
-1.029395821880716294e-01
9.733223066493530418e-01
1.677972667023611142e-02
1.348205043340191256e-01
1.395475096987111696e+00
-9.791479880780171730e-01
2.326232821640090154e-01
-5.417198941111895927e-01
3.782943736238043586e-01
1.441977295859819153e+00
1.528409279689936007e+00
5.217758603019321262e-01
1.930517119436462981e+00
1.007956318463989615e-01
6.604826215516086396e-01
-6.775342776198109984e-01
2.488215991087282808e-01
1.009693394831843588e-01
-2.449751344709955259e+00
-4.347145223911021428e-01
-4.511635095713432686e-01
-9.453102167480104123e-01
-3.414561649550196254e-01
-2.527982458739289839e+00
-2.587213693530595826e+00
8.235629924896616938e-01
1.153188224843604559e-01
-1.842345668665821945e+00
9.336600774157359783e-01
6.457505426104747093e-01
-3.760673590133005173e-01
1.110879596228625671e-01
2.867967496217846413e-01
-2.419660600566786446e-01
-2.343503887751046566e+00
1.700607275836644616e+00
2.036806442434708764e+00
1.001830814845268591e+00
4.059425005281973586e-01
7.637304754837478393e-01
-7.087385342196619309e-01
-6.427447070742590141e-01
3.441944095534150705e-01
3.368856153779862250e-01
-1.477350766664506654e-01
7.310745870277547409e-01
-1.022643292927257197e-01
-1.263131109850837541e+00
7.060910440027317048e-01
6.603757610249748611e-01
-1.117723506248355259e+00
4.018302942144995060e-01
-5.216698395167820301e-01
1.210797919453424853e+00
-1.188955615399973631e+00
6.716229672289666386e-01
-2.118174899728380092e-02
6.653923628508867649e-01
-5.397224853741314776e-01
-1.216981002128191491e+00
1.772252703155408948e+00
-2.264878839837510149e+00
-1.539975758820173013e+00
-1.366567446857284374e+00
-2.406760731407994458e-01
5.635932508462317969e-01
5.590597353449546780e-01
9.010725849255518671e-01
-1.956200083861221184e-01
-4.611541210606959762e-01
1.462313340835992292e+00
8.811879810495883147e-02
-4.666641335340496882e-02
-6.729638905129354809e-01
8.358601707758728239e-01
1.017551240659674561e-01
1.209133583420854974e+00
-5.001078143420211175e-01
-1.054677202403495828e+00
-1.298776451258154996e+00
1.915177062900459193e+00
-1.357793376072519820e+00
-3.069753931326840712e-01
1.278674922707016437e+00
1.048979150883777023e-01
-5.502486802816184408e-01
4.666705161696372839e-01
-1.975503403146814663e-01
-6.564347608051411820e-01
-2.113390710715639109e+00
-2.256072504537360857e+00
-4.221222841209889332e+00
-1.183695195290670021e+00
3.765297163561114879e-01
-2.063965956422629533e-01
4.198555848179354455e-01
1.559558020548267532e+00
5.215419525555164970e-01
1.439138103513749323e-01
-1.341457953177364049e+00
6.402243608596751567e-01
-1.737019092792764674e+00
1.351283704790469775e+00
-5.844222094948904322e-01
-5.023249961122595586e-01
-6.244230925228415607e-01
3.226149643574870440e-01
2.983421028763844629e-01
-1.903402678463596676e+00
-3.678175986207455339e-01
-1.133370715772083370e+00
-2.465727961666685369e-02
1.410919807127292147e+00
7.402472124492203154e-01
-2.291747667488419626e+00
1.371914597414170878e+00
-6.759116738110774181e-01
-1.633408153854690292e+00
-4.610424533329643637e+00
-4.153900676632006572e+00
-4.198372402910107049e+00
-3.396439286371796040e+00
-2.840146825798494756e+00
-8.353718549996102041e-03
-1.571108392631316075e+00
2.273953962834248943e-01
1.648231005749068112e+00
-6.400993154559939669e-01
-7.982157244395070572e-01
-2.189154957769029464e-01
-1.383624498739961739e+00
-2.855987630135240485e-01
-6.291848414934170242e-01
-3.396643794440014630e-01
1.400308558960382976e+00
-4.391602989958384162e-01
-8.695950733295091384e-01
1.354250683835505953e+00
-7.934487924987280172e-01
1.341075207267327096e-01
-2.138848586273273344e+00
9.685182885653746965e-01
8.588534523656495834e-01
-5.107685261554750777e-01
-1.672581816124490306e+00
1.204808681569509016e-01
-8.988504289014699333e-01
-2.616872740210296477e+00
-4.872092824157657986e+00
-3.725665507543006960e+00
-4.087186200202995501e+00
-2.837991955407723754e+00
-1.321365778219936393e+00
-1.655153793508869819e+00
2.731798597428958253e-01
-3.264795368599723857e-01
-3.431732208568232245e-01
-7.808605649360942369e-01
-3.875425687498976757e-01
-9.140319205631561306e-02
-2.686798565413847650e-01
-2.668439054030035118e-01
-1.309184979444786956e+00
1.242413000267349465e+00
9.645290845761541609e-01
-9.291183819274287381e-02
1.786591936309985584e+00
-1.178535989741256840e+00
-5.015497168734180944e-01
3.410088328755050274e-02
2.595488037245513024e-01
4.208767679366196557e-01
1.634525429425887300e+00
1.500165524429323716e+00
3.228126726971526583e+00
2.480568293671484348e+00
-1.289355666036061443e+00
-9.352621721134014576e-01
-1.764043441244576460e+00
-2.534954443995154794e+00
-2.574999450566690218e+00
4.796887316674504076e-01
-3.540157253781847646e-01
-1.389043458903298944e+00
-1.596751256465991364e+00
-1.241848543527945381e+00
2.093726505148198191e-01
-1.482277994005283706e+00
1.851839333349494104e-02
-1.517789538604041422e+00
-4.257020023020523514e-01
-3.268936956829884832e-01
-2.543196046390323595e-01
-1.052998224857089271e+00
-8.991578494340165539e-01
-1.280806855303529890e+00
3.220653462377586207e-01
-1.426954839978838541e+00
-8.357623450251356889e-01
9.492435993088171875e-01
6.047550868391182721e-01
2.445221305646181342e+00
-9.716384511666804613e-01
2.386614323195257903e+00
2.237928515800372331e+00
3.973276900793173971e-01
-2.743627523920946776e-01
-1.708651393029873011e+00
-1.008299404430500257e+00
1.441625605373600405e-01
4.147664566670415387e-01
1.039195589730426583e+00
9.812144703407219559e-01
6.866622773647264033e-01
-1.548397355891100391e+00
-1.306417419387588374e+00
-1.459405301416126122e+00
-5.416534413128745173e-01
1.789935809782133180e+00
6.505589833318338178e-01
-5.420894573252629245e-01
-9.892942606651303761e-01
5.073712174555007337e-01
-8.153311046362270442e-01
1.860956121624688653e-01
1.644873059700976192e+00
1.449712586400972558e+00
-1.836292034109415494e-01
2.423429022810072997e-01
-6.792835618011342502e-01
-7.999654618073431811e-01
6.577757415920231221e-01
1.561287709244531419e+00
1.796818802485488531e+00
-2.540550788242309510e-01
5.083686825238916684e-01
2.878473772333778324e-01
-4.207976638765384969e-01
9.263327066089740436e-01
-1.714273669885166607e+00
2.758019055634237660e-01
9.742372266622557619e-01
1.142772768158158758e+00
8.862109913777034276e-01
4.210127733845692166e-01
-5.036244809498841013e-01
-9.723719345270132042e-01
1.728885435621246192e+00
-8.262452384693461660e-01
-7.057973114690561101e-01
2.039969123344610669e+00
-2.968280801509708133e-02
-4.289887405938335174e-01
6.190218241178403469e-01
3.098510842520125208e-01
-4.540240059393591543e-01
8.283109641318843197e-01
-1.593586268151090946e-01
-3.599606509649459496e-01
-3.823174410995305306e-01
8.558142108582742491e-01
1.715956514382702913e+00
1.664142441472131084e+00
1.605374993856952592e+00
5.922685404590578573e-01
2.102180110450228567e-01
-8.398885805721347797e-01
9.546883151881392360e-01
2.550884575856791070e-01
-1.522195594397407037e+00
6.099052111996879910e-01
4.826487977863208045e-01
-8.228326915986577950e-01
-1.479053028699639727e+00
-2.688191166402591925e+00
-6.318372766372962746e-01
-1.607334503221326649e+00
-2.767291627944055699e-01
-4.671932570417073882e-01
-8.609804764684800826e-01
2.588793833567872293e-01
-1.242146502857524926e+00
1.171879921110742018e+00
-2.860820458164233804e-01
3.857401464160895022e-01
-1.076319194117682509e-01
1.352988223510247723e+00
-3.573434160230926637e-01
1.175361705459776474e+00
-1.358954055658415871e+00
1.333463523242530480e+00
1.558881675419919455e-01
-3.874800036356117472e-01
-1.235276960320477874e-01
9.056069076438910681e-01
6.100669924979022773e-02
-8.056099385205546248e-01
-6.033593785547991528e-01
3.297782128625962872e-01
8.093123440959273385e-01
1.274364071070410498e+00
-1.720276656308282748e+00
9.634855168628746469e-01
-2.375697461156262680e+00
-8.952435581252652375e-01
3.163945962564632119e-01
2.510294450170848513e-01
3.760097745464533459e-01
-1.438039551619200385e+00
-7.159273477668888219e-01
2.398827279897714493e-01
1.568827392561156497e-01
2.173237258881887346e+00
1.692793408054412030e+00
-2.236343931125404361e-01
-8.014964135632628439e-01
-2.603482214763137015e-01
1.399967949413615020e+00
1.117129454639143482e+00
8.012434383752212730e-01
1.496168735855482934e+00
4.376653817854555401e-02
2.275369681650632470e-01
-1.013722810697262222e+00
2.498393650151123080e-01
1.188255346868127837e+00
-1.799067800946616114e+00
-1.133031451323794903e+00
1.082961858789563553e-01
-2.035634438856603445e+00
-9.946001278260192535e-01
1.478929324965295722e-01
5.620902594610829167e-02
-1.117414068959894813e+00
7.989694805154609059e-01
1.110364310190608883e+00
6.372380127646189996e-01
4.550404731015902371e-01
-1.190814405722062236e-01
2.802488621235219024e-01
-5.903426456074858386e-01
-5.361089129188127966e-01
-1.763913067396968515e+00
-1.212348887851940393e+00
1.242987925039365227e-01
-1.057312871647570374e+00
6.303768403986499402e-01
-1.890828545179997322e+00
-9.048831438049226294e-02
9.632931485713457365e-01
2.541384128560923994e-01
-2.905819911956023516e-01
2.260033786275683909e-01
-1.013239344316813062e+00
-1.079878284381163844e-01
3.539708592879834970e-01
-3.881360313422327901e-01
-1.963837356289103608e+00
-1.029946308420465639e+00
-1.446386776983643374e+00
-1.854815997832006402e-01
-8.765029307916766266e-02
1.092293523779931608e+00
-9.619913471402162797e-01
4.168283318174031415e-01
-9.304886275509071103e-01
1.149278511011092352e+00
-5.434869374670471265e-01
-4.210479859147595594e-01
-4.070125058672499074e-01
1.263047913680953371e+00
-9.885603125733398722e-01
9.343233268209633069e-02
7.065890382710201534e-01
8.160462369599031929e-01
-1.022894508139798875e+00
4.207170656076850146e-02
-1.625598531006988701e-01
-2.730308404512481690e+00
-1.156722948695762199e+00
-1.097849004325770483e+00
-1.947163896391616911e+00
-1.801486132094125781e+00
6.288676007623889008e-01
-1.016590887659639453e+00
9.937799821005014467e-01
1.138229851467383646e+00
-1.436220505479365084e+00
2.304151508784082480e+00
6.049043767397881410e-01
-3.144301924694765105e-01
4.613249918029436736e-01
-1.145311170900363384e+00
1.430171972546756765e+00
1.598072697366516692e+00
7.128462865230059675e-01
-7.139719323013724583e-01
-1.257697417363899062e+00
-7.804157971631275892e-01
-1.554555870492121850e+00
-1.334698824871515255e+00
-2.515332224724197707e-01
-3.356276136952842520e-02
-6.401158802787942914e-01
-1.550832671358138848e+00
-9.061338167980417246e-01
-7.579191202425823448e-01
-3.742011233001072967e-01
-1.684415929696107872e+00
-2.393281481177099157e-01
8.573411265640606960e-01
-1.046985321163594440e+00
-1.386541090437689583e+00
-1.028060142591228576e+00
-1.214997049759319436e+00
6.743246044273996098e-01
3.615426308775672171e-01
-1.350486804581964240e+00
-1.907880867528885527e-01
1.022633650243414349e+00
-5.226307114257876529e-01
-3.586449302004496298e-02
5.513114615927835471e-01
-1.640400052443330425e+00
2.200811966986605750e+00
-4.066163570851406561e-01
9.496547594358849542e-01
2.684713922190333224e-01
1.107831630504692688e+00
4.556780907673622094e-01
-1.569226868524564944e+00
-4.199821469730644630e-01
7.502256937248540369e-01
2.293689151204070686e+00
-5.480447260174010210e-02
1.293442634701692739e+00
-2.052705039707149876e-02
-1.237797940085268333e+00
1.260076402212305435e+00
-9.961522301973809723e-01
3.332636651997971100e-01
1.136094533553510394e-01
-1.743763874102468581e+00
5.263756105415055009e-01
1.186259752975433956e+00
4.248481372728588612e-01
1.665600528955327286e+00
4.944115371867695008e-01
