4.436643017094822339e-01
-4.299049708409509840e+00
-4.231111638581320555e+00
3.476097910302607730e+00
2.063416204822513755e+00
1.443696784374775555e-01
-1.696351400557383426e+00
-1.998692732797134886e+00
3.354467454326490738e+00
-4.369100934473708620e+00
-4.501108870290794428e+00
-2.344804720662594377e+00
-5.152739245145770280e-02
2.306605737621206575e+00
-3.335575503428524158e+00
1.864577916350824038e+00
-2.341555105509064649e+00
-1.166689021835837448e+00
3.676495390165216204e+00
1.428530336707876769e+00
-7.163393832653228710e-01
1.102424317127089326e+00
2.714027786968280509e+00
-5.844032246684198739e+00
-3.538450828162532869e+00
6.558584289055464644e-01
-3.739440791473032988e+00
6.598598865173488370e-01
-1.359832592396479578e+00
1.428436456158133971e+00
