-1.740748298071435496e+00
-5.891322268113300398e-01
-1.006301911464159593e+00
2.217955896453954658e-03
1.020232125741843632e+00
5.230642300760803831e-01
2.298027394584245098e+00
-5.426298869897435706e-01
2.905797811386729990e-01
-1.860869061649305170e-02
-4.996654119014513062e-01
-2.401787227138331860e-04
-1.172607569022922291e+00
1.336640765785156004e+00
1.417486386281874566e-01
-1.091097557038791743e+00
6.976274042800773012e-02
-1.946165868868249826e-01
-1.894524876213610654e+00
9.068820114271579358e-02
-2.067509327084950055e+00
9.268668288506549668e-01
9.185834903722459588e-01
-1.928891395492009497e+00
1.490527114827106425e+00
1.186648654995829943e+00
7.054383706593856385e-01
2.246043324665952523e-01
-7.244705516301943593e-01
-1.555154143212000017e-01
5.382307911072059525e-01
2.559763919798371812e-01
2.936296727624726488e-01
-7.732187678049808888e-01
-1.330683939094499391e-01
2.224319657619225898e-01
-9.936406436057482194e-01
2.277052840963305957e+00
-1.346243811350332775e+00
5.442094320659240925e-01
-2.163523162038896164e-01
-8.769126444004436971e-01
2.617106074510825442e-01
-8.279275940345801610e-01
1.731414146075709537e+00
3.104500595376702976e-01
-4.928704775420066908e-01
-1.037154507151929472e+00
-6.862200785882011100e-01
4.172906724352530849e-01
-2.004863352657907605e+00
-7.915150991416521897e-01
-9.302410259150467597e-01
4.358204211441487619e-01
-1.227196566290476853e-01
1.431598687043823759e+00
-2.637772046460263448e-02
-1.074780427305046970e+00
4.998574308443454739e-01
-1.877110354523080948e+00
4.062183917448810577e-01
2.628730921043002100e-01
7.381566655790101905e-02
-1.496833051898418532e+00
-8.203624911574662892e-01
-7.893883710483198257e-01
-1.590993651276132737e-01
-2.276002255411748165e-01
-1.372352198977112359e+00
1.320242242667817090e+00
-1.872879032658377962e+00
-9.406469181031565929e-01
-6.430637281545811268e-01
-1.432646758897011319e+00
-3.862963438905388514e-01
1.255348357849504770e-01
-2.695208615447567957e-01
-6.894134311588237529e-02
5.627881110219434824e-01
3.979274676157255053e-01
-4.586790994478535111e-01
1.936305472344533429e+00
7.161227894359373236e-01
5.943053216398518357e-01
-1.056393227369770982e-01
9.438168841973415546e-01
-1.171675676234535945e+00
8.625766979656659394e-01
-7.874774531186554682e-01
2.049793484684787614e-01
6.807010498778585106e-01
-1.328438289235100989e-01
6.474179735730246632e-01
-2.049611088116923607e+00
-1.223375819375237095e+00
1.077382258290585204e+00
5.834363140810322999e-03
-3.203090161993429330e-01
-1.491782313544753436e+00
-4.399071156064447881e-03
-1.158388551637286046e+00
-5.171939622633494604e-01
-1.913776485355581924e-01
-7.860869888163092289e-01
-3.063555864215206093e-01
-1.854866283035150776e+00
1.811770842574395468e+00
-5.316159572859481264e-01
6.934460037778459318e-01
1.212029093779740885e+00
5.419959532673223057e-01
3.065454106272028079e-01
-3.576545094167393746e-01
-9.931755629574940958e-01
1.257908327482905264e+00
3.043338273873731903e-01
1.310449065046285666e+00
4.811237973511210408e-01
-6.317730544487895061e-01
-6.519284187457684565e-01
-1.286483584376564515e+00
1.259005913695743439e+00
-1.462587951842895695e+00
-5.011306051465046485e-01
-2.567338022577327461e+00
5.026481160221093480e-01
-2.922873741178439122e+00
-9.939392546309028242e-01
-2.771926622606774249e+00
-2.772154180767673726e+00
-2.170804810189144618e+00
-4.373591041787892597e-01
-1.517108009236082022e+00
-2.812670727919082125e+00
-2.755218219167067106e-01
3.068086756212120569e-01
-9.407132645321500952e-01
1.030967083735670808e+00
-9.217345784462785963e-01
-3.626234706574102407e-01
-2.499819541858177285e-01
4.763707760386391432e-01
-2.022746986236559241e+00
-1.023474500883257976e+00
1.235303207470692666e+00
-9.664237084945169753e-01
2.140927040643969548e-01
8.556219314455739688e-01
-2.903727816085036828e+00
-1.510512160511578772e+00
-1.463580740049341689e+00
-1.111992480929209881e+00
-5.517765192568853116e-01
-7.702582799329183993e-01
-1.535018548316964493e+00
-4.265337754712020257e-01
2.251818290907743603e-01
-2.069281908715256524e+00
-2.026575917385719183e+00
-2.357785856941046809e+00
-6.346616327952268044e-01
-1.663905948299048587e+00
-4.348847567121519875e-01
-1.110722699288388515e+00
2.170578122580845981e-01
-1.425786755522244098e+00
-1.623156302186221867e+00
5.107723628970274321e-01
-8.798357863030309423e-01
-4.335869459344982024e-01
1.019401925588412583e+00
1.394537986085569781e+00
-5.935210748113843859e-01
6.707492764362974480e-01
4.477039016291794460e-01
9.320162530670131895e-01
1.047673917185861558e+00
-8.973526395673903089e-01
1.938866974141765787e-01
3.930027670205106793e-01
1.705794950805353150e+00
-1.213260966136316066e+00
-4.216436837167628626e-01
-2.069342382116195755e-01
2.341023540174840267e+00
8.279598928685489856e-01
1.292306840101093091e+00
-1.305229154051573470e+00
-7.869338355562581766e-01
-1.404213207765120153e+00
-2.879104112395649007e-01
-9.769125767258816095e-01
-1.149603120299234060e+00
-5.872200173679565927e-01
-5.806373122615893223e-01
-1.293080062916301509e+00
-3.600888477943903876e+00
1.540075411319107301e+00
-1.750504398514344251e+00
1.704160486705040833e+00
1.116788341817854802e+00
-7.147054856045043092e-01
1.440886496391724281e+00
2.781053271734106325e-01
-2.428830808630761187e-02
-1.231083210330244510e-01
-4.029536130260221727e-01
1.494734808051278563e+00
1.618281116732592784e+00
-1.294772643361493392e-01
-3.332921540430380247e-01
-5.100481703663102273e-01
-2.775744105197291978e-01
3.091015069051213926e-01
-7.487530167253797497e-01
-9.501396832340190945e-01
8.447194598510585628e-01
-4.021471616686760897e-01
2.248623865599692351e-01
-7.300439742847526781e-02
1.599891582472348917e-01
-1.815436317892531459e-01
-1.050629853603402275e-01
-1.267267131608535158e-01
-3.272242648194463865e-01
1.839641005127360118e-01
2.014657374832073689e-01
-2.494780276239115802e-01
1.155445140441191842e+00
3.809191669670063396e-01
3.173401308618082339e-01
1.545281051711865583e+00
5.381982750774769730e-01
7.730837409429487384e-01
-1.420708844204862542e+00
-7.407332862366416970e-02
-1.721384992629092281e+00
-2.887341153704833019e+00
2.909383213492724440e+00
2.694604560316232744e-01
4.337725195521697774e-01
3.886880528527780765e-01
1.091328340209103187e+00
2.991178342057046902e-03
-3.764930820332216266e-01
-6.409967033763405153e-01
-1.034486413417398554e+00
1.245391481846097159e+00
-2.195775617956846837e+00
1.148368651702594001e-01
3.350597533188307553e-01
6.395031121509135996e-01
1.105960882524833350e-01
-1.619726569591001253e+00
-9.860480310538394244e-01
1.989178584506284819e+00
5.591863327520175675e-01
1.108981185916408707e+00
-1.379721490226786029e+00
-6.498150958640551700e-01
-2.373196734471847424e-01
2.449040987061131158e+00
-1.817123707035198654e-01
2.404481162163311314e+00
1.224101644066152295e+00
4.226734313118534758e-01
-4.782279061213898785e-01
4.452810392494149783e-01
-1.937163449875089594e+00
1.191793704447643210e+00
-1.189650813237032700e+00
-2.273207791791669874e-01
-7.985638566323139953e-01
8.756023228904827871e-01
-8.439848862882167735e-01
-1.942762343491482246e+00
-1.391868616481795939e+00
-1.269345778202182862e+00
-1.285967276133050952e+00
-1.163572804346289180e+00
1.842123137291867163e+00
-3.037247180643489752e-01
1.418928932802152598e+00
2.076928205789080106e+00
1.929289386119280136e+00
-7.106472867781900016e-01
5.656205716418845064e-01
1.599200354918782541e+00
-2.465972344312285514e-01
1.274540135901351068e+00
6.985833718447406922e-03
1.379234576428175263e+00
6.751417421409636743e-01
2.249427130853321743e-01
-9.220177252800693113e-01
5.778759438866961640e-01
6.367096657565876061e-01
-6.404846333073467290e-01
5.360162553966740795e-01
8.852513854684442851e-01
-7.743150249324479151e-02
9.155301496923475696e-03
-1.619129249248939251e-01
-1.058503067380965224e+00
-2.933736621337253325e+00
-1.053421228061233839e+00
-1.197804229146024246e+00
-2.288785233176817424e-01
-1.373818833317925203e-01
-1.707546891256367827e+00
-3.053158073658470140e-01
-5.494289279515438551e-01
1.136689111357683135e+00
4.224645691431214156e-01
4.426568064116439549e-01
1.854878182702696554e+00
-4.974445568077716096e-01
2.014800418746515831e+00
9.946940569533507803e-01
1.850234166183437834e+00
-1.685383632048059965e+00
4.312957852353357380e-01
-9.765992329948027795e-01
1.912518771909368587e+00
2.064342706119691950e+00
2.288725386768923897e+00
9.640626690163452972e-01
1.594981164939583307e+00
8.314055292670586850e-01
-3.225580634540122643e-02
-1.482658007550586188e+00
-1.413587043964158463e+00
-1.806909680600130796e+00
1.030066063031994661e-01
2.591420495768003152e-01
4.168188985015428005e-01
-7.590440609563897656e-01
-1.425685194441746573e+00
-2.882772440168439032e-01
6.187589634097733216e-01
1.358603298970065376e+00
5.254389224006335013e-01
6.291672212805800024e-01
2.928352123393854090e+00
6.067284081305473337e-02
7.280794314299419145e-01
1.087586544581755188e+00
8.857183117962886820e-01
-1.282218201650731748e+00
-1.159294140334606871e+00
-1.260085906298053837e+00
1.405043687454943679e+00
1.792613391834856351e+00
4.384961282786298931e+00
1.890482218639697232e+00
-5.289129957394664849e-01
2.319158931271990021e+00
-5.209087459404867365e-02
2.476366269387405283e-01
2.336011129318589508e-01
-2.297392737719547107e+00
-1.022090878693901361e+00
-7.984091310549873421e-01
2.273583570215778615e-01
9.893511308430331663e-01
1.890330468450736601e-01
-9.526178683904104050e-01
-1.626346082422900130e+00
1.014008455165514189e+00
1.291910804919082612e+00
1.399657902580170976e+00
5.296699072049938506e-01
4.300133968899596537e-01
-2.925073533656604927e-02
7.803741568169528797e-01
-3.244610076756873629e-01
-2.142912958049171923e+00
-1.574388723644153387e+00
-9.436240624451721626e-01
1.563103641260938925e+00
3.271662399086123774e-01
9.351152878052768624e-01
1.306037406846194404e+00
1.669367066103537356e+00
2.095807821722102116e+00
2.512286250130427501e+00
7.388659349266626375e-01
8.652750834155065185e-01
-3.006691793601015128e-01
1.289660513358371341e-01
5.989425382771770834e-02
1.953782922486244855e+00
1.754221210632968264e-01
7.381343594819983478e-01
-1.147869122615350346e+00
1.525814117173073692e+00
1.352159894000484419e+00
9.854831635182527139e-01
1.680796958374456695e-01
1.189329302310340841e+00
6.674810513827846847e-01
4.192389400458757520e-01
-5.887139303761509401e-01
-1.625042171518854550e-01
-3.190848134386415347e-01
-2.143198695292096723e-01
1.006437127547615606e+00
5.548055454609140957e-01
2.818545309026580625e+00
9.565417134853333447e-01
2.491404703710271118e+00
2.300656847709770858e+00
1.292757930834122826e+00
1.005394254384390340e+00
1.639592808721741291e+00
4.677574896167032703e-01
-5.107951305285659549e-01
-6.821862384704007187e-01
5.173489438933975837e-01
9.182902645585528933e-01
7.539608466345116833e-01
-1.013378168716039252e+00
4.223389211523098097e-01
2.092367078510995348e+00
1.286719240030243627e+00
-1.033944469347863659e+00
7.640784287637036876e-01
-2.552554834587763999e+00
1.043232969170734492e+00
-1.773659066878512602e+00
-5.357894044156475966e-01
4.147130176549880809e-01
-3.802547038016707570e-01
-2.017895491445992118e+00
3.966135156983939536e-02
8.561248950576682004e-01
2.458722336365405159e+00
2.622340378692859186e+00
2.365014761122253617e+00
1.782875226661484236e+00
3.308097048059496448e+00
1.431020304852099967e+00
2.188130371466906254e+00
4.403632515979323814e-01
-1.725494917735157951e+00
8.596553251851530852e-01
1.144025867061969626e+00
-5.323735898012593032e-02
-3.580065658861836808e-01
2.204222678232035992e+00
-7.175792177907763802e-01
-1.823686958046444595e-01
7.157642047178258693e-01
-1.681688524516439465e+00
-2.789008337546509605e-02
1.457636442888998740e+00
2.458334803330339269e-01
3.286042413713692878e-01
-1.356727539893331613e+00
2.141009035385968151e-01
-1.378712563703522465e+00
-9.216752792038880315e-01
3.833282714571720762e-01
1.894661327834031406e+00
2.561034244003458582e+00
1.270744425001473221e+00
1.255881131943294760e+00
3.307756942178248782e-01
-5.566414284079737040e-01
1.699960127876174454e-01
-1.275877268709198153e+00
-7.361181247471666467e-01
1.076714429984547916e+00
8.783876338858465950e-04
1.199529438769390444e+00
1.705447058142770256e-01
-6.976391293740050736e-01
8.113459944771420629e-01
4.754241259750024429e-01
-2.042514958525777580e+00
7.840448149839666092e-01
-1.179055933189454564e+00
-5.459343637119550285e-01
7.128656814469699343e-01
-9.865682555188092229e-01
-1.154708414888218515e+00
9.769194727640444498e-01
1.072578809915443854e+00
-2.812726513589221544e-01
7.422231126978028337e-01
4.490311423115425637e-01
1.146180781251223246e+00
-5.564193604520927261e-01
3.850525436540763735e-01
1.207537913601221646e+00
-1.495816593849145892e+00
-1.121397689666410624e+00
2.164693142932902492e-01
-2.223658239099013834e+00
-3.772790832384390614e-01
5.172354206327903769e-01
-9.051724190541442505e-01
1.920919048834150766e+00
9.093299507818560778e-01
-4.542084852766969938e-01
9.810225390764933107e-02
-8.775297115684767280e-02
7.790755109372161924e-02
-5.836033331656382828e-01
-3.555077461730073440e-01
-2.191602673271613622e+00
-1.647048686227731151e+00
-4.779892689532500016e-01
-2.225820834754514532e+00
-2.477436586404811181e-01
1.366678465615889904e+00
-1.165060617018695677e+00
-1.136981115083165239e+00
1.574106343673356667e+00
5.538022737962798869e-01
-6.377107914330760741e-01
-1.061634160237844071e+00
-1.836859791959852828e+00
-8.323319513283473636e-01
-4.256383544250150891e-02
3.782245473828554916e-02
-2.907962751450912542e+00
-4.387695686663982131e-01
-2.682332408132745094e+00
-5.221049628958825961e-01
1.515073648845825238e-01
-9.890679946738779593e-01
4.542272172971005273e-01
-7.353063189323185700e-01
3.974666230602857953e-01
9.333742671726300566e-01
1.061484555098770599e+00
-1.460381012774775833e+00
-4.381082864255214093e-01
-9.210088440065222759e-02
-2.196679954720283323e+00
-1.973064142060203308e+00
-2.120427948136692997e+00
-6.593472352901388334e-01
-2.521677273908784489e+00
-1.369287805146902404e+00
2.527767170335754598e-01
-8.228847606781233281e-01
-3.538847714262627342e-01
-1.416353703065001586e-02
-1.812260338999324594e+00
-8.106051107312024495e-01
-9.823254410987380947e-01
-1.651726340776083379e+00
-2.601469680673874407e+00
-1.502524936887549067e+00
1.114158934763686881e+00
-1.948125875910612925e-01
-1.435774417044480833e+00
3.257585476766672872e-01
-3.129860330015163949e-01
1.927469974525327090e-01
5.151179472477632748e-01
-3.538974046357732939e-01
-2.224034759741282841e+00
-2.806703472631534968e+00
-3.863809570377058633e-01
-4.354646614733839627e+00
-4.035750686900644979e+00
-2.538199609321861949e+00
-1.497431096975225806e+00
-3.489862252832719669e+00
-1.092628806509082784e+00
-5.662351979445742201e-01
-1.361514361681350982e+00
-1.571912282496267244e+00
-2.717840196929059093e+00
-1.331826286176305940e+00
-3.483401095518892099e-01
-1.828618916193438304e+00
-1.447396354290679366e+00
-1.439733986227094586e+00
-1.634106058903256109e+00
-2.685604135702972961e+00
-1.922090742232138716e+00
1.180429334257721674e+00
2.160641572670922439e-01
2.366577985063231804e-01
9.962230559747402570e-01
6.590026295908780751e-01
-9.445441674455732350e-01
-1.956214992497679495e+00
-2.118085211959904512e+00
-2.536079430498271670e+00
-1.485894036453349942e+00
-3.400657882267725363e+00
-2.459845686794440045e+00
-1.811336613879291013e+00
-2.260993232498806016e+00
-2.007761349653244043e+00
-1.466746546871286361e+00
-1.574998776691674429e+00
-1.809225433487162249e+00
-2.259504304255420593e+00
7.286152004413783967e-01
-9.761170632458019414e-01
-3.727800521052021310e+00
-2.928183296453041429e+00
-7.807417567576543371e-01
-1.945825589308991077e+00
1.743517204834389211e+00
-2.045561424305178733e+00
-1.142325639387096636e+00
-6.785976330443472815e-01
5.713697717147097066e-01
2.188521504728546230e+00
-9.941492726818601522e-01
-3.159386354524427176e-01
6.489247430701660102e-01
-2.716275096072977568e+00
-9.380738589085979573e-01
-8.733391323564124731e-01
4.912762193949465339e-01
-8.958961464004555619e-01
1.374562823063468109e+00
-3.651715635917407443e-01
-3.988988393917937136e-01
-1.658801742650527933e+00
-2.273091870320540053e+00
-2.981417743060395864e+00
-2.390250672289631062e+00
-3.884249934362825618e-01
-1.752034625990871453e+00
-1.378664375687432608e+00
-1.689752956614638313e+00
-2.215479697298850414e+00
-2.207652149145281850e+00
-2.675419926064148690e+00
-3.500973232274571245e+00
-1.271374284311880487e+00
5.653022011157072813e-01
-1.806100086681012573e-01
7.094549118384432251e-01
-1.319818648123562754e+00
1.347249231338665032e+00
1.446602991110818470e+00
-9.394852104739426224e-01
-3.907498534727588679e-01
2.151801519162587634e-02
1.272240309156510207e+00
-2.465508192304666224e+00
3.306485579453126156e-01
6.494104189130864291e-02
-6.880643848420860964e-01
-5.590275496882135542e-02
-1.400928561050694077e+00
-5.153237824522840516e-01
7.143147016162618712e-01
-8.924234838747394649e-01
-3.531877517584964821e+00
-3.248205642765074064e+00
-2.890038561898312430e+00
-6.808716922887029233e-01
-1.141126931446329706e+00
-1.311760106449377572e+00
-2.328841093324128586e+00
8.774496866418517449e-01
4.542287890060879296e-01
1.172044165882996758e+00
1.066510911123758065e+00
-1.662526815431791594e+00
-1.735111446703859750e+00
6.159711787353473467e-01
2.511880051677553460e+00
1.211886330718396909e+00
-2.143192092153550776e-01
-2.070784552456162775e+00
2.218331364049013210e+00
1.295875443150677375e+00
-8.388507496100029021e-03
-1.785381743158608314e+00
-2.840174065753812815e+00
1.594005832094406439e-01
-1.656587946619226148e+00
-1.877240175033992653e+00
-1.777113652915372599e+00
-3.327648679205735149e+00
-1.164141425695718324e+00
3.696698614146188278e-01
-1.938690198102646922e-01
-4.866610071828667561e-01
-1.259280243780684261e+00
-1.444778223807959616e+00
4.638650000348792379e-01
1.030713964844315544e+00
7.797916689646641197e-01
4.162368802403983437e-01
8.781003152007503809e-01
-7.928997606631004169e-01
6.650100985140331433e-01
1.214068593185423095e-01
1.267781375009695566e-01
9.625615436704811068e-02
7.755338904550300727e-01
2.223437385883585193e+00
7.036850059359379683e-01
6.282858783310636408e-01
2.446907514819018026e+00
-6.476300919481285945e-01
-2.167335062882347341e+00
7.532108998694763136e-01
-1.541872603422117294e+00
1.032510188801815804e-01
-4.282909417497252069e-02
-8.520341330193025309e-01
-5.377030577008871104e-01
2.431788250752955627e-01
-9.165375205968868677e-01
2.316013213985144148e-01
7.553557196206552860e-01
-8.564540614742049973e-02
2.776481952005438902e+00
-2.286151874773472426e-01
1.843278816928166641e+00
-9.615331569072978202e-02
4.475008347897916350e-01
-1.890104941559475615e-01
-6.489184365226143836e-01
1.171625941935880544e+00
1.137595642623716818e+00
-7.610248529897933878e-02
-1.334114622514387394e+00
-1.552737980461429856e+00
3.708572711102331443e-01
-2.865873409677414108e-01
-6.208221737748936819e-01
-3.267963937222724546e-02
1.583828694153266659e+00
5.497843359687868414e-01
-1.360186625638880598e+00
3.932701250049019381e-01
-5.490212508394141100e-01
3.928089897769841077e+00
-4.685293849402025201e-02
-8.207812644727597862e-01
6.503741073650924909e-01
4.226185930451733519e-01
1.707771755541113823e+00
-3.296574537731816190e-01
-6.359541870919037665e-01
3.047137104354083470e-01
1.224269619933990638e+00
1.295069220375212105e+00
1.055441277088752239e+00
-4.330701107934371574e-01
1.523404013754902753e+00
-1.145087922635722316e-01
-1.590391302251979555e+00
9.029821707304656053e-01
5.280727577530693884e-01
2.307086752223526105e-01
-6.571196945395780808e-01
-4.817674708475577772e-01
-1.065557892875814289e-01
-9.489761033805026447e-01
-1.260571403638451882e+00
-2.032344401312077942e+00
1.049908145793403191e+00
1.066035163689704524e+00
8.751353082502958403e-01
-7.603336212029396801e-01
-1.155371317357712924e+00
1.646103807331542379e+00
1.009119900266196357e+00
1.548813128880553780e+00
1.905834492268696057e+00
-8.461260012998728097e-01
-7.268079388161529097e-01
1.817767958909457304e+00
-1.174045882748012914e+00
-2.332601689637253117e-01
-1.500010760297686208e+00
1.425128601622690949e+00
-1.769016870336672653e-01
