4.174588152319128748e-02
3.042303159917486011e-01
7.096743130613861750e-01
-1.561955365907276461e+00
-1.111940836066004469e-03
-1.051546276625652476e+00
-1.067637651389758080e+00
-2.629419561219129342e+00
2.918584213432849905e-01
-1.557630228876587530e-01
-6.278810118725491884e-01
-1.351045214077620571e+00
-1.312388980501834723e+00
-1.235899346220630246e+00
-3.090854729275757773e+00
-7.605379810798158502e-01
-2.218087865437071149e-01
-2.508942214874268495e-01
1.054374093445830995e+00
-1.066917516895364015e-01
-1.125653202825108057e+00
-4.870733071008829240e-01
-2.126173994760019448e-01
2.641668069463936619e-01
-7.426678319466112344e-01
-1.328373115748531230e+00
-3.956450082162127901e-01
-1.791904737019836436e+00
-6.193851911609647987e-01
-7.736080744559968858e-01
-1.536169991037497740e+00
3.055216064375071983e-01
-8.705199244019269367e-01
-1.986574666366968556e+00
1.191351335567162772e+00
1.575121938385361409e+00
-4.421245823261791275e-01
-8.524982954484536801e-01
5.408636099588080004e-01
4.439823113847204267e-02
2.004105211107346796e-01
4.309646687917856878e-01
1.188475295283891509e+00
7.693034945730219398e-01
-1.040017080536514094e+00
2.588271119660445763e-01
1.646952366201388740e+00
1.558667374827968688e+00
-1.265319320095050326e+00
1.437993613582340569e+00
1.116786368206186930e+00
-1.404654496568509825e-01
2.750317582453610243e-01
9.192283620491835672e-01
3.250731615866128132e-01
8.641945489135524072e-01
-1.686952292900013806e+00
-1.073863825680346995e+00
-5.776728455585879995e-01
4.572122050610635813e-02
-1.728416700654835658e+00
8.678338304413912851e-02
-3.444181745127327526e-02
-1.025294792221974838e+00
1.126987001127410126e+00
-8.099504762271183544e-01
-3.423321819197440719e-01
-1.892695520149984878e+00
9.300497925821582523e-02
-5.467582510067494628e-01
-2.226497425873960323e-01
7.327231988433885457e-02
7.203330805960287408e-01
-6.104996122314427787e-01
-7.470706955757538958e-01
-1.369451273767537280e+00
-3.600164369355340344e-01
-2.320804899962301882e+00
-7.384113618184308114e-01
-3.639736400464734789e-01
-1.295105924811913445e+00
-4.024095195892459786e-01
-1.021142304584648830e+00
5.054913099591286096e-01
-1.412257055033627751e-02
7.757873061215722066e-01
-2.424104206673741990e-01
9.551690833570538608e-01
2.290999268912589232e-02
-1.107558209677344641e+00
-8.616228848149893871e-01
-1.021649058451178815e+00
1.716799678143875463e-01
4.082353153742818708e-01
1.825945392559351399e+00
-1.435862069865445845e+00
7.128948765662944664e-01
8.077937631738346669e-01
4.693346924379059315e-01
-1.129040775114548978e-01
-6.542927184447980826e-01
-2.437356347430753301e-01
-8.777953460106511230e-01
-1.191424725216203795e+00
-1.572592412268831064e+00
-3.844865031140854983e-01
-2.086948747293636330e+00
-9.556217548571157572e-01
-2.129714646439264669e+00
-7.183968142124541600e-01
-6.727319774059143942e-01
-7.919879236562017422e-01
-1.819542385853308020e-01
7.752484469728168071e-01
1.770786452125878152e-01
-6.288808494524220638e-01
1.640604247712122543e+00
-5.940341997544432706e-01
-1.705138536580731723e-01
-1.648836159913551758e-01
-4.404330135203370356e-01
8.646237871320222590e-01
9.282861125544350500e-01
1.504871498163694366e+00
-2.433358457905469147e-02
-1.269558506644316020e+00
6.764899853764070325e-01
7.225491947673078064e-02
1.046234126129416131e+00
-3.148427537628276651e-01
6.229318519534493559e-01
-1.398207706409670292e+00
6.384248510499669349e-01
-8.529906873156529734e-01
-2.544946032289236104e+00
-1.502376105305727849e+00
-9.582357713081677275e-01
1.563332255728912545e-01
1.368070771085697634e+00
5.690930630709651883e-01
-6.735824895630145859e-01
-7.527958615064450631e-01
-1.672657704691034697e+00
4.707817867307187432e-01
-1.126423874983417006e+00
1.549080277168595199e+00
4.101262520579527782e-01
1.115404968446753298e+00
2.712094080820328171e-02
6.197593072315001894e-01
5.608641322201828316e-01
4.233326691586767887e-01
-1.584040984968367316e-01
3.020983026451049547e-01
1.016383245394144152e+00
2.042492085864039630e+00
-1.019474658522876664e+00
1.423388873864566362e+00
-3.923519716291504200e-01
6.795382026690736099e-01
-1.335876267918056914e+00
1.142991480228460199e+00
-2.001109541560765592e+00
-2.216304529363017917e-01
-1.256767703702901695e+00
-1.055272779773819281e+00
4.150473289919778819e-02
1.925163800487081078e-01
-1.268841816187549210e-01
9.804619363128924681e-01
-1.689053479274690073e+00
1.122116319717541000e-01
-1.634632606226035900e+00
3.761403554707051233e-01
2.841017360523412361e-01
-7.259174488219366506e-01
-7.978886913394133140e-01
-5.865621586054492465e-01
5.990648380916185900e-01
-2.218267159924044718e-01
2.651480785658604789e-01
7.283186179033186436e-01
-2.033461639443203683e+00
1.794774655814801889e+00
-9.515526806899377021e-02
-7.153685221145650308e-01
-1.088915364711404710e-01
-1.868416376719245431e+00
1.859276779311308525e+00
1.878889876434578776e-01
-2.528028163091900482e-01
1.469411018568621330e+00
2.268089496602709865e+00
-1.170653299593742869e+00
8.619873867292109360e-01
8.631695550804582284e-01
1.059186023670283250e+00
-1.837473097162173885e-01
-1.064056704461502356e+00
9.859392286934944016e-02
1.207296823243300565e+00
-1.711318518707201752e+00
8.789058507240903040e-02
-7.582896695250385122e-01
8.638329400844010353e-01
-1.165568192932547320e-01
-4.196622840772525898e-01
1.007100714680786657e+00
-3.501171678270659227e-01
-2.129221383470992546e+00
-7.866471831346690813e-01
-2.046915835044032239e-01
1.648185179427428815e-01
-2.344828662027082650e-02
-1.000993773129794429e+00
-2.062384536791275202e+00
-3.838094605132222337e-01
-1.069059969219905648e+00
2.092558908285214070e+00
-1.157167100373281965e+00
-1.472736088778114016e+00
1.168212705145234676e+00
-9.639694952367612313e-01
1.015509862454840734e-01
-5.003937182988923427e-01
3.929706854453668408e-01
-1.770062921205675932e-01
7.484921337627840066e-01
-1.957354182025104583e+00
5.535455941235625232e-01
-6.287526610353008083e-01
3.116370792190747419e-01
-7.302781335724906064e-01
1.018468257149972578e+00
1.901361519213319529e+00
6.019547044730429869e-02
2.322875768475310132e-01
8.347418299704700839e-01
-1.586121331783314048e+00
-2.368977198952839647e-01
-1.388633557026445864e+00
-1.399795871874534407e-02
5.764182022747245115e-01
5.157913113790711934e-01
-1.051312518471013979e-01
-4.606023981191182393e-01
-8.970359161539477322e-01
8.924078042149187207e-01
1.126818985393050143e+00
5.553227565564572421e-01
-1.878446767325601563e+00
1.880516339796602265e+00
1.286786890891835844e+00
9.174340103301604765e-01
1.682186183139106339e-01
7.974197056175769127e-01
-1.430658436296708746e+00
1.605571652430287655e-01
-7.588758251067038163e-01
-2.467635193382226311e-01
-1.309311682902887242e+00
-7.246733195018155715e-01
-4.736265579194415265e-01
1.383552472529221422e+00
1.583283398881208281e+00
2.032501490012485590e+00
6.563761097816613044e-02
-1.275154296632541095e+00
-3.716991931950028860e-01
3.970915624503763008e-01
-4.103277128194151580e-01
5.763055508352420420e-01
8.216216301754843132e-02
2.732401004028854885e-01
4.435383695637609702e-01
-4.062904377779937015e-02
7.163099147461697846e-01
-1.159131025165617279e+00
7.891032350518462080e-01
-1.406408554456979099e+00
3.291912224102435114e-01
2.814960325767096316e-01
2.274422190676018030e+00
4.820161285366383885e-01
1.197556270234330533e+00
-5.079227306687459365e-01
-4.560014449604012365e-01
5.049834793635569197e-01
-7.701341722150679692e-01
-1.570977871415131011e+00
1.205445359400544592e-01
5.110070075547780144e-01
-3.901039379182156819e-01
-5.242877424584442281e-01
1.048279894115596855e+00
-1.941301336038176339e+00
-7.242222126544096694e-01
-1.131041281632928719e+00
-1.092993420171473051e+00
-3.105344218288520253e+00
-5.076783287399250222e-01
-1.531131637692827452e+00
7.952945755071567646e-01
-1.121081287422847073e+00
-2.306456034230595531e+00
5.224622516663628424e-01
4.945205377481416420e-01
5.414210540268109551e-01
3.093105084881627165e-01
3.528828656015969845e-01
-4.979595108086400379e-01
3.160053443566727127e-01
-2.989571871272626025e-01
-3.356623180051135691e+00
-1.738197251488935668e+00
-1.247849036300809900e+00
-3.421422110496211921e+00
-2.633364941917980317e+00
-1.731471375672460233e+00
-2.160229169027322094e+00
-1.400412557702056748e+00
-3.262618377715903240e+00
6.677822171028471310e-01
-1.273668031664383360e+00
-2.165699569343418340e-02
-1.590145205140075735e+00
-7.204822554927854394e-01
1.537050242226466246e+00
-4.124416946137914874e-01
4.188263406670387767e-01
8.658020099899131905e-01
1.016828067034832195e+00
-7.441477457194667355e-01
3.716568119160088557e-01
2.368870662487796985e-01
-4.057066332576824141e-01
6.403430253876966072e-01
3.628130244318567565e-01
2.403627189018066324e-01
1.201768253269783093e+00
1.172004851918975188e+00
-2.297190487865683028e+00
-1.879943346249104863e+00
-3.036884515128096318e+00
-1.683490412082779275e-01
-3.182340769137585124e+00
-2.519101774157393780e+00
-1.555836782637423532e+00
-3.048634192713951752e+00
-5.996919006934031682e-01
-8.452766565105582774e-01
-1.223038858299166254e+00
-8.087377725807335382e-01
-2.178921317463315133e-01
-8.462501141990009801e-01
6.230153681698225032e-01
6.204047106682970547e-01
1.391628057528464524e+00
-1.462880630424233108e-01
-1.228762377000454320e+00
1.296874886687711559e+00
-1.847039386412689277e+00
-6.192100190427518580e-01
1.072662413444776863e+00
7.249001033679759454e-01
-1.178347190323366434e+00
1.642808811226839916e-01
-1.143514490392809169e+00
-1.579759623216998587e+00
-9.310842577351267080e-01
-2.102233553328354265e+00
1.348941974007077660e-01
-1.051234944695660145e+00
5.238639092814282305e-01
5.266799050200972054e-01
-9.448376975238339526e-01
1.081029162115096254e+00
1.969165584671565217e+00
-5.067634498114418351e-01
5.174918231123063483e-01
5.024837445812606607e-01
-1.062059373913440075e+00
-1.517733113008260748e+00
1.302402027764621995e+00
-9.777642195037514750e-01
-1.273749667332416236e+00
-1.849112591341377287e+00
-1.335557140676580712e+00
2.258683372355434760e-01
1.744387986336732865e+00
-8.372972815763791710e-01
4.170967916844708356e-01
-1.623239638566366994e+00
-4.757450274805798129e-02
8.397504967613720339e-01
5.073221704700774382e-01
-6.634022933699649238e-01
3.927511118669250734e-01
3.583826695194973766e-01
1.697927580998485952e+00
4.234870272395580559e-01
9.966849657170242516e-01
4.241784199300045466e-01
5.930160562360402565e-01
1.190376812717613836e-01
2.181201548975064408e-01
2.073914839905954821e+00
-2.807869906633084778e-01
-1.029391893797138247e+00
2.755878844989794740e-01
9.169012771840329146e-01
9.331248987051801169e-01
-8.085995612683817280e-01
-1.593667193799496173e+00
6.355364502762651802e-02
-7.132384522044205033e-02
4.152588239761739186e-01
8.830694001066082821e-01
1.614424352585821509e+00
-4.066084042555709877e-01
-1.062143057997627094e-01
8.603663920296938938e-02
-1.751050832429439930e-01
-1.902934465393727903e+00
1.732196906669781211e-01
-2.725741570327604862e-02
1.169292692491149532e+00
-7.011250564145686814e-01
-8.160630465226906827e-01
6.033215835769720758e-01
-1.459196275497849360e-01
2.191598663959640536e+00
-1.170635930285021248e-01
1.498256536912447034e-01
-1.852378164923717818e-01
-8.178422437254675437e-01
-1.513218844987802125e+00
1.526462728487268050e+00
-1.508942820064950618e+00
-9.759411162339941548e-01
-8.435234222769518730e-01
-3.908796011027985268e-02
-2.626132650944099645e-01
-8.880041809774343875e-01
3.711464812346898512e-01
4.070850768339995818e-01
7.424815203745763759e-01
7.511818474621340114e-01
-1.159399018736667841e+00
2.898321344563512980e+00
1.003918042096832997e+00
1.418666826500395661e+00
5.948300453073281924e-01
5.668244536781430476e-01
2.596689430072459004e+00
1.079873994044511010e+00
3.496670175999054275e-01
6.580279675816503859e-01
1.787583167811943818e+00
1.341367856896298338e+00
1.639379084948907161e+00
-3.081359483961033652e-01
1.462200161896511919e+00
1.314874872690738328e-01
3.461562381006991762e-01
5.138749756276647096e-01
6.490344148652468226e-01
-7.092490697390961829e-01
-1.166869561616566298e+00
1.996639254026126631e+00
9.808251212724911072e-01
8.989649073220628006e-01
1.307915881243660206e+00
9.829867101415202812e-01
-5.244805107843660830e-01
-6.619808233187963742e-01
1.357657048271596611e+00
-5.231228974703127088e-01
1.130086205629601936e+00
7.265771895932284785e-01
7.050540480903487728e-01
-8.424809057402352086e-02
-7.240578240198790594e-01
1.184362951190623577e-02
-5.475690415867584537e-01
2.197230550315092845e+00
9.925538519624773626e-01
8.230365791836182776e-01
-1.789082947800806067e-01
6.642474952726138415e-01
1.281570676446233126e-01
7.356325224929980422e-01
5.101937263785275567e-01
-1.693928078804251447e+00
6.660577476070554948e-01
-1.608459724792278500e+00
-6.110157091062679013e-01
-1.868181959348104604e+00
-1.843781841258418375e-01
-1.217706288772647305e+00
1.622120291485891208e+00
1.570361642664656276e+00
-9.142834746359063125e-01
-5.118668901238536684e-01
-1.856340716537907776e+00
2.658958574930306851e-01
-4.413318844978977862e-01
-1.639998844143773504e-01
2.154214025058529269e-01
6.545743393291664214e-01
2.084825228617891213e+00
1.632702314948207389e+00
1.524044592288339883e+00
1.777749677766167213e+00
2.705137433191835417e+00
-1.647877454311620138e+00
-1.362540236171299712e+00
9.706948692490349750e-02
2.212793375340903701e+00
-1.305554428196678440e+00
-7.780204011418022647e-01
-1.432848642364372038e+00
1.112178218516787886e+00
-1.058563999001468803e+00
1.239621517935098227e+00
9.888303911239199051e-01
1.702301681998325655e+00
6.501591271104802949e-01
2.795525285900713808e+00
1.590653587289861282e+00
-3.128952578714098987e-02
3.630253646960785452e-01
3.881144693897135012e-01
1.421554883969483152e+00
9.070432223066042798e-01
-2.749127477706900802e-01
-4.816515025489799262e-01
-2.027968261263756400e+00
-5.217549494827720125e-01
8.749696529085057017e-01
2.067013686044550713e+00
3.220316988981061224e-01
-9.181777654914999864e-01
9.937787218732191397e-02
-4.947036505866666545e-01
-1.055189436438116468e+00
4.264840180873302189e-01
1.690314506364321678e+00
-1.270080891777573218e+00
-2.672792819309047219e-02
1.442917661312580258e+00
2.643787520214689879e-01
1.154334276718886443e+00
9.645774637935790041e-01
1.020983575864231829e+00
2.230277873042326942e+00
1.484141543241641159e+00
9.453832022106140043e-01
-4.883055350076788599e-03
1.548694865589026748e-01
-8.288807857105713606e-02
7.060471749287862142e-01
-8.563341330284898190e-01
-1.439902393217819876e+00
4.038096705156771216e-01
-9.953896985550045873e-01
1.678813297869684140e+00
2.615919343382407725e+00
2.524284485273957213e+00
1.938515357922812488e+00
-2.950717524504121170e-01
-2.185860246478917635e+00
-1.421440569796629805e-01
5.002351822086777977e-01
-9.023004128814005043e-01
-1.428451071156842778e+00
-1.181993292005413476e+00
6.134557224930610453e-02
-9.554963881238391910e-01
-9.533963121136095065e-02
-6.833631925291351328e-01
1.517223246942864368e+00
7.799398777635755398e-01
1.918741682583845476e+00
1.170344360888769364e+00
-1.765541551339007698e-01
-3.064465494698469517e-01
2.267178066760024424e-01
-1.402953549381088794e-01
-3.263364454300531348e-01
6.585472534127083666e-01
-1.030622500815889575e+00
6.709083061439694573e-01
6.487296312487097483e-01
1.784693660884429933e+00
1.568801764897784334e+00
-3.685750212741527587e-01
-7.917292445765398146e-01
6.513968279228770086e-01
-1.672122391540906250e+00
-9.004805188016756778e-01
-2.051551156783091745e+00
-9.202326135340688218e-01
-6.047206061897254514e-01
-3.737122420869258832e-01
-2.476812786633768138e+00
-8.769751784298789321e-01
3.049791887705328719e-01
-7.588439031855770400e-01
-3.209783052974561457e+00
1.982911359888813285e+00
1.917737041517155738e+00
9.771177674853570583e-01
-2.167202866393979299e+00
2.477250730034581128e-01
2.827375790268717992e-01
2.097864067879321170e-01
-1.657934802248607897e-01
6.628672085279425918e-02
2.214655679695624713e+00
1.132711553260771886e+00
4.134187434660644977e-01
1.951962574852406984e+00
-5.108692513516787104e-01
-3.181008557199243025e-01
1.373840481747122810e+00
7.184816671294077528e-01
1.591155506313336465e+00
1.953944558631190764e+00
-1.431305359410416589e+00
4.198902603417745683e-01
-1.788182158921630682e+00
-9.276134938147715392e-01
7.166234947131945587e-02
-1.273363933483957933e+00
-1.937227091645719934e+00
-3.215360955371360241e-01
-5.603603377657127016e-01
7.888858302850402238e-01
8.632141408258016124e-01
9.398278092260861083e-01
-3.383955371650547717e-01
-1.189817089730793365e+00
9.745086412139652987e-01
-1.337767838840921764e+00
1.138482005154580479e-01
-6.989565750149154821e-01
-1.687645953357975293e+00
-1.767732860383091353e-01
1.657903642233481634e+00
1.498217478978445705e+00
-1.768560644957214434e+00
-3.789300359488917969e-01
-4.561354459345747792e-01
2.948932400449653657e-01
-5.911351977437396821e-01
3.632958426666591523e-01
-1.054529254789728698e+00
-3.484496342649003431e+00
-2.400073505444938693e+00
-1.455749580004636872e-03
-2.424521814021679766e+00
1.293674234776643339e-01
9.362688248456177420e-02
9.894512919660276573e-01
1.943894530461493630e+00
-9.748427955312813920e-01
1.564878254093682530e+00
-7.519982199910307807e-01
3.117089229930928296e-01
6.926756874760757743e-01
-9.729060981866498592e-01
-6.272601554689824499e-02
-1.241647243852713522e+00
-1.985548018409889925e+00
9.550557974945516060e-01
-8.548954771898051863e-01
-6.314710288148063233e-01
-2.156136446520848793e+00
-6.809929347984949866e-02
-1.889753327661507276e+00
1.063824044347241982e+00
-2.156953652681976030e-01
-1.549808436798989719e+00
-8.011573546408662372e-01
-1.871859582615645001e+00
-1.173936308874815593e+00
-1.599869329317601174e+00
3.362567280151120830e-01
-1.017460269375928927e+00
8.776491161176658284e-02
8.244510198180811100e-01
-5.951037653833537444e-01
-1.001936549252724351e+00
-2.333258525560698848e-01
-1.985537773277558649e-01
4.803540054820735761e-01
1.507546455135126973e+00
1.697559046179974440e-01
-9.211698243650908724e-01
2.058398419832511705e-01
-2.621609490264604769e+00
9.037261593608854060e-01
-8.514123853686803578e-01
-1.194000212482696943e+00
-1.566730736749994524e+00
-9.622014834600549626e-01
-4.175717253004351259e-01
2.365334238054309091e-01
-3.199566938998746335e-01
-4.880044673230163332e-01
-8.528424181636165002e-01
-4.088144567262873286e-02
-4.650556839922854735e-01
-7.962852923006349948e-02
2.541341841417475989e-01
-3.583373621882484095e-01
-3.606614070810644779e-01
2.284380317888351775e-01
-3.642905248765933024e-01
-4.129662197171661275e-01
-1.719121702775360319e-02
-5.021118279475783597e-01
-3.938663364531375666e-01
2.938136629751826254e-02
-4.868140836002671223e-01
-6.405449526597282173e-01
-6.370899280375612594e-01
8.948850815600440933e-01
2.350466253995238675e-01
4.401346873187271802e-01
2.117800134962136982e-01
-6.164294873635862704e-01
-1.363157178552953930e+00
-1.400020407693863822e+00
-7.657732103479188979e-01
-8.486515708250063073e-01
-9.464852651347638313e-01
7.418512390699621983e-01
2.125184903925520619e+00
2.357117066070134326e-01
-6.642006273356595436e-01
-1.749987605126087198e+00
1.040896344972707110e+00
-1.910808697401336076e-01
-5.034108246697386324e-01
9.781784690175755470e-01
2.870142892932018297e-01
-1.780283641669262451e+00
2.393696868655929844e-02
8.446659599382712047e-01
2.935496245890663047e-01
3.977931710508413321e-01
-2.533287882678788572e-01
-4.006624936398677783e-01
1.100649252267501765e+00
4.457386003452229462e-01
3.735465430508327911e-01
-8.296811650071740374e-01
-1.261659053935966668e+00
1.663522494125249107e-01
1.310676872105345891e+00
8.360320073964571108e-01
1.714731345520377204e+00
-8.789606810351924260e-01
-1.032407989351827454e-01
5.308157342977700560e-02
-1.767468617662598884e+00
3.201665462301484522e-01
1.907164492550051493e+00
-6.585176799451088192e-02
-4.214646742656252276e-01
-9.219095854675307677e-01
-7.596647161722607233e-01
1.505670686752871523e+00
6.132729871759268203e-01
1.180518837007546562e+00
-1.044232754873793301e+00
-5.023904447076109614e-01
-8.607566595081099781e-01
-8.682351353144501793e-02
-2.723064641099499084e-01
-4.041617092416101287e-02
-1.601995755667379173e+00
