1110010001101011
1101100011010011
0100000111110001
0001000000000000
0001010101010011
1100011100011000
1110000000010101
0010001001111110
1111101100111011
1111010000101011
1111111111010000
1111010101111001
0010110101001001
1111010111011000
1111000001100000
1100000011111001
0010101101010110
1110100100000110
0001011100000100
1111110111101010
1111100010111110
1110110111101100
0000100011010011
0010010011100111
1111111011101101
1011101001000011
1111110110010011
1110011100010111
0001111000100111
0010101100011000
