-5.941021469833324131e-01
-8.931840894415798981e-01
-1.003674528402292987e+00
-1.448666435644337946e+00
8.200006827229362472e-01
-2.116545434349707655e+00
2.235412623374483321e+00
5.208216929352503799e-01
-2.847988991677856685e-01
3.667366309139399178e-02
-1.880961323035032773e-01
-4.230329767605643942e-01
1.465512827306005406e+00
2.798413209458531004e+00
-4.889664432127557303e-01
-5.164724293654683329e-01
1.273242299571878677e-01
1.030774037995621645e-01
-2.184069924029123921e-01
-4.967405226310411814e-02
5.831342682799588450e-01
2.428661054750013149e-01
-9.878793017756670736e-01
-7.724153580554317111e-01
1.793796399199260039e+00
6.024515536272999627e-01
-1.707593055571279272e-01
3.359211164678526096e-01
6.322246673912719217e-01
6.967580622463538376e-01
-8.274078476876000066e-01
-5.615010288920126158e-02
3.674039385734267915e-01
8.296981068128271852e-01
-6.102442302749613301e-01
1.074968408185034807e+00
-1.007900817285751760e+00
-1.772064940368156760e+00
-1.735146259085514675e+00
2.479118514644211846e-01
7.092260133736615346e-01
-8.516800271051703231e-01
-1.999239269102327243e-01
8.027509070343497033e-01
9.144274464709136740e-01
-1.003395579737510923e+00
1.091525046780221553e+00
1.818707664876544061e-01
-6.040828922466102702e-01
-2.029057260940408947e-02
-1.137993248190670270e+00
-8.142404123199197263e-01
-5.833253678189422864e-01
7.447714050577245448e-01
-1.065191272464009326e-01
3.721419420471103745e-01
-7.564634188645269486e-01
1.025891746225030987e+00
2.632000767798360966e-02
5.265491858280874071e-01
-1.077195480586385701e+00
3.194242246570737631e-01
-1.244779861903380302e+00
6.869155302670487684e-02
1.273843748908749740e+00
8.119067408551203235e-02
1.057015418388531774e-01
2.265542037486945048e-01
1.294802575381123200e+00
9.629820931938881667e-01
4.675461224564828044e-01
7.073448303946717752e-01
-2.178983740586052376e-01
1.746252710369165240e-01
-3.514324310762771408e-01
6.195931182236551482e-01
-2.569412815677094009e-01
-2.141921702989898257e+00
8.397424044564991696e-01
-3.590107642255403464e-01
-4.919010432125717203e-01
-9.656068092433306438e-01
7.342273060290998021e-01
-6.771674986988158729e-01
-5.443811905137420082e-01
-9.544859533014081743e-01
-1.039255170843758513e+00
-6.757592468141825348e-01
-1.113895778920361845e-01
9.220525200143296907e-01
3.574160335494968033e-01
1.263738105131944289e+00
-4.111788745834487613e-01
4.600643228815350372e-01
1.959549964726126969e+00
-6.970878034571491577e-01
6.225455546289432318e-01
2.766337128852525140e-01
1.908558430669523021e-01
6.259231680525915165e-01
-7.882017955071084492e-01
-2.739285365708939324e+00
-3.845677281931200731e-01
-1.215687879180164632e+00
-1.304410112050111425e-01
-4.125823413881677393e-01
-1.097186844083537727e+00
3.112205891316000006e-01
1.506502875402627284e+00
-1.650373568137459612e+00
-4.061809306051167856e-01
-5.124827024736173381e-03
-4.774561367128254963e-01
-6.585102208717075190e-01
-2.479425569083176240e-01
-1.410363857933872200e+00
5.678795272793869531e-01
1.427267459848354125e+00
9.736427830804132710e-02
8.733190162410505719e-01
9.786421080469761558e-01
2.063384003060012573e-01
-6.081612689742130762e-01
-7.283049528193651367e-01
1.887872385579358658e+00
7.108331754380954326e-01
1.737465868780811717e-01
-1.194472628311844808e-01
-1.025150163718526519e+00
-2.313377460815224218e+00
-2.040454483187370993e+00
-1.948173803941032345e+00
-5.293120747847928076e-01
5.343454950268359260e-01
-2.552856175964105523e-01
7.193992571960926563e-01
-8.774260034767962235e-01
-1.384991355310106309e+00
-7.619446333716454189e-01
-2.760274660792620405e-01
4.274127795626649073e-02
7.974913688276555890e-01
1.313996364880917866e+00
-4.013414505186548853e-01
-1.441970160764856901e-01
-9.383380716950350253e-01
1.163919014884715386e+00
2.568359866983844012e-02
4.829593245133269042e-01
2.025331180552088384e+00
1.227088800940346447e+00
-4.822597289026837597e-01
6.282434219337953429e-01
1.818077240595956101e-01
-9.605948265770499761e-01
-3.234903899011866146e-01
-2.723632723401801403e+00
-1.570983341294215574e+00
-1.441267472617389966e+00
-8.126149311824366617e-01
-4.638696549620149878e-02
-1.030700094186348323e-02
1.442376890163055370e+00
7.525116110668748914e-02
3.296903215903788098e-01
-4.415181625278508659e-01
-6.641787342613560963e-01
-3.728276833386952038e-01
5.382001190362314391e-01
4.018288273087471385e-01
-1.338688330442763474e+00
1.160841631812481234e+00
4.905163576825459226e-01
-7.787274259133747378e-01
-7.299546671568898915e-02
-8.201697156534730471e-02
7.735785089656486146e-01
2.448467909807218457e-02
3.719354902224960013e-01
-5.346918019556479162e-01
4.353964121956080957e-01
-2.453995415645605915e-01
2.695222760721980748e+00
-3.018674443101783567e+00
-2.366931403764493957e+00
-4.616710205956116475e+00
-6.788543597234101279e-01
1.031083924934723228e+00
7.227940463143660565e-01
-5.807619276627481453e-01
-1.101429086591095396e+00
-5.206102483442547335e-01
4.035731511193862281e-02
1.372010520134537837e+00
1.239499821781278488e+00
8.916061227692481661e-02
-7.606286858176894428e-02
-2.859673826757412884e-01
-6.513909059621202091e-02
-4.088125233206520992e-01
-1.356372102201502061e+00
3.045024329242032035e-01
4.948788190836495016e-02
1.019952046877871998e+00
-7.928766810465047721e-01
2.055189917878834927e-01
8.346779715855526804e-01
-6.967214355368711587e-01
1.767513900601894061e+00
5.046294007929272851e-01
-3.539173571664291362e-01
-2.694487794580720852e+00
-3.250448075008422588e+00
-2.808550089406422590e+00
1.218912525388185397e+00
3.120192670400724344e-01
-7.978228572569968646e-01
-1.773168418839371208e-01
-9.238733387418264498e-02
1.625766674745966922e+00
-2.075837786986621136e+00
1.672083195913392828e+00
-6.662555842138466744e-01
-1.271267291315334891e+00
5.711230347110085592e-01
1.681327646694550371e+00
-1.193175932495365688e+00
-7.516071171674386653e-01
-1.121663645787137398e+00
-1.324912614174313497e+00
-3.192151274978507480e-01
7.428234875608038523e-01
-7.111073214210569815e-02
-1.832013695369388628e+00
1.497356365629669117e+00
7.005863403635419207e-02
-3.135668271239516192e-01
-1.720752122938570938e+00
9.511433696203923649e-01
-4.329890653830163139e+00
-3.655083253425845058e+00
-6.463818095273815567e-01
-7.046352719229106477e-03
-1.127717165398164134e+00
-6.805494889523913127e-01
1.388578872960033461e+00
1.181113333800697163e+00
-1.397526727977923322e+00
-1.038222713420787757e+00
1.171691898935925735e+00
-2.802463436262521146e+00
-2.280282455048121826e-01
3.095027188183803735e-01
-4.530387868393975781e-01
-1.218230302925097819e+00
4.628158743800341313e-01
-9.452477213755744456e-01
-4.662366015536084096e-01
3.374903952067017515e-02
-2.619116625248659944e-02
-1.483567466908124022e+00
7.947363024293739864e-01
-1.340121081694059413e+00
1.872619716627450526e+00
-2.298451287236351059e-01
1.309963065501803081e+00
-3.206795482978563427e+00
-4.359443548791603895e+00
-6.894558832029555884e-01
6.288799511772231732e-01
5.354136803381287502e-01
2.239907715959299050e+00
1.478752545637137983e+00
-4.299114978514240876e-02
-1.876440358255284657e-01
5.294268032637559074e-01
-1.450200413998958826e+00
2.175547333887143941e-01
-4.121410173336544913e-01
1.035547575865251257e+00
-1.361645132684976112e+00
-1.148295935749549912e+00
-1.936466068371865967e+00
1.085293042998324964e+00
6.072414829073874420e-01
9.851028744876166865e-01
-8.075797433408732351e-01
1.615542404278783040e-01
5.270722550365006809e-01
-1.446544553326196025e+00
-7.521482184930017301e-01
1.214820742188860991e-01
-6.646543113120495505e-01
-2.052174010126727399e+00
-2.948081353434861995e+00
-2.971381326321372307e-01
-9.284695968232906105e-02
3.963538077012103700e-01
3.945422578054740836e-01
1.352644290004822336e+00
1.159691582444145386e+00
1.926064791999784420e+00
4.839026513525913065e-01
-2.458519238782736593e+00
1.016212887978998225e+00
-6.340068694147229511e-01
-1.259320672885619219e+00
3.646508062158532876e-02
5.461372409472905476e-01
-7.174665990351793976e-01
-1.552731581137380412e-01
1.650668134167428081e+00
-3.334862277663603880e-01
-1.255951908424528529e+00
-5.268610654606432631e-01
4.992272512124819595e-01
4.425416822857684840e-02
1.896183170688004183e-01
1.616416686053356866e+00
7.962294505055940164e-01
3.002772472686123795e-01
-9.389357050353773770e-01
5.361636798820554883e-01
-7.488787505404504996e-01
2.007979614343847974e+00
9.687888835858018410e-01
2.062232197082141116e+00
5.820472340302620395e-01
7.906743326360508028e-01
2.983674770272640719e-01
-6.096139743396029598e-01
2.324120878934777590e+00
-8.743244680410683367e-01
-1.875113950433715315e+00
-1.874253347503721523e-01
1.661007516364808867e-01
9.839474811887481964e-01
-3.004464508820303692e-01
-1.480299657163131333e-01
-5.827415702147959592e-02
-3.778416407684366263e-01
-9.414460286657005961e-01
5.294426680696249221e-01
-3.210107907011867656e-01
1.749709429671255159e-02
1.724604634277872028e-01
5.198774153942302689e-01
-1.035245575320260958e+00
-5.477330751517655028e-01
1.281554007409988039e+00
3.618480339574955407e-01
-8.048811631720239612e-01
-6.053323449061307482e-01
1.317789794828730932e+00
2.264521470115767321e-01
7.368574802377293453e-01
1.914575271918504074e+00
4.675788013607990456e-01
1.148201285387729698e+00
1.354628097862510483e+00
8.991267328239083145e-01
-5.198873608249533484e-01
1.145651760901631233e+00
2.163107386418787748e+00
-3.548163529901094404e-01
8.982031375422299124e-01
1.266576721795267702e+00
-4.998446776219626214e-02
6.600022900940200055e-01
-4.984490522169930937e-01
-4.481500887766726726e-01
5.549561733517217599e-01
2.194032877728709918e-01
5.140973502808153794e-01
1.341258713177001516e+00
5.646444920452095007e-01
-2.271767412889270865e+00
-1.573233249123314970e+00
7.098577128475289655e-01
1.495248676208196681e+00
-9.063928490769506130e-01
-1.655103347704919736e+00
8.846831492939980501e-01
1.337342157825593514e+00
1.597536985704214596e-01
2.028308068790629637e-01
1.005099114344461420e+00
-1.511801647630140188e-01
-6.965305381201885027e-01
-1.129869109157228824e+00
8.400663461643839702e-02
-2.676099505351673402e-01
4.291258799661535339e-01
-2.575421828469534949e-02
6.586904244520668250e-01
7.808909512937070585e-02
1.759488207984621355e-01
1.615809945882247689e+00
5.843981794248721551e-01
4.066349729420286052e-01
1.517603106744378261e+00
1.106607010604700125e+00
-1.054093474637078254e+00
-1.049148300274139967e+00
1.486863554684961231e-01
-4.776460012131974464e-01
9.117933048674506935e-01
-1.208192798799082812e+00
3.506066187814403656e-02
-1.022189750595431823e+00
-4.603773014445651512e-02
5.129598606968200497e-02
7.906511417621596705e-01
1.440923565824025587e+00
1.199694056493130434e+00
2.330013066983310566e+00
-2.102952949383958201e-02
5.872054189338321573e-01
-4.215218222066883791e-01
-2.696374784471616826e-01
-2.349294025230084237e+00
5.704485267333521126e-01
-6.398830098607375394e-01
6.449538098812007680e-01
-1.370861045347822937e+00
-8.317056843575990621e-01
1.202210853877200419e-01
-5.069929473455356828e-01
-5.255531021161125027e-01
-1.070091591046980151e+00
2.645802789530360410e-01
-2.252914345813105956e-01
-1.021427131678599665e+00
-6.781869758858906083e-01
1.352986502603501125e-02
2.755161047709750566e+00
-6.183272881133674570e-01
-9.429892248341494865e-01
-3.040644264503069780e-02
-2.070719137004835897e+00
1.054701653635682579e+00
-7.009144793343563551e-01
1.022320792185211102e+00
4.909421988742383725e-03
-8.273091873481334124e-01
8.163941965352066177e-01
-1.188685881968299718e+00
-5.683893432399297341e-01
1.197468029550520896e+00
-3.796364475019263218e-01
-1.275778020204550861e-02
8.301596610810293431e-01
1.272235917296366647e+00
-6.456273823307756565e-01
-3.041714792193716058e-03
1.529095473159589220e-02
-1.073918431506225124e+00
1.857143499477310389e+00
-7.542267074107756875e-01
-8.282324784701844411e-01
-5.927116113740263925e-01
2.989190941196647744e-01
1.103721139244475402e-01
-1.192388869046862920e+00
-5.713743341438910495e-01
-6.825702235954225205e-01
8.350995470741318094e-01
-2.097606490748846753e+00
3.202302160809113452e-01
7.729094701415389901e-01
-2.796113956662673039e-01
1.052877583662404470e+00
8.940149549309079902e-01
-5.333212630660858627e-02
-2.074004199880564503e+00
1.727988283647407419e+00
-9.790037401461795796e-02
1.787691424256950545e-01
3.297430745964147203e-01
-1.207625283470886268e+00
-4.286518438515951046e-01
5.335597142266873712e-03
-2.402234493588033259e-01
-5.501332117753018197e-02
1.782798182071809068e+00
-1.528268842056816679e+00
6.634543100891826528e-01
-9.845216079409588872e-01
1.386184365595677925e-01
-4.477008466563399125e-01
-2.237956209753330927e-01
-1.752235270645698284e+00
1.437573284064719986e-02
-1.796864928479945389e+00
1.060615011483651005e+00
-1.831192266046367811e-01
2.269603572688356219e-01
-1.401052085696407934e+00
-2.639323745402840093e-01
-1.529217956395714451e+00
1.459089039614242522e-01
9.651898684271937867e-01
-3.233977407353393757e-02
-5.024498673430617401e-01
2.291210071815805716e-01
-1.884595006530955574e+00
1.469661817455546471e+00
-1.793941255239873467e+00
-2.334204050169314204e+00
-1.181253494975454732e+00
8.375938889581933111e-01
-4.157016005557117588e-01
7.521048042910463138e-01
-2.239502005870518953e-01
-1.257648562405029091e+00
-1.512310727746228600e-01
3.451541580886429150e-01
5.795918115345373156e-01
3.246679157125573756e-01
-1.844977095413427026e-01
2.300951207325935277e-01
-6.250671183416793841e-01
-1.718383171758959493e+00
-1.486956080712784400e+00
-2.975284443597333017e-01
7.307778354001440713e-01
1.317105303701172625e+00
-7.676825247311968026e-01
-1.224507187275904879e-01
5.747963923053358570e-01
-1.104216965698983755e+00
-6.482831072988042287e-01
8.534599454618964076e-01
-1.079157708303954299e+00
-9.773946442636544107e-01
-8.998601329702735629e-01
4.400046510530879473e-01
-1.176109949834041268e+00
-2.164411699846904291e+00
-1.456852886602021613e+00
-1.767507700295596562e+00
3.339402173105531224e-01
2.647335768647218757e+00
-1.251807279597678679e+00
3.910414535729529462e-01
1.643902834523470080e+00
-9.079823281688084169e-01
-1.756660594084466842e+00
-1.726256643276316838e-01
-1.707920835603982113e+00
4.602305871460267150e-01
6.017930097090010699e-01
-6.017831324905507095e-01
-1.817439763337941605e-01
3.646374024698170735e-01
-6.391689246058742668e-01
8.862858993946696184e-01
-4.079824634842851849e-01
-1.048053920471655687e+00
-7.247358037165525513e-01
2.986422126950887823e-01
-2.546519953714192486e-01
1.448938306616711080e-01
9.293866525560597058e-02
-8.166431234297624742e-02
-7.890246665889357747e-01
-1.357705660460574615e+00
6.254898827347913359e-01
-4.002363543403560375e-01
-8.682897179360767048e-02
3.066202270128733920e-01
-1.423473713437219290e+00
-2.211606812990755955e-01
7.816953627749881894e-01
1.294412752259767707e+00
3.892289009891488627e-01
1.055349565039878312e+00
6.386290419107925054e-01
1.654986019102222261e-01
1.233864390528867372e-01
-2.384203151743203297e-01
-4.153281914689984089e-01
-7.294788740552098361e-01
5.955660406503781035e-01
-5.494465383409007364e-01
2.738844412029330933e-01
-5.104847634321745264e-01
-9.374817292019539394e-01
8.028036501343729370e-01
6.272991800264175744e-02
3.264976112305257305e-01
3.819197975372255749e-02
-1.713236639297241570e+00
-4.457618801015283405e-01
1.212756735329775015e+00
5.915941496621163198e-01
3.007292748662416249e-01
-3.345629429933958954e-01
3.448100571389347002e-01
4.401674381746777387e-01
-1.507685774477278251e+00
-2.826822890801320431e-01
-2.178120272018442716e+00
-4.866016135113930274e-01
-7.406703929223196203e-01
-9.257179357468490188e-01
6.950798594136526898e-01
4.364665806906047885e-01
-6.244197923940312256e-01
2.342633757535485528e-01
-2.061272292005116857e-01
-6.654431518638019571e-02
-3.593266054440712454e-01
-2.020765094584735522e-01
-3.821303135458804512e-01
3.873193958238531631e-01
1.738844108158705382e+00
7.332567531819704498e-02
4.607046953765893127e-01
1.185054078221253748e+00
7.366824044704824159e-02
1.943004263097230372e-02
8.760613922118872798e-01
-1.229318106311377612e+00
-3.284464033482609874e-03
-1.191564600809941643e+00
-4.288709614162266592e-01
-2.272285890861164948e+00
8.679614601231986359e-01
4.187736277182588229e-01
-1.874299208395958649e+00
-1.113069344967646396e-01
-5.240957675790011150e-01
-1.351775115108102554e+00
-4.131653461395889959e-01
-3.366221630764827388e-01
-1.375279599436170397e+00
2.428729340968519834e-01
-1.223136355208292114e+00
-3.522087458253147507e-01
-1.338235910990440258e+00
1.525798244687404992e+00
-1.096633919248577449e+00
1.411363170047971183e+00
3.684522855862659152e-01
4.130834443607203088e-01
-6.380322849465756008e-01
-3.597728324154263468e-01
-9.321819783412762517e-01
1.092984062692794023e+00
1.667245603044396507e+00
1.905646088737499966e+00
-6.335054940597316664e-01
-6.287897412690690579e-01
1.322486469481086058e+00
-4.710305592125551000e-01
-2.076077355311217065e+00
-7.953471160473953860e-01
1.276162017553661654e+00
-2.163050586008404608e+00
9.055411440321105287e-02
-1.059672381960336862e+00
-8.037272186982258315e-01
2.579894242726938902e-01
1.440751788728925620e-01
-3.690965353756019418e-01
1.567662475313017986e-02
-2.272815920087651431e+00
-3.915688584142306694e-01
-7.713462621978762757e-01
-1.143983398873276824e+00
4.986272506099470592e-01
8.404857689100063700e-01
2.305106896284997209e+00
2.729795349315047304e-01
-8.847276311634307833e-01
5.955176562435609000e-01
-1.297057301462848922e-01
1.890628661875469074e+00
4.308089473575245631e-01
9.635702980814732366e-02
1.285304346921160912e+00
7.066273522467492185e-01
2.715774771945560495e-01
1.688638824776183267e-01
1.058235092341601957e+00
4.857380968190918580e-01
-5.587929957057234942e-01
-2.133192621935094735e+00
5.092149112840480552e-01
-1.666472145664698035e-01
-1.104348282135748205e+00
5.805729203261131843e-01
-1.646476657954888401e+00
-1.335651427158702331e+00
1.109608143104168665e+00
1.633716003226143021e-01
3.837779408974767437e-01
1.288158442415698324e-01
-1.872437600087835330e+00
4.506406434062736333e-01
4.147480258651751739e-01
-2.889727603344435791e-01
1.058729348743195020e+00
1.891377998955885709e-01
-1.542790771124432081e-01
2.583905653101934985e-01
-1.440075280566026850e+00
1.254961439121525135e+00
4.021447853863861499e-01
-7.321725666746649042e-01
1.539363037782684795e+00
3.153326951832841063e-01
8.976004446581631324e-01
1.421208986104679273e+00
8.494633337364823067e-01
-4.537673809424740967e-01
-8.124417596760140636e-01
-2.072781505173039829e+00
-4.266048248134293175e-01
-5.651021840581605948e-01
-4.269287048468994872e-01
9.431366649396399904e-01
-4.293739915390342166e-01
-1.016224713781952227e+00
6.297876562544652002e-01
1.063880904098447600e+00
6.186560532921278055e-01
-1.596629549192747355e+00
3.461785798368503531e-01
-1.895460322450978896e-01
8.799463593708909404e-01
-1.385596027920910300e+00
-1.798632832343929344e+00
-3.735798174286074635e-01
-1.104993046787916988e+00
-1.898534354464223695e+00
-3.563576090210702207e-01
-1.336220489371596987e+00
-1.227412689538030621e+00
-1.407306031870537044e+00
1.366633559702437273e+00
-9.603609894872859876e-01
-4.994222399892024877e-01
1.716620120235151870e+00
-3.617853933509931341e-01
-1.311987927555519962e+00
1.616480090885808130e+00
3.842431667940128803e-01
6.113264532827748093e-02
1.159072580464849622e+00
2.496999334344767174e+00
4.742432883773513574e-01
9.048033470148956203e-01
-9.095343864948868262e-01
1.329181877712017068e-01
-1.069483814042423292e-01
-5.893253911897103348e-02
-1.785357672125943207e+00
-5.338383110720601454e-01
1.373761183306968725e+00
3.690373934785738663e-02
-7.730488184443786714e-01
-5.128351331816719538e-01
1.265186255426750339e+00
4.277414813828072093e-01
6.466329000652106807e-01
5.765293551634256830e-02
-1.171664114848705474e+00
1.130308725086538901e+00
-5.246463596570839494e-01
9.530483604250291618e-01
7.325425705459235326e-01
3.732036342542837115e-01
2.264757952675283015e+00
2.044845361318914922e-01
2.022041376360874665e+00
3.112990738725517903e-01
1.237562740905854497e+00
-7.366055837483843627e-01
-6.920675917645102097e-04
-1.676259968231039454e-01
2.185789641680623008e-01
1.023217111654917966e-01
