-2.375785690987356702e+00
4.554230084019720848e-01
-1.311210017940792616e+00
2.352290883998480631e+00
1.459018370838583101e+00
-1.498258450140639741e+00
1.198025955504665591e-01
8.825951149992662392e-01
1.179580825879452233e+00
-2.346534828021765939e+00
2.343164422383370304e+00
3.711968534682154042e-01
-2.962211011604417576e-01
1.478439075188213436e-01
-3.841655783398944396e-02
8.038533297840825265e-01
1.482055354739304498e+00
3.747523524102761572e-01
-2.650548235357415905e+00
-6.616510987283221734e-01
-1.312179980863550366e+00
1.181741130469734724e+00
5.657699848772316242e-01
1.418835996805381250e-01
7.824702728604630009e-01
3.079887094111373735e-01
-1.257785026094849767e+00
-3.145796647105272847e-01
6.289844503781533147e-01
-1.348565718304117533e+00
2.970459991437775504e-01
1.231465298976301970e+00
-4.241995909926740693e-02
-3.365432488646378228e-01
-2.214935505510393199e+00
-1.516909846340595669e+00
-6.083036361486634513e-01
-7.137791610828200239e-01
-8.819121812816689276e-01
-8.025121743923442352e-01
1.191569880141900351e+00
-1.602543856469932360e-01
8.800703557497985274e-01
-1.782559266418191068e+00
-5.446643174617028516e-01
-1.316258517745191092e+00
-4.764483005622424105e-01
-3.564146545107177433e-01
9.810861570986033342e-02
-3.559455465742774050e-01
-1.109687710119714898e+00
6.924575262537936426e-01
1.073710898906369948e+00
3.918094206250420652e-02
5.714138910971895413e-01
6.402938856212376795e-01
2.067012857050705144e+00
1.400190397364940997e+00
-5.269932305608850953e-01
1.867256828722121176e+00
3.827052412362882960e-02
1.719107431807630926e+00
4.075444296403174516e-01
-7.961506572055595532e-01
-4.927221339513928600e-01
-3.214494581784088645e-01
-6.661647982635336973e-01
-7.137780311988682902e-01
3.484211112482289707e-02
1.107193787660379236e+00
-1.291742741665278804e-01
-7.125739192816036294e-01
7.189253783839014700e-01
-1.247014012616411760e+00
-9.272694693752193684e-01
9.720498983958586470e-01
-1.404088589936777653e+00
-8.666305462661811898e-01
-3.121669562508105900e-01
3.271579628197978651e-01
9.914277436105105312e-02
3.507517168761130621e-01
-1.024126944059122302e+00
-6.862328633363028452e-01
-2.976670801063740490e-01
3.874919308400712747e-01
2.704507433146760564e-01
-1.412373862428632831e+00
7.441032960395198292e-02
1.534542221354230351e+00
-9.544189853645234090e-01
4.940812316815441085e-01
-1.742968496960588087e+00
-1.088711567078750830e+00
-1.307680801279547111e+00
-2.626298358262316515e-02
-1.441142551172379882e+00
-1.869594684399874307e+00
-4.126225499063775892e-01
-7.992897706771699973e-01
-4.507913222390465546e-01
-1.040785275285522005e+00
5.905328299943964250e-03
3.257056355351458654e-01
6.122435088484309285e-01
1.092227012383732987e+00
-1.014834556226146406e-01
8.321145103484500760e-01
1.869177932455426294e+00
7.565611099077573787e-01
-6.313178413617125395e-01
7.808061781489736286e-02
-9.068448876098320621e-01
-4.840113815454337165e-01
6.382664669268587332e-01
9.543879629267441045e-01
-8.349711744878016706e-01
7.660485466222851647e-01
8.754928233380013802e-01
1.083335754023628805e+00
-4.131866843481931534e-02
-6.804680386369333922e-01
7.157282100269989344e-01
-1.480253253869521002e+00
-9.313529315715839418e-01
3.024578466633048857e-01
-2.825341094574964074e-01
-7.068041884338419623e-01
-1.445668772702726423e+00
2.323888124794964150e-01
-6.052877142601202909e-01
2.497120486292246921e-01
9.393321687053211022e-01
9.456060263684556988e-01
-9.791513494288824893e-01
1.593128500151784088e+00
-3.815525710486872835e-01
7.584170162846394225e-01
8.007785051238350826e-01
-9.187027322462075762e-01
4.075511241226603687e-01
1.287566270178084615e-01
-2.763565333204044405e-01
1.428595394408324060e+00
-6.927962166754665641e-02
-6.616711106574575396e-01
-6.074023645165479435e-01
-6.607070445641261003e-02
-1.603948650085457173e+00
3.461463766682884580e-01
1.357825704606678840e+00
-2.718971843279545664e-01
4.471311302914302011e-02
1.774814468623383990e+00
9.258750547291664246e-01
1.587243941182116647e+00
1.282341364516628168e+00
4.448513274612617661e-03
-8.738188139606371807e-02
9.666380058948847998e-01
1.153565848878991051e+00
2.059629991421668027e+00
-6.897630142714556989e-01
1.776610653243066440e-01
-4.369201614261983280e-01
1.757887265759512596e+00
-1.469995797378543800e+00
4.204745797815321873e-01
5.220911743823298812e-01
1.102269052279165384e+00
-1.566014010418489422e-01
7.955109612854495138e-01
-1.910280902287539107e+00
-1.909576274841145782e+00
6.966735398503695054e-01
7.008661448201634059e-01
1.006266196051611495e+00
5.531291471098333939e-02
1.625281838469398776e+00
-2.707156827551233103e-01
-6.431268518556181035e-02
4.110091801292490854e-01
1.405300627092660459e+00
1.099106749047979559e+00
2.074556340665509035e-01
3.247346650487805131e-01
6.532104560441276409e-01
1.036324217492486932e+00
-1.828893137299605121e+00
-9.320318244677628927e-01
-8.307546943002406259e-01
3.157834598439026030e-01
1.487158361049227273e-01
2.087154529624678234e-01
3.500901140248674492e-01
-9.948772329656466740e-01
1.530855009286332669e-01
1.282032397724647277e+00
-4.802959095619518393e-01
7.770501921134528311e-01
-9.409489971173816691e-01
3.951154797476590375e-01
5.402576278863930881e-01
-1.070986330676938936e+00
2.022577516361824035e+00
-1.535487103909414008e+00
-1.648745771764375645e+00
1.054018807474842001e+00
7.945942085295997215e-01
-3.842058550913807213e-01
1.338970863310613713e-01
1.950314800048102537e+00
2.517526355598631027e-01
6.065080363096138072e-01
-1.405822163380305856e+00
8.778471211724326873e-01
-8.647916482342302147e-02
1.431765939268189403e+00
9.117692998821638195e-01
7.473612717589963594e-01
-8.971337761592872440e-01
1.378548646638471320e+00
9.243656025796186393e-01
-4.350364077763528292e-01
-4.867783391451251940e-01
3.545246939066240555e-02
8.984614413090900031e-01
1.472157645303343143e+00
1.241099663660390151e+00
8.330608532973329261e-01
-2.246461466292439368e+00
1.718516695811126649e+00
-1.001378345956433824e+00
5.821682248097217460e-01
7.069870610029027613e-02
1.273634327663664689e-01
-1.146371729066214817e-01
1.418810606418942522e+00
1.560604919929930112e+00
1.798769565711667129e+00
-4.249878292700567939e-01
-6.271590602905079415e-01
-4.450218779372859257e-01
1.363516347495356829e-01
-3.406257331752237105e-01
-1.127278733482498074e+00
-7.599999479355526999e-01
-2.706951505953284709e+00
1.492124831382231065e+00
-6.793330840803454285e-01
-1.675408658211586244e-01
2.760478083080046829e-01
4.039957257780100314e-02
-2.328564408023981791e+00
-2.029501867994125686e+00
7.644794823360629987e-01
-3.894512259980042135e+00
1.572592019617799763e-01
-1.897893081520529490e+00
-5.660726534584186176e-01
-6.647792636035190217e-01
-5.161831438426907059e-01
1.161033792369100537e+00
1.086886040888130012e+00
-9.154680103863588325e-01
2.362364476217731490e-01
-1.067116481621810165e+00
-4.768311478850543184e-01
4.112224497126855116e-01
1.009516037819266909e-01
-2.359136263410382406e-01
-8.240839737920241381e-02
-1.954170209152871429e+00
4.081778562756156470e-01
-1.890350608283869249e+00
-1.322789538054391256e+00
-2.905905927881585193e-01
-2.401184205256190918e+00
-1.417035855985661896e-01
-1.334455835829227555e+00
-3.469092422589205582e-01
6.323887319649956762e-01
-1.375745355292186112e+00
-5.962384691955208149e-01
-9.101935576684364593e-01
-1.649917884989454020e+00
-7.952400936165413547e-01
-1.627785316173944175e+00
-1.982381337318160464e+00
-1.372155220877555815e+00
-1.793442402787771339e+00
-7.829186640472229897e-01
-1.932042905972758184e+00
-1.530281744514519593e+00
-1.337816685405747386e+00
1.375459570900105177e+00
-1.544096468005360656e-01
2.965150716876794202e-03
-1.228758408770070781e-01
7.067042535022169947e-01
-5.939373602400405822e-02
-4.198377013748373354e-01
-6.238266334668665300e-03
1.340718704167265241e+00
-8.209171576141719440e-01
4.091249992356757459e-01
-2.088760232349943013e+00
1.309989969399951271e+00
1.519184177393352542e+00
1.103286125555561936e+00
1.905066650664284933e-01
-6.977362763401412371e-01
-2.258889413593700990e+00
-2.087142885978787277e+00
-3.798808668439296876e-01
-9.562612137758338404e-01
-7.162366794485985899e-01
-3.168003684079347515e+00
-1.092769948579014105e+00
-1.650657944650570697e+00
-1.487524335194966296e+00
-4.647662162634194072e-01
8.080791273472717196e-01
2.167958633963073645e+00
3.119999704695377574e-01
-6.708701580294801348e-01
-1.335200420503094287e+00
-5.386828603067485011e-01
-1.064388582913295966e+00
5.657492110285584908e-02
1.872589107909597428e-01
-9.394713581508610245e-01
2.101042666984663576e+00
-8.585346729780856112e-01
-1.363541060792641119e-02
-3.483964385978538525e-01
-8.627052552629141946e-01
-1.806066954676330161e+00
6.318697714434950985e-01
3.775631980469681404e-01
-1.795544821436326766e+00
4.802822172856785476e-01
-4.165632236288376866e-01
-1.764135065800953139e+00
2.148115945568623009e-01
-3.832091378720857144e-01
-1.360066516219148536e+00
7.874792793295830595e-01
-6.796372786211886119e-01
8.093284326109905225e-01
2.627070246044129753e+00
1.808588023497723629e+00
2.897650623272005621e-01
-1.638391139961260290e+00
-2.924106164198863600e-01
3.983319164756585207e-01
9.041953408146752302e-01
1.815121392988505278e+00
9.849511633228008600e-01
1.206661484775476856e+00
2.184855364737127992e-01
2.595966339714233517e-01
-1.419583411718628563e+00
3.858462439978520009e-01
-1.039550416970166147e+00
-1.194327710964566469e+00
1.184665591993896872e+00
-2.650192072938138410e-01
3.220981415274594695e-01
7.259078225271864415e-01
1.363238284658399468e+00
1.253574033126699572e+00
6.571234359625410804e-02
1.740208836605678044e+00
9.377300246421074181e-01
-5.197894791217361199e-01
3.710414866200379080e+00
3.497965715705849465e+00
1.951359680225036808e+00
2.214625742224956451e+00
3.747837948965520583e-01
3.718431583234023119e-01
1.075116754672411357e-01
9.830903758151022798e-01
-7.990751737171544189e-01
-3.024442070567581742e-01
4.367786497340611640e-01
7.012582785432268651e-01
-1.111466898664432851e-01
-6.866920425675042405e-02
-1.711206231057257193e-02
9.116687510456197296e-01
-1.044536843584582264e-01
-1.800504958841093961e+00
5.716809669271074590e-01
9.698923028412389513e-01
-2.523722620231224067e-01
-2.491787773155357544e-01
5.707808620084098283e-02
1.456385706580775929e+00
1.031304613571633721e+00
-5.793051529895391072e-01
-2.443346397696539996e-01
-1.149023045112481212e+00
4.268814064415365372e+00
3.137516252567595920e+00
2.058350056736013567e+00
7.719788005233125805e-01
1.576529168023163674e+00
7.477491499568214572e-02
8.765868752098718852e-01
1.186086705907207328e+00
-8.183395165136195804e-01
-6.963560245589979214e-01
1.583472898624865399e+00
6.162985774180540499e-01
1.472198284144178082e+00
1.272579200196615856e+00
-3.295327697208327300e-01
1.065310841408290798e+00
-1.313337582590978103e+00
-4.196094389642632816e-01
5.536896306754541808e-01
-4.697418596950142522e-01
-5.548244309028587118e-01
5.692334458840669908e-01
-2.555528240811297258e-01
-6.178260706753335718e-01
4.187488132832985488e-01
8.679347193320249287e-01
-4.172938718820862203e-01
2.484089303828113382e-01
2.883324208587209281e+00
1.649000219140170032e+00
1.940758226549754051e+00
1.201608995705223615e+00
5.627003835029388279e-01
-7.242193862675779803e-01
6.767609463653248003e-01
9.409150288592027511e-01
7.912016962225191241e-01
7.935995324817967100e-01
-1.431721250975571902e+00
7.870820849747219849e-01
2.377135198843771391e-01
-1.968827510484149057e-01
-1.713114067300270937e-01
2.577261722346123829e+00
-2.493000575608076905e-02
-2.298265510192251948e-01
-5.005877026485150427e-01
-1.341101821032249397e+00
1.410154758189850366e+00
8.075085988790917657e-01
2.381613875937010683e+00
3.516911456528766522e-02
5.438669922979034732e-01
7.681662229651005092e-01
4.342272970894133777e-01
1.624864609800575677e+00
3.829256698372236922e+00
1.161707740029382263e+00
2.435084877733845465e-01
5.213255783513212060e-01
1.572948640485978045e+00
-8.299415872360512703e-01
1.068314463637255463e+00
-1.214561102933268799e+00
-1.100795789169684458e+00
3.462394048318238604e-01
1.949405419688651220e+00
4.893150242752812296e-01
-1.640908545189509737e-01
1.883536488225934002e+00
1.461842332706549286e+00
3.046838905577627377e-01
4.678820415155823254e-01
-1.253054629922247587e+00
5.045602333084865387e-01
1.482738298740686744e+00
-7.043065743922419797e-01
5.494901730449673893e-01
-4.409689673502817375e-01
-1.353575468383022840e-01
-1.403662803172582407e+00
-6.196197550155057021e-01
2.771606700629396070e+00
2.978559069658461844e+00
1.914027088226646578e+00
-8.719931837206608138e-01
-1.491494834911566703e-01
-2.445198654883164735e-01
5.537429050280848752e-01
-4.116286546599617346e-01
7.252400789662720726e-01
1.077798662486168180e+00
3.061554565802489525e-01
-6.501047489042571792e-01
1.403098905788528056e-02
-7.721415176275784331e-01
2.562022526247782039e+00
1.439739313704508673e-02
3.187133694867146372e-01
-7.358635073964712170e-01
2.314442957671091483e-01
3.699009733177673342e-01
-1.824122475913073430e-02
-2.300337191859053831e+00
1.147591338535578487e+00
2.317895746142032976e-01
-3.242792087726260042e-01
9.746443242157475373e-01
2.256950654944850587e+00
2.318714515576813628e+00
2.800123526036012223e+00
2.650159416491594033e+00
-5.540013657809872427e-01
-1.669059577365673563e-01
-1.552012496182897161e+00
8.182175766889075996e-01
-1.502113869025163972e-01
-3.519780994788658246e-01
-1.421733649018467605e-01
1.615771832227628491e-01
-2.324939192425364842e-01
-8.752269678347621706e-01
-1.408120950740212596e-01
6.017034822911929148e-02
-5.960947689305321484e-01
4.598939349476712790e-01
1.189618391388725938e+00
2.704322482088392793e-02
-8.055313078159767048e-01
1.220355207909375600e-01
-2.668080079051246556e-01
1.620972546648024482e+00
-7.563408133012072820e-01
1.571749621420936549e+00
1.788295474451112366e+00
1.687096351066648126e-01
3.543179467541758498e+00
2.040382768436520333e+00
2.525768959227243649e-01
9.130047320029049951e-01
-1.203871734412896410e+00
8.875023196388592828e-02
-5.090956252663076942e-01
-1.053349095270889269e+00
1.263736545281525236e-01
-9.566794025523109868e-01
-1.438972696034779952e+00
1.715647429003748003e+00
1.606559441207136896e+00
1.461720512560177543e+00
-6.432955044295599611e-01
7.559677764002311617e-01
4.647103456503177132e-01
5.584620728030745829e-01
-1.239734677217010805e+00
-8.929502956837214178e-01
1.418647881935465038e-01
4.687201879075012512e-01
3.928898947005918241e-01
-9.153554560028006604e-01
5.544311326007752595e-03
9.356200280901215693e-01
1.726037850870349555e+00
-7.608969973092283290e-01
1.846886020561358255e-01
1.369992169002960836e+00
3.776357537015385124e-01
-1.254552029757416642e+00
-1.219888314200166191e+00
-1.817636120428266222e-01
-9.365768792497426443e-01
-5.689451756471738397e-01
4.235763187553355236e-01
-3.390538554187497167e-01
-3.955109902936595478e-01
5.137915688938694547e-01
6.925088737519946580e-01
9.741109977792083985e-01
7.732714565364300352e-01
-1.266905096198687408e+00
2.511995024960851808e+00
-5.273833217453398614e-01
4.771000943214533940e-01
1.642708799950594711e+00
-4.662637362339049907e-01
-9.668214896721119000e-01
-1.479763994181830578e+00
-3.755937639399761774e-01
-1.429357693945218832e+00
-7.338430665824678956e-01
-2.730088909257541441e-01
1.509551736901249219e+00
-1.120518516849527690e-01
1.030000860548665048e-01
-2.002655622326061646e+00
2.679430927625547909e-01
1.291291012518757997e+00
6.740629887657999531e-01
1.693984972261344257e+00
-6.138013048764120461e-01
7.769154911144168230e-01
7.114751556071367000e-01
-1.846200902982854997e+00
1.622694048115227161e-01
-1.119158215062864503e+00
2.094647318488035204e+00
1.312976592786540664e+00
1.899618972499484304e+00
1.159194073119126367e+00
1.549309652334213805e+00
-7.455021933866620154e-01
-1.820723589626386696e+00
-1.482178363890300932e-03
8.713425360725955970e-01
-7.140449184735070398e-01
1.001801387932553800e+00
-1.368337636180509076e+00
-5.988764738789473796e-01
2.447118582199830694e+00
1.296312257397093659e-01
1.415420119820988420e-01
9.327386832898032498e-02
-6.913898659960985293e-01
3.724387178039958446e-01
-2.151771955221831956e+00
2.212442049293519564e-01
-4.470924099895569603e-01
5.861953192817495051e-01
-1.530676114690584289e+00
6.680699890115484596e-01
-3.044001186163753370e-01
-4.262858790475743676e-01
-1.008174021731513159e+00
-8.875037201660194996e-02
2.200556254086073249e+00
3.695079577938131798e-01
-1.277331538358698892e-02
-2.101305420803265545e+00
-4.817048876075125108e-01
5.826961444496474574e-01
1.224311455460663556e+00
1.138574042521182383e-01
-4.438443215771965128e-02
1.244962356822571836e+00
-6.941710036590259536e-01
-2.079883659088448855e+00
1.192835978107888772e+00
-1.848951878147831129e+00
5.675564323761166374e-01
5.019377397101947302e-01
8.716365926086736549e-01
4.183309751311592994e-01
3.378127364880455508e-01
1.540835097545213694e-01
-3.201280870756954555e-01
1.558749144491453076e-01
-1.062774788480084887e+00
-1.872435032963253032e-01
-1.005925711026999653e-01
-1.704253056209719785e+00
-1.969352518869203483e-01
-8.205293069121538663e-01
1.204602385543227960e+00
1.747084312514332882e-01
1.140736257887739136e+00
-5.532433191444533493e-01
1.139363663275215766e+00
-3.672935923051869889e-01
-3.240326385683065524e-01
-3.743002069688268207e-01
2.311358588630009481e-01
-2.041774328312132014e-01
-7.335614413156343883e-01
5.089456084835241034e-01
1.346868815129476538e+00
1.116817154930030753e+00
-2.227045289184255150e+00
4.799156080230375654e-01
4.601807092796973420e-01
3.011915144172159220e-01
-1.095465918655135873e+00
3.489471318445039327e-01
2.011418365546893128e-01
-8.170194359021348829e-01
-3.689102342313528848e-01
1.355709784435165766e+00
-3.164585595166678478e-01
1.909189002241394428e+00
-2.345858922564849833e-02
-5.315353405850953977e-02
7.029797013264621475e-02
-2.361475309855597948e-01
1.069635676385672696e+00
2.781941277769484078e+00
7.046945478362182103e-01
-9.336520674311596935e-01
2.411756925946586527e-01
9.427272980064911323e-01
-1.625319073143358883e+00
1.859436723089867849e-01
6.945997815252430430e-03
-1.417973257574163481e+00
1.110349414517761479e+00
7.719746055410621199e-01
3.177800377056161363e-01
-1.020853047598434982e+00
-8.080282455403967612e-01
-5.278597797573808537e-01
-6.131604418232554643e-01
-1.774117310768343891e-01
-8.791908181085057450e-01
4.897879830902770459e-01
-2.793441464333653368e+00
-2.064168023254164819e-01
-1.149214016152957152e+00
-1.235050491607857293e+00
-3.257607233098484545e-01
-8.875150111930075747e-01
1.021128248589753706e+00
-5.932823521177177373e-01
-1.026632199695564213e-01
1.024095076661277304e+00
1.245426852592487421e+00
7.191356371671986381e-01
-1.668985080317335834e+00
-1.344831131790776402e+00
-9.535547601666267692e-01
-1.403689395833891629e+00
-2.573618729893789037e-01
7.330475057927391402e-01
8.697247480016234711e-01
-4.020888046921765047e-01
-2.678774440595679818e-01
-9.413850875980163124e-01
1.154176790957752274e+00
-7.239987766098580080e-01
-1.198874710426122592e+00
1.039006578890725674e+00
5.554033255037035266e-01
-8.332373911923388610e-01
1.008729420718824654e+00
5.871610776566817957e-01
-8.128968438357160320e-01
1.577467600452337360e+00
7.686405910171475453e-01
-4.980427516386334852e-01
6.281929167309762141e-01
-1.543601515601746854e-01
-1.821144687709688181e+00
1.687813392879371766e-01
-7.904084427608298880e-01
1.224668839277856858e+00
-7.074436258537071254e-01
-2.344912694804215825e+00
-1.101227768798571427e+00
9.642874133374728096e-01
3.542777004009415864e-01
-1.408707951319727869e-01
2.203631597624339467e+00
8.426914724386996847e-01
2.980921105230737722e-01
1.093449210432173441e-01
-6.947267645748993470e-01
-1.124765426171679961e-01
-2.885867716119657200e-01
2.410986029120900098e-01
-1.791346248619762604e-01
-6.089014507416122823e-01
1.095787656419671130e+00
7.186048855619504572e-01
-1.493245462485128794e-01
1.225378939056982919e+00
3.465063482127084260e-01
-2.126377781609817497e+00
-6.134682276069590712e-01
1.588012956113304730e+00
4.399165407411058104e-01
-4.584954986349035200e-02
4.854623234608744786e-01
6.428947348124878225e-01
