8.665207852900115582e-02
2.095832053223558866e-01
2.475937033660554065e-01
-4.246403747556902197e-01
-1.502895673448180425e+00
1.015488157314942408e-01
1.635337962012229251e+00
-8.057982997856328877e-01
-1.754078990703202834e-01
-1.531409578267841631e-01
-6.828630282539438490e-01
-3.000597420123622405e-01
2.295017255631180308e+00
7.024805983068812543e-01
-6.145328297146736285e-02
1.683277973509727188e+00
-1.269494897096694053e-01
3.080806616977284085e-01
2.333495606451783555e+00
-2.033322311801104287e-01
5.674050572536761816e-01
-2.670724118962249372e-01
1.590836217981173306e-01
7.821940146462202925e-01
-1.880994012139660110e-01
3.885101404378945023e-01
4.459282723174995411e-01
-9.870618597662740301e-01
6.483506508085269404e-01
5.899571940648452167e-02
3.683520388560477810e-01
-1.032988477829268836e+00
1.406065504190780802e+00
9.023738391526849034e-02
-1.237601982137109813e+00
4.285608331633940921e-02
-1.717959254763544719e+00
-1.229498498439347109e+00
1.404718188778418142e+00
-1.054960087542810676e+00
-1.309736850750788051e+00
9.219143517430826718e-01
1.175282462017731122e+00
-1.120185418811633138e+00
-2.011932748345155009e+00
-3.550487822536192439e-01
1.473764870081382794e+00
-6.497226462220880849e-01
-1.115501485726844377e+00
2.471024922732844298e-01
1.393467621313723592e+00
1.402513689464661706e+00
1.520468628243043963e+00
-6.857704692359273269e-01
-1.362190875388536115e+00
-3.685531492882259119e-01
2.953901020153358870e-01
-1.081963763298395387e+00
9.392830914597114500e-01
-1.332126725286963742e+00
5.697826487969110953e-01
6.662529621647471645e-01
-1.609712835502867589e+00
-1.349248416706869458e+00
-1.440563246065981406e+00
-2.201063978210301419e-01
9.549264525415380733e-01
-1.186858311406038702e+00
-1.652198634094436569e+00
8.875668737156359178e-01
1.611853467243799631e+00
1.187362567684791870e+00
3.712934202291530150e-01
1.764388880384518687e+00
-5.074076369271253439e-02
-2.562539061089907227e-02
-8.005617058125122920e-01
1.075458592719612527e+00
1.483554431265873941e+00
1.525801796811569577e+00
4.273677555769590519e-01
-7.959479265871275411e-01
8.749416703642880211e-02
-3.510276812042724126e-01
2.016403240703072974e+00
6.356287730545916170e-02
8.148440446544916727e-01
-2.169227440952398833e+00
-4.915605015226672814e-01
2.026230263418221877e+00
-6.227693344678506548e-01
-1.715781857661498044e-01
-1.037328469783162177e+00
-6.673100242499523382e-01
1.001677002078107614e+00
3.692366807744926760e-01
-6.559578245157898779e-01
-1.562786915561836798e-01
2.140320819385430617e+00
2.382976608515748662e+00
-3.258216668745355094e-01
5.204789925545885154e-01
6.838868198801705267e-01
2.478845974035494004e-01
-1.567558797155418904e-01
8.728530105996938626e-03
-3.393049421781306474e-02
-9.229057001035011476e-01
3.302837850753617688e-01
-6.636135525947874925e-01
4.056200707706478920e-02
2.120182554438372335e-01
-2.468300473598339650e-01
9.356105211210017369e-01
-3.988179554840763918e-01
-3.109376385666792197e-01
6.754349536239621088e-01
-2.888872368726213669e+00
-1.416333344241321734e+00
-7.565754712042053187e-01
2.885199751486389186e-01
6.096366778290890354e-01
2.274440518220899765e+00
-1.155436543820814954e+00
1.226428114632180594e-03
3.925274877668687989e-01
-5.728096272706577619e-01
3.723709750885443870e-01
4.746239208159517275e-01
-2.502582602762432051e-01
3.246216658047510473e-01
3.388845403903008036e-01
-1.169593865179488157e+00
1.078507723731083612e+00
1.301838863221550735e+00
1.304143988582743718e+00
-1.054270107359025488e+00
-2.601180790995888392e-01
-5.272040329278456783e-01
8.308354020336761181e-01
-2.301722577101902978e+00
5.284878470069176437e-01
1.365037999198711383e+00
-4.479689520452210388e-02
2.909705285298355149e-01
-7.364725294053136029e-01
1.005755435622310706e-01
-3.038657505723266761e-01
-1.451255620339227503e+00
-1.140584640672009487e+00
-1.316911178192277321e+00
-1.238693772425751849e+00
1.835989435420494753e-01
-5.662573454763809577e-01
3.122362008407731926e-01
1.316873418868223181e-03
-9.201068879701930492e-02
8.996696270502413384e-01
-6.469103639741777823e-01
-1.103864341237266622e+00
8.993803537824419658e-01
-3.578129283127529647e-01
-1.039494058401073895e+00
1.019257722117764969e-01
-1.347253536383914208e+00
-2.177118361380308453e+00
-3.339621482703882815e-01
8.008446095340575610e-01
2.004930434942908235e+00
2.318366828954939507e+00
-2.463394697032969261e-01
1.246217537761393324e+00
-1.788774781651736312e+00
-9.219242527054715142e-01
-7.480089817825591458e-01
-1.216910285173308015e+00
-8.067901759939043460e-01
1.240461659194001670e-01
-1.429530215917912850e+00
-5.155368549743294393e-01
9.121030009400393768e-01
-1.062870738162552620e+00
-2.321622089960449220e-01
7.880982954408590271e-03
4.154605412662981667e-01
-3.078603341216483713e-01
-1.492927869190942669e+00
-1.863366293479863600e+00
6.741719228539702069e-01
-1.157944268584904179e+00
-1.335218070748329877e+00
-1.783423071900463563e+00
-1.071479991030283685e+00
-3.957993514492609277e-01
-1.566128026939671569e+00
5.636392310517425175e-01
1.162166282048848309e+00
-3.955971609228082220e-01
-9.765818184599789342e-01
3.700110568229904584e-01
-1.700756668966122875e+00
6.993332378003264127e-01
-1.203198260645342188e+00
4.702289667753458136e-01
-5.521066650777262108e-01
2.050486147120642311e-01
-1.402516340196495070e+00
7.491779256875094051e-01
-2.291612034821023602e+00
-1.128807109246718010e+00
-6.842411312274767621e-01
-1.132572095159926295e+00
-9.165229337980104196e-01
-5.570078586846469726e-01
-2.347350709417966308e-01
-1.640309894664474799e-01
6.009615192350732660e-02
-1.582921730067411159e-01
-3.434473498296383154e-01
-7.243375086484408198e-01
1.071802152848030820e+00
-2.016441628619206838e+00
-1.114934898711106737e+00
-4.821894391749512732e-01
4.518343125307838770e-01
-1.935503540602800054e+00
1.543515527047383706e+00
-1.264140236915546778e+00
-1.516415084703146787e+00
-1.294655071107150279e+00
-5.637608442206425430e-01
-2.989027732495754819e-01
-3.884835782964395079e-02
7.288880870176692728e-01
-5.099878073323026451e-01
-2.927977193575914128e-01
1.487287141308378580e+00
3.371975365124084134e-01
-1.130957547276301600e+00
-1.687741595857709331e+00
-5.670545395357223795e-01
-4.563402831229482759e-01
-3.649415528864988545e+00
-1.560964907294102533e+00
8.675184388719158202e-01
1.817116205358958014e+00
1.298419824315892313e-01
-9.814554648079850674e-01
-1.048524927630394732e+00
-4.746564923587912044e-01
1.215603564606163589e+00
-3.011456714687028025e-01
-2.266932527927656871e+00
-7.593278482692696896e-01
2.329084868863798563e-01
9.321140281508574210e-01
-2.884650025084667946e-01
-5.192335947513898597e-01
4.800033321171693901e-01
5.116113292967306991e-01
3.018511172217325789e-01
-3.978782776552376999e-01
1.717645402599917992e-01
3.002869399754271584e-01
8.663356935679388249e-01
5.126946987363032449e-01
-4.772130399439519777e-01
9.254480304110751510e-02
-1.549411191437666480e+00
-1.664398731943910414e+00
-1.299642904436959234e-01
-9.525774443217748244e-01
-6.199824665843615135e-01
8.546690008272053163e-01
7.449021927713923574e-01
-1.381215529270866993e+00
-1.318644027017343179e+00
-1.535752390577515891e+00
-5.784089408757918660e-01
4.380198550699203608e-01
1.128288811609184650e-01
-1.173394870355005226e+00
8.256733459232283856e-01
3.632186695077587180e-01
-1.997199500807307793e+00
8.077515580638604531e-01
4.984090876178922103e-01
-6.971872397596258208e-01
-7.611401695294822689e-01
-4.398867350436556078e-01
2.562178612334113481e+00
3.477630937765330277e-02
1.716556415430749105e+00
-4.437758999110876235e-01
2.084438494363892058e+00
2.933876063932461808e-01
-5.721175640581254163e-01
-6.994099709260441777e-01
1.805046746216859288e-01
3.580739130311641483e-01
-1.330443278510267335e+00
-5.700214214532128842e-01
-5.795400929240592802e-01
-2.013612506922645984e-01
-3.828577333910150315e+00
-2.352931486217774815e+00
-7.950454463363910707e-01
1.159205778831940314e+00
2.999509346976491631e-01
3.692927872183582316e-02
8.011370224966819498e-01
-2.033792885893383584e+00
-5.662243567274327649e-01
-8.256564020948238269e-01
-4.830743528570768941e-01
2.798578343434686921e+00
7.927466791557113979e-01
7.846470850875680858e-01
-4.861409938710219425e-01
-8.702026564172544998e-02
-8.596855693493821171e-02
5.663955868314339559e-02
7.060491773880579747e-02
1.829822268917951078e+00
1.212286572782659944e+00
-2.711456097420237299e+00
-1.559899437020031421e+00
-9.487182830859779425e-01
-9.323524135615599562e-01
1.582080224388114464e+00
2.332431356859512750e+00
-1.976222607516814334e-01
9.180969526869996455e-01
6.646042848933864100e-01
-6.148406050634185570e-03
-1.769066877032165475e-01
-4.052456854338430947e-01
-8.395300651167130201e-01
1.538841002330670227e+00
5.346599756972238993e-01
3.827441581791061753e-01
2.031190528184295907e+00
5.610317053087996442e-01
-6.401243502532782959e-01
-4.201306581482296965e-01
9.928821823309831318e-01
4.749171522364069031e-01
-2.634666675378448120e-01
1.605086840444146068e+00
-6.247318514656549082e-01
9.336602440769340427e-01
2.976650081415883164e+00
2.231054559448160113e+00
-7.479809506672415731e-01
-5.546890109730555629e-01
5.254628467098084732e-01
2.077774485415753158e+00
7.140979494679297046e-01
3.070153009980366665e+00
1.773174389846045917e+00
8.806877936003582041e-01
2.454211988619372065e+00
1.195859834038777603e+00
-2.431841583035103393e-01
8.551540470455788467e-01
4.714318417220312307e-01
-7.873370778998350916e-01
8.986262213434323964e-01
-1.051136468434276106e+00
1.872084817021080427e+00
4.617720532238261399e-01
1.313962223436389465e+00
4.435802506774224607e-01
5.425650013496530200e-01
4.140784471742871009e-01
-6.953335284060582211e-01
-5.614616274369530480e-01
-6.217922658250314427e-01
7.450376307029463741e-01
2.627042025556944438e+00
1.307479984520264482e+00
-7.490952308815144178e-01
-2.680188084011347338e-01
2.537896838816222078e-01
9.879785661632358718e-01
1.997075030219394254e+00
1.600359294872491400e+00
-4.277543259579606461e-01
1.252081378148178992e+00
-1.779599292495813723e+00
-2.540113045015543469e-01
-7.796312596828162134e-01
-3.226229215318895394e-01
-3.077668281080896406e+00
-5.353281872334337832e-01
-4.672635319050399971e-01
3.680049090541887002e-01
-2.523604441913051000e-01
-1.075252702387038961e-01
-6.217965655356075955e-02
1.030361170225468470e+00
-6.859030208626969438e-01
-1.420951816639379972e+00
1.214095306905342703e-01
1.053520894244309947e+00
1.009216440466769615e+00
1.313112101187985603e+00
1.649518355203102304e+00
1.961623831376488436e+00
-6.609773278037999189e-01
-8.693202020853612044e-01
-7.653090168322623787e-01
-4.140384185288195629e-01
-1.829346618030353477e+00
7.889563899306522021e-01
-1.222903883837799834e-02
1.402274372700345495e+00
-2.149212044171426861e-01
-8.001940791607315973e-01
1.459322295768876065e+00
-4.783115254248241355e-01
-1.180737226629449577e+00
2.698397919234727382e-01
1.802260042457564548e+00
-4.073861789801867528e-01
5.588277951337036198e-01
-1.178801038067878615e+00
-5.481942714621980128e-01
-3.361949536485373091e+00
7.566315484426382465e-01
-1.964435913132500877e+00
3.408428710136418571e-01
9.990432714648402879e-01
-5.325141510322031202e-01
2.555116722483547598e+00
2.322494923084325258e+00
1.246999357880686166e+00
4.994696508182483452e-01
-2.282664122910665672e+00
-2.634979754037962696e+00
-1.869736279324756723e+00
-1.761475571518440031e+00
2.964946239438931430e-01
-8.888603157697215762e-01
-4.770257770648598794e-01
5.584858616896837269e-01
3.322330466105408164e-01
-2.143599276512209162e-01
-9.102446927788009345e-01
7.569345260945634091e-02
-7.983318782470107955e-01
-2.491252332230123878e-01
4.671046659219810215e-01
-2.095923374264032635e+00
-1.348632574254495120e+00
2.221354275273924525e-02
-5.425689024020901030e-01
1.173868679839783713e+00
1.153994846095658389e+00
5.298552951226318669e-02
6.909582768955042642e-01
-6.877440162853835082e-01
3.451794017893338395e+00
2.378096427231644494e+00
1.332581662420667667e+00
-5.855600303629661108e-01
-1.642692830269071536e+00
-9.851908223151628619e-01
-1.400370703220512603e+00
-1.821871388175859030e+00
-1.522282303659134195e+00
-2.355752481594966419e+00
-1.625241941185285866e+00
-9.774394905728877037e-01
-1.759869835353817247e-01
2.806957831637231227e-01
-8.928236103706264082e-01
1.018499082955374835e+00
5.292347263484629138e-01
-2.875313368100949618e-01
-1.838302277464249485e-02
-1.981845179172180726e+00
-3.509310893513315488e+00
-4.744933704400870478e-01
-1.703447651496783122e+00
2.714116204332549742e+00
1.988076864005709599e+00
2.433296377357317297e+00
3.775458730149536368e+00
2.314357486337909275e+00
2.327919079186701712e+00
1.633768992595232561e+00
-2.537009612137035131e+00
-2.706404877131468822e+00
-3.063057731208504997e+00
-9.914673747444083807e-01
1.406834655778487764e-01
1.219669755284193413e-01
-2.853394397484215750e-01
-1.046784387450085119e-01
-1.185828420486150669e+00
-1.287511727895740976e-01
-4.038500949699206921e-01
4.103556153334451256e-02
-8.079656512529237444e-01
3.618719266390580946e-01
-2.014414790405773648e+00
2.097050057423967662e+00
-2.028747823062766020e+00
-2.473347474671676594e+00
-1.921109571458897936e+00
-5.872487800130262725e-01
1.746529066048609691e+00
2.015122764957796075e+00
4.192815698942230718e+00
1.902544173997670285e+00
2.314014242247838027e+00
2.708018377053102554e+00
7.081075155217790851e-01
-4.566925434203048972e+00
-2.738430348368742884e+00
-2.863440926041347367e+00
-8.132944254504482773e-01
-1.836070802345147079e+00
-6.053722598091793028e-01
-9.703082153824602596e-01
-2.006579576827362654e+00
1.291888176570791802e-01
2.251890473711405605e+00
1.050662046489844403e+00
-4.760053681982556184e-01
-9.873229638254498591e-03
-1.837085472847155510e+00
5.964118351244757088e-01
1.175172100420935478e-01
2.784396624859860614e-01
-3.047474606099176420e-01
-2.647331481383223384e+00
-1.101426245068347409e+00
-8.093109873680552901e-01
-6.055427798863369793e-01
1.954507702227729293e+00
1.334249381965741055e+00
-2.777937607034078327e-01
7.965290075907863754e-01
-3.370418089740360168e-01
5.876622251264385088e-01
-1.205020076885364055e+00
3.425071440226137853e-01
-6.827747143493601012e-01
-2.259022248072576344e-01
-1.383565059784683582e+00
-3.325196345975150458e-01
-1.626096667474038249e+00
8.260815941983948862e-01
-5.369464043191385372e-01
-7.497647446883930200e-02
7.351785885275323729e-01
-7.628889187385428095e-01
9.129010755284865386e-01
-9.020147281627607372e-01
-1.162211997236488381e+00
7.842466469196927026e-01
-1.925015315708553387e-01
-5.683400294176305101e-01
-1.982093216789114098e+00
-2.672506983964306304e+00
-1.056163868534547579e+00
-2.542955849858549389e+00
-4.179447989381069872e-01
-2.093967043005623418e-01
-3.441136526572325938e-01
1.181705847904819917e+00
2.582049337933728372e-01
-1.094023372763626822e+00
2.221768963874091174e-01
-4.147582689487780416e-01
1.245342741520371943e+00
-2.777438409722894908e-01
3.667344917702485829e-01
1.035451324403040552e+00
1.007471177022056519e-01
-4.690844019838273371e-01
-7.923996152192108733e-01
5.031443741049570484e-01
-1.387927498518028990e-01
-1.469003900701004034e-02
-8.013135888532342266e-01
8.808492237055957075e-01
-2.209667395304184989e+00
2.527566765694946871e-01
-2.616884737553870285e-02
-8.059351681452047167e-01
-2.949356996146723642e+00
-1.086362830454248751e+00
5.015936271191791945e-02
-3.563073202352112223e-01
3.332745710836019226e-01
2.502157550896095262e-01
1.061561539828649536e+00
-3.721204400032915305e-02
9.991693599919744262e-01
-2.194802435476949753e+00
2.722237268419803735e-01
-8.200251581386420741e-01
8.056959336605811206e-01
1.122236929596187816e+00
1.232476278793860569e+00
9.545472025559426088e-01
-6.191087130466181865e-01
1.425296936759699928e+00
-2.335716765769374259e+00
1.292511080126064638e+00
1.937952664902366173e+00
-8.456840694866067931e-01
-2.447140178279253730e-01
3.560334141704130650e-01
6.819594326376136051e-01
6.389067470611359267e-01
-1.485028545828640301e+00
-5.229380056032227886e-01
-1.379641496207349993e-01
-2.871619171492211797e-01
-7.175367457497224821e-01
-5.895474177891122380e-01
-4.485766783516425549e-01
-7.304105514234580931e-02
-5.034710677550107150e-01
-9.540181341193270104e-01
-1.765451858117086159e+00
-8.553868498903872963e-02
1.200985417517870024e+00
7.684802682231226534e-01
-7.603239242289966393e-01
5.348733467915679496e-01
1.836590643430535685e-01
5.372250717715265633e-01
7.503009752475570115e-02
-2.230710860333189882e-01
4.401465764550952509e-01
1.466732999656928937e+00
2.830442785374468473e-01
-2.036442036509428455e+00
-1.252562017806748695e-01
8.135209880115246150e-01
-1.076422577449371726e-01
-7.310898786374468994e-01
9.744303470599076089e-01
4.308253660906928295e-01
-2.204474590864140104e+00
-1.207455904991439066e+00
7.568711674674238887e-02
-1.444810522073303849e+00
8.470125316448932073e-01
-3.028677689335136369e-01
3.589886628158165949e-01
-7.363021615702940170e-02
7.763015987224652914e-02
-3.125817008573987810e-01
-1.014656022278600300e+00
1.696864468384103042e-01
5.039234766715247060e-01
2.789027466475279549e-01
-5.399886089956500435e-01
1.728182719754936869e+00
6.330654830525481724e-01
4.409827110083930357e-01
2.874282479872823995e-02
5.001153684192199966e-02
1.071544813923641870e+00
-3.725429914557891742e-01
4.398856196133559687e-02
6.099367339349542894e-01
-6.246263728069707116e-02
1.003623960759416400e+00
-2.094616979065322848e+00
4.992873788247850081e-02
-1.285912847663945202e+00
-6.175698038338987006e-01
-1.660583629484709389e+00
3.501104384098546185e-01
7.909393591728175466e-01
-1.435593278765244118e+00
-1.117620249669558863e+00
1.156398987025431646e+00
-1.250036592975904748e+00
-1.412039479668355968e+00
-1.148064916992840717e-01
1.180224521124879633e+00
-9.220291401655702490e-01
2.296307784307215272e+00
1.142196783834040108e+00
2.266435933760695687e-01
2.891736560647765408e+00
-1.628440750894714295e+00
1.374187454920857476e+00
-1.707936736046121451e-01
-1.226036725043325448e-01
-6.720849889514231290e-02
1.877287766497168775e+00
-3.990647840977616934e-01
3.645669160341919457e-01
5.686972455423722206e-01
1.520640144806321425e-01
2.125283407063532359e-01
2.108086353456030682e-01
1.030774142190701292e+00
-1.464387714669936003e+00
7.228382326488604903e-01
-5.533189440937861248e-01
1.504999251211915245e+00
-7.704718931886796185e-02
-1.241846403369184504e+00
-1.335254621671690733e+00
9.588741594353194717e-03
-1.660921879141418644e+00
-2.349512414859488363e+00
-5.118340962778099301e-02
-1.426379165246260516e+00
-7.004220491170053409e-01
3.291166061373521079e-01
-6.650995126058767415e-01
2.876389020750423908e-01
1.270128782480956786e-01
-2.815584748904908508e-01
-1.869807260821020556e+00
1.511121455074278197e+00
-1.480569778046409990e+00
-2.514948604422859169e-01
7.630103934254138798e-01
-8.159744585952290186e-02
3.840496778855941734e-02
5.090715284441996724e-01
-2.132864046769045618e+00
1.475133085776590969e-01
1.722013821950579393e+00
3.415469910511763074e-01
3.596728912017136959e-01
1.214314354310249700e+00
-1.991153953847640379e+00
-1.912460738671312166e-01
1.951681258683408138e-01
-1.470277769026549608e+00
-1.483051334386598530e+00
1.116595993867285364e+00
-8.239966575706502150e-01
-3.544095440609716929e-01
6.858190827933065004e-01
2.733137178613921359e-01
-1.565428549512139389e+00
2.670620517794607629e+00
2.466185974950558357e+00
1.456169286476760583e-01
5.287343258969126603e-02
1.553132143392958187e-01
1.131677819441561983e+00
-3.082775481093710246e-01
1.644081410556867517e+00
-1.880259864613708309e+00
1.993479369579884974e-01
3.081249176515317156e-01
-9.968775734972640246e-01
-5.393682342655652384e-01
-8.590470362308254282e-02
7.655054540615209291e-01
-6.157863548725117826e-03
-3.148899434539710884e-01
1.255799571665949799e+00
1.300846876286824993e-01
-2.858416675858492795e-01
-4.115515789979350414e-01
1.532015532788163048e+00
6.227104475732432309e-01
3.311071026853628085e-01
3.248454872444022090e-01
-1.361315912723328303e+00
1.072743533383198056e+00
8.748428969624878482e-01
2.331769392349840320e-02
-1.701575679464356394e+00
-1.964677736919124007e-01
-1.359765424028317238e+00
1.043053272083075855e+00
-2.411122196648354810e-01
