-3.977078330666896089e-01
-2.768762381621818203e-01
3.498789013310250051e-01
-9.686939055590721992e-01
-2.452758356984616750e+00
-9.997349720159736108e-01
-1.399841319813254492e-01
3.858036062416743128e-01
3.664064517862951342e-02
6.622357445269482223e-01
4.244851168803175367e-01
-4.944586172460327944e-01
-3.046521229736406586e-02
-6.114305340615913131e-01
3.174720869885757635e-01
2.935207668026258987e-01
2.003175848110111956e-01
-1.228267450844734210e+00
2.356212249544305803e-01
2.296426837525555875e+00
-8.813470735151895941e-01
1.379072461687358420e-01
9.529485761591534043e-01
-9.925007516542454500e-01
-1.394613885172887313e-01
-1.685324067226918743e-01
2.388306200946008317e+00
-3.355686750414443864e-01
-1.907294048955181509e-01
-1.318875294398619280e+00
-3.657917423403941881e-01
8.707861871575189872e-01
-1.874963412450515454e-01
-7.622264604074268091e-01
2.136543985318304362e-01
-1.233746487407108683e+00
-4.074408450215643018e-01
-2.976115850776308580e+00
-2.110312240546988460e-01
3.702325664490504487e-01
-4.167434475293781970e-01
-7.787333157540067274e-01
-1.062723290392574294e+00
-1.382595252787760520e+00
4.022630971979830328e-01
8.880031377260467762e-01
-2.273883797854603095e-01
1.481255237139939673e+00
-2.590847588815869518e+00
1.107787284974748987e+00
-2.339256982042181576e+00
-7.679949682093426544e-01
8.316564364542703564e-03
-1.264868419825498358e-01
-7.342417186465758361e-01
-1.598699014070616542e+00
-6.561705922082421427e-01
-6.999812384767563067e-01
5.806129891196291082e-01
7.850776020219392137e-01
-2.941320111365852141e-01
9.763520240814176354e-01
-1.632578691658975956e+00
-1.006426465056426078e+00
3.924020318247851136e-01
-1.700605724018322773e+00
-4.284533079023605251e-01
-1.021667637094804792e+00
1.015388522035252927e-01
-2.379191327663789490e+00
4.714520925496824832e-02
8.874757922644782582e-01
-2.135534939214693839e+00
-4.408671155078803250e-01
-4.162677787737558699e-01
-7.599821879766149868e-01
4.863688181731913585e-02
-2.697748228091793599e-01
-3.402411732642620645e-01
-7.449149882051539842e-03
-1.577609770092225361e+00
-9.147572121672431500e-01
1.247043235935948013e+00
-1.092479511217772092e+00
5.539097411195984533e-01
-2.786653750681613098e-02
-7.790587809613247483e-01
1.451621485549299484e+00
1.713791577542281175e+00
1.393563398853805646e+00
-1.241664602576286081e+00
-1.285143881673454780e-01
1.934531532395611375e-01
-2.702987816539434984e+00
-1.734595827147172420e+00
-6.252208329905953876e-01
-8.597315116122512535e-01
-1.247738752245475036e+00
-1.019347511718228683e+00
5.685225847257381337e-01
1.166019501551531778e+00
1.262697802585214024e+00
-9.097214790494797532e-01
2.114454101811317766e-01
-1.206194775263356833e+00
5.310249350570527688e-02
-8.128959585625996631e-01
-6.003283733749337214e-01
-4.014635704855260001e-01
-2.747670522340140309e+00
4.988839434773800763e-01
5.174823172612081496e-02
2.807149012516078290e+00
6.650113957672189047e-01
-1.170859206820287213e+00
1.288902421714174462e+00
7.828112299625319404e-01
-1.372064014830139289e+00
4.337763080201278987e-01
-9.355234586887888337e-01
2.314494793763922420e+00
-2.160811248516344152e-01
-3.278381762758023621e-01
9.534703875763090863e-01
1.703939162522705386e+00
1.577583456895603475e-01
9.824198718241216044e-01
3.573302746740748131e-02
7.576872432970330751e-01
-7.415505856611617208e-01
3.028859946268081318e-02
8.455880122188229597e-01
-1.657147510161153248e+00
-9.177764033083963824e-01
-9.832939832885737030e-02
-2.184706029783774373e+00
-4.256117717950891333e-01
6.231078464759185476e-01
-2.555050296622928485e+00
-1.545114262840874941e+00
1.103407506592569254e+00
-2.034815809849140067e-01
-9.513741213341609937e-01
4.483222612011918407e-01
-2.767410273005934118e-01
8.742086790235885363e-02
-4.634802370009233341e-01
-1.356570195175095528e-01
6.737554032879764510e-01
-8.458499486063245643e-01
7.330916676710329538e-01
8.712942772666447677e-01
6.386640325504292504e-01
-3.104949243061918551e-01
6.491211960893724653e-01
8.262503405610521767e-01
1.631765900086709964e+00
-1.832209757225927271e+00
-1.886442601152823195e-01
-1.312133432141487033e+00
-5.247079026975454141e-02
-2.483014384640920280e+00
-2.222655087005261709e+00
-2.009073526749682426e+00
-1.698378404833425614e+00
-1.697701393816890558e-01
-5.968682085142433813e-01
-4.529103727035151405e-01
1.294109054995900898e+00
1.679686211179194588e+00
5.342149453145118160e-02
-7.613863408727293558e-02
-2.213727856848836384e-01
2.134905221083603699e+00
-6.531476778256786742e-02
2.251891147725565201e+00
1.605823054684185902e-01
2.397634294768077601e-01
1.084906341072201658e-01
-7.017546877662055316e-01
3.547561593131601798e-01
6.399247538948555913e-01
-3.361731710533829021e-01
-2.229950386392252959e+00
-1.059048358565316761e+00
-3.997503142024815825e-01
-6.343054282724196469e-01
-1.554688894196469162e+00
-1.468289498647748603e+00
-1.786836929330823498e+00
-1.913905521646155558e-02
-7.436017159597987369e-01
3.750118694552698750e-01
-5.934791702974168137e-01
5.784036031134690524e-03
-1.311023999233299486e+00
9.665888618109163000e-01
-3.331829983247038829e-01
1.128289673090850709e+00
9.861858354616905020e-02
8.127418933242516186e-01
1.797662742170968780e-03
7.466726102017532396e-01
9.528915452396645724e-01
1.039965268942940169e+00
-6.615694963815933749e-02
-2.760202238758775461e-01
-4.473854654402099618e-01
1.519068943174834985e-01
8.946975592185851811e-01
-1.295014371240365225e+00
-1.668513504885208165e-01
1.099346095764573983e+00
-5.294199875498976082e-01
-1.633150566162753781e-01
1.114231059881879149e-01
-1.822453341741654409e+00
1.259754278730618404e+00
8.264809764113624224e-01
1.576811132604498678e+00
-2.594496115266798686e+00
-1.510615746554298200e+00
-7.566775300562935680e-01
2.350163634914454458e-01
-3.197086539396014615e-01
1.651770854671785305e+00
-4.805668424518138582e-01
-7.182819112853613408e-01
1.590326384762454914e+00
1.471021509352566703e+00
-6.937128039431974535e-01
-9.323862962517541764e-01
1.497126212513955945e+00
-9.698755982609548465e-02
-9.907746718269760944e-02
-2.073241575141596127e-01
-1.909140189525626308e-01
2.613265181350726829e-01
1.946020280221297805e+00
3.530606222523640092e+00
2.394568293358330990e+00
9.175844865740891976e-01
3.161084971107724684e+00
1.507866277710007807e+00
2.076896894210123357e+00
1.931243196249750271e+00
1.978802777400977320e+00
3.011363648049530717e+00
1.391868103548826063e+00
3.726606814757812414e-01
5.796657503231692488e-01
3.444369075638378686e+00
3.246539896129618796e-01
-2.143815194984198536e-01
1.053089512058021926e+00
2.918579478489862211e-01
6.436328614651189994e-01
-6.148918445235794783e-01
-8.451577203231791513e-01
7.411304289806385226e-01
-5.897232598100372175e-02
1.739850901326993160e+00
-9.037816231018035440e-01
1.016139258056584227e+00
1.095795325217510330e+00
2.218226606223705488e+00
5.713299499704876938e-01
3.015636008670804280e+00
1.279771916381620134e+00
3.952080751672994552e+00
6.182960224443052155e+00
5.081949840829926401e+00
5.574221482471116040e+00
4.417938851785240040e+00
2.882424417324377597e+00
6.195039119581394749e-01
3.800617364942754373e-01
-7.806845339211917478e-01
-1.177385252420824813e+00
-1.432486103305400826e+00
-5.360884359964465107e-01
-8.755540513504610489e-01
-7.399164309281366370e-01
2.307611959169527382e-01
3.020688920360520946e+00
-1.914586270270248192e-01
4.921145688202792634e-01
1.906781890113669331e-01
2.194380752111368404e-01
1.274721732178258016e+00
2.194301708088267411e+00
-7.488045319208502804e-02
4.475211326252920840e-01
-6.800939362918201336e-01
1.612637501316019017e+00
1.511097384543334199e+00
2.838201299301714720e+00
2.630134654605789990e+00
2.778244578296151790e+00
2.620714596041407773e+00
2.297520271215563792e+00
2.668150883690823427e+00
4.784032188562079568e+00
2.944223657046893816e+00
-1.224228798684809383e-01
2.385897000317623584e-01
1.007865066155490208e+00
1.570920963211349886e+00
1.118120595921011873e+00
1.672093787496427009e+00
-1.282846550740220637e-01
6.153456787835733799e-01
-1.511511303408306528e+00
4.480297094746765740e-01
1.532928858827517504e-01
-6.155197204083542872e-02
2.729601596716959566e-01
6.243374086616227531e-02
-1.665249747903986000e-01
4.859180620748766999e-01
-3.218558443965499616e-01
-2.379769797846162938e+00
-6.480940567460553581e-01
1.306881422525488112e+00
-1.049542524637425145e-01
-3.952085792937516939e-01
4.651926628645303707e-01
-2.099558412740170910e-01
-1.025925409083661144e+00
1.022416310884812773e+00
-1.795565420988746441e-01
1.316969327100963039e+00
1.597758902159701844e+00
1.352447668959043003e+00
1.186001904366934090e+00
-3.942758089376166009e-01
-5.856029162414410072e-01
-5.688887570544892691e-01
-8.715292056336895188e-01
-1.178487659202539284e+00
-2.095486101234523169e+00
2.619169433047015549e-01
7.070547649238968502e-01
1.188222157643032517e+00
2.827698682607935332e-01
-8.143396998646209584e-01
-3.437920698995504676e-01
-2.217015462702333739e+00
2.526892349710534447e-01
-1.726762576086164014e+00
-1.506277937050928495e+00
5.219073383670604083e-02
-1.770301288521145266e-01
8.508918242472438553e-01
-1.377345459593538324e-01
-1.406443945740135426e+00
1.234745051214555522e-01
-1.043633214924357233e+00
1.359664251840461691e-01
6.613140621418757137e-01
-1.461484643004361761e+00
1.555810285598491660e+00
1.101209451202353584e+00
-1.573440286763902796e+00
-4.009787508845671922e-01
4.479499002830337195e-01
8.746581078721282765e-01
-1.350743064189656062e+00
-6.091175424883408240e-01
-1.666646735852636008e+00
6.298769997244177965e-01
6.342355185970739440e-01
9.484379589487536011e-01
-2.617303249222980854e-01
-1.006099506335872418e+00
-7.934317325492831752e-02
7.916335730461174225e-02
-2.392715955730190913e+00
-9.761908121882452161e-01
9.769170990206215155e-01
1.404072141836739673e-01
-1.011918870207395710e-01
2.885840423291863854e-01
6.232109331124435769e-01
1.677679691536619000e+00
1.046634486104558004e+00
1.010419780801327105e-01
-6.305906758056115669e-01
-8.234479388998392491e-01
1.163312815158464436e-01
2.733950594915059984e-01
5.195352510375454008e-02
8.333131969028758634e-01
-8.483004535712883598e-01
4.817027694734102305e-01
-1.185960677924956963e+00
-4.717597420849297674e-01
-1.108207078206137952e+00
-1.556643738735849603e+00
-1.556881261387506488e+00
-1.385832840036925750e+00
4.832121108361029371e-01
-8.877265406003740367e-01
-6.478979251715106802e-01
4.086110062125485887e-01
-7.468241887524491585e-01
9.585917276180744295e-01
-9.748701016677947806e-02
-6.088802405511335378e-03
4.712274972747863555e-01
-3.277991487483954969e-01
4.237347454930290302e-01
9.286031137419489268e-01
1.130271386330917727e+00
2.671940229134076028e-01
-2.336149300121041161e+00
-1.061008905060715213e+00
1.501369289512010319e+00
-4.099579813696234143e-01
1.857321564596038366e-01
-1.870282313343698988e+00
-9.083213423245161122e-01
-2.221970895351756958e-01
6.318076538477285231e-01
2.440614504181876643e-01
-5.271987892012509613e-01
-9.728475542523948860e-01
7.662564935858345860e-01
-1.474327205249670758e+00
-3.098510158945281812e-01
7.277910502981810303e-01
9.750357661263030495e-01
-3.244557117585741834e-01
1.387680095829907367e+00
-2.436241975361365331e+00
1.030356620609607976e+00
8.446251230890423622e-01
-6.421922804652481220e-01
6.111232160768986788e-01
-6.836477196470369666e-01
-4.347300674616667027e-01
-8.034303074702372482e-01
-1.318870365102795095e+00
1.574903282791131343e-01
-5.229881360344851293e-01
-1.710678475267971788e+00
1.605769548165322247e+00
-3.882935065570179423e-01
4.267589305801302579e-01
-6.259629177238578146e-01
-7.161027448526604555e-01
2.591234373692548054e-01
-2.676102410355777825e-02
1.561481936255735725e+00
-1.075095936839113447e-01
3.153752939552405543e-01
1.108933254733607932e+00
-2.461233743640900695e-01
-1.175358170204118036e+00
-8.799555802654885905e-01
-4.220705539572036646e-01
-1.551571507585038090e-01
7.248053752362422220e-01
-5.624463715938713415e-01
4.473656296225625439e-01
1.306943839821629094e+00
-7.989415927673353401e-01
-5.496982133665776482e-01
2.393330403024785669e-01
-8.829572814061523167e-02
7.045091260020427404e-01
9.620350230324218321e-01
-4.718005219356133373e-01
2.918654335842484349e-01
8.803036490458489016e-01
8.477314684569450254e-01
2.332952386495197872e-01
4.827778584885827895e-01
-1.206654739102797302e+00
-1.808710196346996479e-01
1.514413460717120241e+00
9.002389750579405936e-01
-1.040022805320135912e+00
5.884140267888896547e-01
-2.040996546784134280e-01
1.053788684565574174e+00
-8.071205832427306159e-01
-9.371454632862381562e-01
1.394838790920040379e-02
1.263326078017683596e+00
-1.036661541816686460e+00
2.016954579226629907e+00
1.195335172334995422e+00
3.336677429057794408e-01
1.315430951873910681e+00
-7.867252554138692844e-01
1.475679312660720943e-01
-4.731655093950918878e-01
-1.391270163753129729e+00
9.467425145929789787e-01
-2.821341538553184466e-02
1.072170197536900904e+00
1.588133588294234233e+00
-1.805292068310541398e-01
-1.495054535959333464e+00
-7.614746166824176710e-01
4.641198069487218608e-02
3.985817411351774142e-01
-7.690950962171407834e-01
8.866729021333319416e-01
1.143704650565532610e+00
1.066297200635027087e+00
-3.473269606152331601e-01
-1.559862467945875464e+00
2.653073734321013122e-01
1.659882814942571228e-01
-3.053195207300301584e-01
-1.078576945778116913e+00
-4.650083611833285419e-02
1.490469236858847635e-01
9.959111403747873681e-02
-2.138132022870512294e+00
-9.551678426957227463e-01
-4.025996527664551516e-01
-1.303925547924384754e+00
-1.199559605083704072e+00
-7.742227926701128471e-01
8.718950934202007730e-02
1.024745268247633512e-01
-1.212079350544915002e+00
3.003820410097313709e-01
-1.016394021693124872e+00
6.090426666914291465e-01
-1.612114768579532287e-01
5.015920374273789145e-02
4.578542090151107580e-01
9.470377075346082529e-01
7.048845678244830548e-01
9.045382843595965727e-02
-3.055507024504128810e-01
-1.462335030331599617e-01
-2.488548079618710496e+00
-6.025229696609509800e-01
-1.391479991605484523e+00
-3.924085129106883230e+00
7.925105500772378075e-01
-9.664052206852724591e-01
-1.206952354696514629e+00
1.233409501393947449e+00
-5.068486099386289023e-01
-1.491326482152682993e-02
2.055988325463566167e-03
1.929087449333315885e+00
-4.443046532809002969e-02
3.575676787988329441e-01
-3.407479852389339037e-01
-1.062896354706539537e+00
2.860948794582344676e-02
-5.735671833203301873e-01
2.740673609725060356e+00
-5.212733912353532117e-01
2.779750087812331016e-01
-1.727635894484448986e+00
3.401734151375142290e-02
-8.079988575749785795e-01
6.366969407055277363e-01
5.798477487673855402e-01
8.047419145497067827e-01
-7.511022289308125766e-01
-4.166118178672668093e-01
-1.185251427746636166e+00
-1.403835413594247239e+00
-9.162579877511957127e-01
-2.354394671859153243e-01
-1.759926961803645953e-02
-5.945040847144511531e-01
-2.199952793231698123e-01
-6.701078305615238984e-01
1.561892642467741066e+00
-2.556190161638892899e+00
-1.859106897303208106e+00
1.498435915355208037e+00
1.105614837790537125e-01
-3.357815646377270702e-01
1.352811284192367569e-01
-6.638948563791387258e-02
3.246098208132184304e-01
1.490613485025809037e+00
-8.403044308326115264e-01
1.264148976724339901e+00
-4.138982004838998030e-01
-8.031589881470799774e-01
-1.017292953029690361e+00
7.826482882115204376e-01
-4.058694004780830089e-02
-9.219989525778192752e-01
-1.613403746852477783e+00
-1.070697084992836279e-01
-7.596932869218684381e-01
-9.251841871465207312e-01
-6.447258413697928847e-02
-8.724969684142859228e-01
-5.372208325708163201e-01
-1.464677153176689783e+00
-1.045886875081134398e-01
-6.268564244405984143e-01
-2.249538214959088567e+00
1.784665362002161526e+00
-5.595207190655273610e-01
3.330393682642311393e-01
1.821885569374164904e+00
-1.938893846068070026e+00
1.279832851375521663e-01
1.972122178227655231e+00
-2.714975934227186194e-01
-5.937924929627754755e-01
-4.437970793635735989e-01
-1.063374680573143438e+00
5.791679312254143230e-01
8.378876925513142337e-01
-3.590900584160730546e-02
-7.426475963191340179e-01
9.393852064593553874e-02
8.471276953834239176e-01
1.773005263133496268e+00
6.185274545563854698e-01
3.612292225126697565e-01
5.134641375795584439e-01
-1.057718266912221899e-01
-3.035852259380209528e+00
4.205679072345152036e-01
-7.587758938373245776e-02
1.356493205676820191e+00
-9.228253711685505123e-02
1.245292613025161588e+00
1.448905962972289130e+00
-1.821339983983573774e+00
8.883995455591566781e-01
-1.504529362895563604e+00
4.134597071309786820e-01
1.827580898090643280e-01
1.274047791581464528e+00
-1.919611512267515696e+00
2.183945862343398825e-01
7.755618744391556962e-01
-5.560635514251630607e-01
1.714246320355986120e+00
-8.551435669257919647e-01
-4.225372693930377621e-01
-9.647693653800863967e-01
9.880151215688366406e-01
-8.815149254502918641e-02
2.311059778854139157e+00
-2.369231731034821820e-01
9.600776198608069745e-01
1.220113812349329585e+00
8.976624665099458555e-01
1.150909971121744368e-01
1.864074510172684773e+00
-7.968715996504107668e-01
-7.987429529944864992e-01
1.536201470036196781e+00
6.676497093952498130e-01
1.069173700944043182e+00
-1.050997500235614002e+00
5.318817518946142853e-01
-1.434679214790835378e+00
-6.166419938947448331e-01
5.171677361059334732e-01
3.170840300958588931e-01
-1.673987499364831821e+00
4.561205122468342532e-01
3.008516725814499582e-01
-1.630898976270725331e+00
1.993372640137388796e+00
8.572509191887691671e-01
-2.465838034878298224e-01
-1.258222725138130604e+00
-1.863259203753362681e-01
1.525773922544932715e+00
-2.686155426021054615e-01
-7.595576894456786965e-01
8.894332521648212753e-01
3.982084083201457014e-01
-2.315291779360203750e-01
8.667877473960881041e-01
-4.101167525771655664e-01
3.037483177903262943e-01
-1.114999012001057999e+00
-1.558525751938019344e+00
-1.019587375525888184e+00
6.308439478982357240e-01
-9.689012144624602474e-01
1.502769211453140130e+00
6.142354490266651590e-01
1.486342476544205260e+00
-2.742748046506820803e+00
8.283146492606605626e-01
3.112084795025886128e-02
-1.643934423125666067e+00
-1.105518198498574689e+00
-5.727357718691133970e-01
1.210800144990003213e+00
6.821754020294472642e-01
5.791381164555283734e-01
2.073487709985744498e+00
-4.333740077375672906e-01
-1.396184029384725411e+00
-3.214030948330942605e-02
-8.568162811845747573e-01
-9.378130064367020680e-01
-6.440893145096243666e-01
9.890012639238323633e-01
9.369475774229103493e-01
1.386557564667333153e+00
-1.066282703404178411e+00
-1.372426183128027943e-01
-1.461143318525288226e+00
-1.620412956179300146e-01
-7.332168928197302371e-01
-1.566063965960780457e+00
5.484121236871775107e-01
9.408869115123663640e-02
8.644409227786193917e-01
-4.253668629756043179e-02
-1.026433179159047082e+00
9.398607101655380739e-05
5.463831385215907055e-01
2.188331886198654763e-01
-2.478554075810578183e+00
-1.048074318761725854e+00
-1.232507819178013664e+00
6.009352109438920175e-01
-2.363796352986851090e-01
8.961414699619789648e-01
1.732681926917727655e-01
1.162617506903271147e+00
1.447383187538743843e-01
-2.729710832296699530e-01
-1.876482794670443655e+00
5.945459801695615054e-01
-1.392106077459525526e+00
1.838925830480921397e-01
-1.811812797951107834e+00
1.228887277276174972e+00
-7.380767573358125722e-01
4.015855551563731751e-01
1.839682511701094425e+00
1.181150348874348888e+00
1.973090201501014107e+00
-1.226164809865561756e+00
-2.277554115475134644e+00
1.004446006893882304e+00
-6.127346112117498800e-01
-1.327536970232210400e-01
-1.325497679954817265e+00
-5.002645133608064620e-01
-7.166310279393562910e-01
3.844454751563416983e-01
1.124812801962864928e+00
-2.301536272515236625e+00
-8.035209884550129633e-01
-6.542861212064025045e-01
5.204091845768442637e-01
9.867180040452099010e-02
-9.248081382367732139e-01
-3.272811281745162670e-01
7.071111833286656267e-01
-6.112049844091503870e-01
3.620281828265963231e-01
1.106172327331873761e+00
7.252186699679179505e-01
-2.166650749527311515e+00
-1.045510012088932461e+00
4.079036021555529357e-01
-1.694249371343826915e+00
3.011447978817065052e-01
-1.455503632281111570e-01
2.897209238870172565e-01
-1.217255841204319733e+00
-8.300032586061745210e-01
8.666436136459906292e-01
2.213853841994732008e+00
7.006089255493791468e-01
