1111011111100101
1110010101101001
0000011111111010
1111001101111100
0001011110111010
0000110111100100
0001100010110010
1110111001111100
1110111110100001
0000010011110001
1111111100110110
1111000100100001
0000110111100001
0000111101111010
1110010101000011
1111100000110101
1111110010011101
1110100111110101
1111111001000100
1110100010011011
1110111001110111
1111111101010001
0000111000111110
1111101100010100
0000110001111110
1110100111110110
0010000101110100
0000101001101101
0000100001111001
1110111011111000
