-9.182128906250000000e-01
-1.806884765625000000e+00
-8.439941406250000000e-01
1.481689453125000000e+00
-1.376953125000000000e-01
1.001464843750000000e+00
4.411621093750000000e-01
4.150390625000000000e-03
2.909667968750000000e+00
-4.102294921875000000e+00
-2.408935546875000000e+00
-4.065917968750000000e+00
3.599365234375000000e+00
-3.556396484375000000e+00
3.338623046875000000e+00
1.499511718750000000e+00
-2.501220703125000000e+00
-3.687255859375000000e+00
-2.912597656250000000e+00
-3.134765625000000000e-01
-6.928710937500000000e-01
-4.561035156250000000e+00
1.544677734375000000e+00
-3.741210937500000000e+00
4.497070312500000000e-01
-1.213867187500000000e+00
2.245605468750000000e+00
8.659667968750000000e-01
-1.376953125000000000e-01
-8.601074218750000000e-01
