0000001011111100
1111100111111101
0000011001111000
1111011001111100
1111101000000011
0001110101000101
1111011101110011
1111001100100010
1111000010110111
1111101100000110
1110110101111010
0000100110000100
1101101100101100
0000110100101111
1110110101111111
1111011011011001
1111010010011100
1111011001111110
0001010110111111
0000110111111010
0010011001100101
1111100110101111
0000101101111110
0000111101101100
0001011000010011
1111001110100101
1111100000010001
1111100010010111
1111100011101001
0001100110101111
0000000101001011
1110000000101010
1111101001001111
1110111010101000
0001000101101010
1111111001010000
1111100011010010
1111011010101011
1111001011000000
1111111101101100
0011001011110001
0001010000001110
0001011011100101
1111101100101110
0010000010101111
1111010000001011
0001001111110100
1111001010000000
0000101010010011
1111101010100011
1111110000111101
1111101000111000
1101110110001101
0000100110011100
0000000001100110
0010001101010000
1111011101110110
0000100100110101
1110010001000100
0000011001100101
0000101001110110
0000000011010000
1111001010010101
0000000100101010
0001101110100100
1110110000101100
0000001010101011
0000110010101011
0001011000111001
1110011110000111
0010000100011010
1111011011110101
0001101100000001
1111000101011110
0000011100000001
1110101100000110
1110011011111101
1110011111000101
0000001000000110
0000100101010101
1110001110101010
0000110110110101
1111100101100100
1110011100001010
0000011111101010
0001011111110110
0000111010111100
0001000011110100
0010011100111101
1111011001110011
1111011010100100
0000101100111001
0001011110101010
1111110001101111
1101110010111010
0000000000101001
0000001110011010
1110110110011010
1111110100101100
0000000110000001
1110101111000110
1110101111001110
1111001001111010
0000000001100011
0010001100011001
1111001111010000
1111011001111011
0001101110110111
0000011010011000
0001001111110111
0001001000000001
1111001111001100
1111110111010111
1111010101001110
1111000101011010
0000101110010101
0001001010010011
1111111111100110
0010001110001110
0000100101010100
0000100100101111
1111111110101000
1111101011101000
1111011000000000
0000111011100100
1110110110111100
1111110110101110
1111101101010000
1111010000101000
1111010110111110
1111011110101000
0000111101000110
1110011001001011
1111110010100001
0000001100001001
0000111001111111
1111110010001101
0000101111101011
0000000001100010
0000011001100000
1111110101010001
1111100010011010
0000010001101110
0000011110010010
1111010000111000
0000100010101010
0001010011111110
1111100001001100
1111011111001001
0000011011010110
0000101101100111
0000111100001100
0001001001100110
1111010010110001
0001110101011100
1111000101011111
1110100101110010
0001010100110111
1110111101011101
0000010101011011
0000110110011010
1110010111101000
1111001001100011
1110101101100101
0000001000011010
1111010001101101
0000000001000111
0001000100000000
0000001001111100
0000111010000000
0000110110011100
0000100100111011
0000110101101001
1111110110111011
0001101011110011
1110100111010111
0000110101100000
0010010001010011
0001001000010010
1111111111011101
1110001010111101
0000001000101000
1110110010000001
1110111101011110
0000001101100110
1111111101101000
0001010110001010
0000001101100111
0000100100011110
0000001011001000
0000100110101001
1111110010101010
0000101010101000
1111110101010000
1110111110000101
1111110001110100
0000100010110011
1110100010101110
0000001111100011
1111011100001111
0001010010010101
1111000001101010
1111001001011101
1110011101110001
0000011110100100
0001111001000001
0000100110110000
1111001110001110
1111110110010000
1111101111001100
1110111101001101
0000001101000111
0000101110101111
1110111111001101
0010010001000100
1111110000001111
1110001000000110
0001000111111010
1110100001111110
0000100001101001
0001000001111100
1111101111101011
0001011000101111
0001110010010111
1111101110111101
0001110111011011
1110001100100000
1110111111110100
1111010011000110
1111110111010110
1111000110111011
1110110100100010
0000001110111010
0000111111111010
0000000110011110
1111010101010101
0000101001111101
0000011011111000
0000101110000100
0000010010101100
0000101100000010
1111111101111111
0000011010100111
1110011100100001
1110010010000100
1111010111110111
0000111010100011
1111011001101000
0000100011101010
0010100000011101
0000010100010010
1110111010000110
0000000011011011
1111011010110011
0000000001100101
0001011110100000
1110001010101111
0000000100000101
1110111100011100
0000111101010100
0000010010110001
1111110101110010
0000111000001001
1111110101010001
0000110010111001
0000010101111111
1111111100110000
0001101000100001
1110000110010110
1110111000110101
0001101011101110
0000101111110100
1111011111001101
0000001001011101
0000100010000110
1111000110011010
0000110001001101
0000011111010000
1111011010101100
1111001101111100
0001001001111011
0010000000101010
0000010101100000
0000011011000001
1110101110111011
0001001111100111
1111110101111101
1111000110001111
0000011100100110
1111100100010011
0000101010011010
1110100000011001
0000110101111101
0000100101110001
0000000110100101
0011010000010010
1111111001101010
0001001101110001
1111001111111100
0001001011000001
1111010110011110
1111110111100101
1110111100101001
0001110011011110
0000100010001101
0000001100011110
0000101110111101
1111011110001101
0001010110010111
0000011000010010
1110111011001000
0000110011011000
0000100100001000
1101111010010100
0000001011000000
0001100100001001
1111100111101010
1110111100110001
1110000101010100
1111011000111010
1111010001011101
0000001100001000
1111111000100111
0001000000011001
1110111001100110
0000101011001111
0001111110010010
0000000011111000
0001000000110101
0000010100010100
0001001011101010
0001011100010101
1111011100100101
1111111101011101
1111110010000011
0000000111111011
0001101001001010
0000010010101100
1111100110000011
1111110110001010
0001100010111000
0000101001011011
0000011010110110
1111001101000100
0000110011110111
0000111010100010
1111100001100111
1111001111000010
1110111001011111
0000100011010011
0011100101111110
0001010011110001
0000000110001001
0001001111010100
0001001110111110
0000010100010110
0000001110000110
1111010101111110
0001011100101111
0000011011100010
1111011111011010
0000101101110011
1111000010010111
1111000001011101
0000101001110001
1111000111100000
0000000000110100
1111010010010011
1111010111101011
1111111010110111
1111010001111001
1111100001101010
0001011000000101
0000010101001111
0000001001000100
1111100000101001
0001100011010110
1111101000000111
1110100011001000
0001011111011001
1110010101000101
0001011001011110
0000011000011001
0000101010010000
1111000101110000
0000010000011011
1110111000110100
0000111011101011
0001000011100011
0000011000011000
1111010111101100
0000011100101100
1111110011000001
1110001011101110
1110011011100100
1110101101001010
0000110110111000
0000110001111001
1111110110010100
0000010001100110
1111110111111111
0000111101001000
0000001010110010
1110001111100010
0001001000100010
1111001110101110
0000000010111101
1110111111001110
0001010111111010
1110111111001001
1110000100001011
1111100001000101
1111010000011000
1111101000101111
0010010101100011
0000001000101111
1111110011011011
0001000100111100
1101111110111100
0000110100111111
1111111111010011
1110110001000001
1111000111000001
0000100010001111
0000010100111101
1111011111000001
0001011101100011
1110001101010001
0000100101111110
1111101011101111
0000101010010011
0000100101011101
0000111011101100
1111001000101001
1111001011011001
1111010000010010
1111011111100001
1111101111000001
1111110000011010
1111011100111100
1110101111111101
0001100001110010
0000111000011111
0001001011011110
0010101100010010
0000100011101111
0000000000010101
0001000011110001
1110001110100010
0000101001010100
0000001110111111
0000100000010110
1111010000100110
0000010100100110
1111001110100111
0000101001000100
0000011100100010
0001111100111111
0001000111010010
0000000000101111
1111101101011100
1111011101100010
1111101001010010
1111100000110101
0000100011010011
1111000101100111
0000100011011000
1111011000010110
0000111000010010
0000101010000101
1111101110100111
1111111101110011
0000010000101111
1111110010110101
0000000110001010
0001001010110111
1111100110001010
1111001101100101
1111010110101000
1111111011101111
1111001100100010
1111011110010111
1111100010101110
1111110001111000
1111010111110110
0000101100011100
0000110100101011
1110001001100000
1111011110011010
1111011111001100
0000110010101001
0001101001101110
0000001011111110
1111011111101000
1111010010101110
1111110000011011
1110000101001111
0001011100110100
1111111010011010
0001100001010011
0010110110101011
1100110010100101
0000110101000010
1111100010010100
1101100001110001
1110101111001001
1110110110010001
0000101011001000
1111101110110000
0000001111111001
1111110101101001
0000011011000111
1111000101101110
1110011110000110
0001100101101010
1111110010100111
0000111010100110
1111110110101110
0000010100000101
1110110100101110
1111000001000101
1111011100101000
0001111110000111
0000010011110110
1111100101001101
1111111010110111
0000101011000000
1111110110000111
1111100100000101
1111000100000101
1101101111110011
1111111110001100
1111110010111111
1111100000100111
0000100011111101
1110110001001000
0000010100010000
0001101010010111
0000000010011011
1111101000111110
0000011111011110
0000101001010101
1111110101011010
0000111101010000
0001011011010111
0000000000000101
0001000101011100
1111110111100010
1111111001001011
0010001111001001
0001100100100111
1111111110101100
1110011010011100
0001101000100000
1110110010001001
0000110011000110
0000010100011101
1111001110100000
0001001000010000
0001010000011101
0000000011111011
1111111101101100
0000001011010011
0001000111101001
1111101100111010
1111000011111101
1111110000111100
0001000010100000
0000010000000111
0000001101101001
0000110100000111
0001000011101001
1111100001110100
0001000000011000
0000111010110011
0010110100111101
1111000000001010
1110110101000100
0000011110100100
0000000010100100
0000000011111100
1111011001001011
1110011101110111
1111010000111001
1111001000000011
0001000100101110
0000111100111000
0010000110110000
1111011010010111
0000011010111001
0001011101110110
0010010010100011
0001000101100001
0000111110110001
1111001010111000
1111111000000100
1111010110101111
1111100110010001
0001011000011011
1111101000111000
0000101101011000
1111101101001010
1110000010101000
1111000101101110
1111000001110011
1111110011100010
1111101011011101
0000010000000100
0000101110000000
1111011110111001
0001011000001100
1111110110001011
1101010001100101
0000000110011111
0000000011111011
0001101110001101
0000001010010100
1111101111100111
0000111010011111
1111101010101000
1111011000111010
1111010010001011
0001010010001010
1111000110001110
1110101011000111
1111100101001001
1111001010101101
0001100101011111
0001010011001000
0000001000110011
0000111100001010
1111100111001010
1111111010011010
1110101010000001
0001000111011100
1110110000100101
1110101011100010
0000111001011101
1110100011001010
0000101100000111
0000101010111101
0000011110001001
0000011110110000
1111101101101011
1111100100110110
0010001000011100
1111010111000100
1111001000101011
0000100010110011
0001110010100011
0000011111110110
0000101001100110
1110011001110010
1111011001010011
1111010011011001
1110000111010000
0010010001000101
0000111010111011
0000010001111101
0000010000101111
0001001100101100
1110101110001110
0001001010010010
1111111000011000
1111111001001000
0001011010111001
1101010100010010
0000001100010101
1111011011001000
0000011000111100
1111000100111000
1111101101011101
1110111111110010
0001110000011001
1110110011101011
1110110101110010
1110100011011111
0001000010000110
0000110110011110
1111100110010101
1111111011010101
1111110001100111
0000011111001110
0001100010011011
1111101000111011
1111000011010110
0000110110000110
0010110011010010
1111101110100100
0010011001100100
0000101111010111
1111001011101111
1101111001101101
0000111011110100
1110011010101111
0000110100101011
0000011000100111
0000111001101111
1110100010111100
0001100011000000
1111101011110001
0000010010100011
0000001010000000
0000001000010100
1111010100000000
0010011111000110
0000000110111110
1111101100100101
1111100110011111
1111001011011100
1111001000001111
0001111010011100
1111011110011100
0000101101000101
0001000101111110
1111101111111100
0000110011000100
0000110010110011
0001101000000101
0000101101001011
1110101000101001
1111111110010000
1111001000101001
0001010111110110
1111110110010010
0000110000101101
0000101000011111
0001001100111111
1111111000100100
0000011010010001
1111110011101100
0000011111011110
0000010101011101
0001000010000111
0001101010010100
0010010011011111
1110101110000110
1111101101001100
1110010010100011
0000011010000001
0000010011101010
0000100111001001
1110000011101010
1101110011000000
1111011000010011
1111011011010101
1111001110111001
1111111110110001
0001011101111101
0000100110011000
0000100001000010
0000001011000010
1110001011010101
1111101011110111
0000101101110101
0000100000100100
0000100001010101
0000111011111010
1111010001000000
1111010000010010
0000000100101101
1111000100011111
0000110111010101
0000011111100110
1111111010110001
0000010101111001
0000010111000011
0000110100111111
1111101010011000
1111110110100101
0000100100100110
1111111011101110
0001001110111001
0001110100010101
0000101101001110
0000110110001011
0000101100110101
1110010100111011
0000010011011110
0001100010000010
1111101111010001
0000100100110001
1101111110000011
1111000101101000
