1111001100100111
0000000110100010
0001111101001001
1110111110100000
0000011000110101
0010000000000101
1111100111111101
0000110100111001
0001000111010100
0001001110110001
1111100110010110
1111101111011110
0000110001110010
1111010111011101
0001000011110010
0001000010111000
0000010001110000
0000010110010000
1111001110001001
1110110100110100
1111111011011010
0010001010100000
0000010011110100
1111001011100010
0000011010111100
1111111110001001
1111001101010010
1111111001111011
0000011001000001
0000111001000110
0001000110010101
0000110000111101
1110000111110010
1111010000111010
0001001010110010
0000111011110110
1111010111100000
1111011000111010
0001001000111011
0000100001111011
1111010011011111
0001000111011000
1111001111111010
1111010000111000
0000111000110101
1111000111100110
1110011010111100
0000000011110000
1111100000101100
0000011000101110
0000100111111110
0000011110000001
0000111100101010
1110111000100100
1111101101111010
0000000010010001
1110001100011101
1111001001000011
1101100111100100
0000001110110100
0001111010011010
1111101101111010
0000011110101101
0000010111100000
0001010011111001
0000101111011100
0001001100010100
0001000111101101
0010000001000101
1111011110011010
0000100010110010
0000010010011010
0001010001011000
0000000110001010
1111001001110101
0000011000001010
0000101010011110
1111100111111000
1111111010101111
1111111110010111
0000101101100001
1111110110000011
0000001000001101
0000101001001101
1111110110100101
0000101111110001
1110110100010100
1110001101001111
0001010011010100
1111101110111100
1111110000100100
1111101001101101
1111011101110110
0000000111011100
0001101011101100
1110010101011101
0000001111010001
0000001010001010
1110100101000001
1101111010001110
1111010111000101
0000100000100110
1111111100010010
0000010011101011
0000011011100100
0000011010000110
1111001010000110
0000000010001010
0000100111000110
0000110010001000
1110101111000101
0000001110011100
0000010000111011
1110111111010110
1111001100100001
0000000110000110
1110110011100000
1111000100000010
1110011110001010
1111001010110101
1111001001101000
0000010111010000
1111101111101011
0000011100001010
0000000001000001
0000100111010011
0001100110110101
1111111011101010
0000001001010011
1111011011100111
0001000111000101
0000100000001101
0010001100010011
1110111010110010
1111001100001111
1110110100010000
1111110101000000
0000100110101010
0000000111010010
0000011001110000
1111111110101011
1111101000001110
1110110000111011
1110010001100110
0000100011010111
1111001101001010
1111011000000111
1111010001010010
0000001010001111
1111110111100110
1111111010010101
0001010110100000
1111010110000010
1111011000111100
1111101100101110
1101101111000000
0000000011001010
1111111001001111
1111101101011000
0000110000000101
1111111110100101
0001000101101011
0000111000110111
1111101001010011
1111001100011000
0000100110001010
0000000110111101
0000010110010100
1111111001010000
0000010110010000
1111010011000001
0001000111010011
1111001101100101
1111111001110000
0000000001011000
1111111010100101
0001011100010011
0000001110001011
0001100110100100
0001101010001000
1101110110011100
0000110000001111
1110011001110010
0001000010101010
0000101010100011
1111011011100001
0001000101110100
0000110111101010
0000010110101101
1111110100110110
0001001111000010
1111010010101010
0000000110000111
1111101001011111
0001000010001111
0000100010011000
1111110110010101
0010010100010100
1111100111100011
1111011010000000
0001010000110011
1111100011011111
1111101011111011
0001000110100101
1111000110001100
1111001110000011
0000011010101010
0001110111001001
1111111101110111
0000011010001001
1110111000110110
1110100010100011
1111110100010101
1110101110101001
0000110011101010
1111100011110010
0001101110010001
1111101010011110
1110111101001001
0000100011001011
1111110110111111
0000001110010000
0010000101111101
0000011010000001
1111000111000000
0000110000101010
1111011100000101
1111000011011001
0000111110110111
1101011100100000
1111111111100011
0001001101010110
1111011010111001
0000001100000000
1110111001010001
1110101001101011
0000100011110001
1111111001110111
0000100001010001
1111101011111101
1111101000001110
0001101011010011
0000011011111011
1111110011100101
0000101011100110
0000011000011100
1100010110101011
1110010111000101
1110000110101010
0000001110000001
1111100010110100
1110110100010111
0000010000101110
0001001011101000
1111011110101010
1110011101100011
0000000110001101
1111000001110110
1111101111101010
1101011101110101
1111101000010010
0000001000111000
0000010100011001
0000101100100110
1111010000101000
0000011001011111
0000011000111000
0000101101110110
0000010110100100
0000010000110011
1111010011000001
1111101100111010
1110101010000110
0000011101100101
0000100111110110
0000000110101101
1110110011101100
0001001101000110
0001010011011001
0001011011111001
0000000111101100
0000000001110010
1111111110110100
0001010001101011
0000101011001100
0000101100010110
1110001101110101
0000000101110011
1111010000110101
1110100100010101
1110111100111111
0000100110101110
1111001100111010
1111101000110101
1110110100101101
0001001110000011
0010001100101111
1110100001010011
0000000101111110
1111001101001010
0000100000001110
0001001100101011
1111110010100111
0000111110101010
1111001010100100
0000011011110011
1111011111001000
1111101000101001
1111110011111100
1111010101110110
0001100110100101
0010010111011100
0001011000011110
0000000000100101
1111101101101110
1110110000011011
1110101000001111
1110001111110011
0000000110101000
0000010000101011
0010001111010100
0000011001110110
1111110101000101
0000011101110011
1111111110000000
0001111010010101
0000111010011000
1111110011011011
1111010110000001
1110000010110100
1111101000011010
1110111001011001
0001100101010111
0001100110110101
0000000101101000
0000101110000010
1111000011111011
0000110110001001
0001001000101010
0000111010101000
0001010011001111
0000100001111000
1111011100101001
1111011111010011
0000000010011110
0000000011101101
1111001010111111
0001000101010110
1111001100100010
1110111000000000
1111000001110111
0001000111100100
0000010101011111
1110101110001000
0000101111000111
0000001101111001
0001000000001110
0001001001010101
1111001011001110
1101111000010110
0000111101000011
1111001001111100
0000110010111000
0000010011100101
0001001111101101
0001011100111000
0000100100010011
1111001010001000
0000100010101110
1111010010000011
1111110000100010
0001011010111010
0000110110001001
0011010100000000
0000110110100100
0001011100100101
0000101100110100
0000101000101100
1111010100111000
1111110111000000
0000000011101101
0000100101111100
0000011100010111
0000001110000011
1111000001001000
0000010111011000
1111100000011101
1111010110100000
1110001110011000
0000000000111100
0000111110000110
1111000101011111
0001010000110011
0000101011101111
0000001000110010
0000100001111000
1111101001110110
0001101010100000
0001001111010001
1111000110001110
0001111000110000
1110111111101000
0000101110010011
1111110110111010
1111011110001101
1111110101101001
0001110101011011
0001100111101101
1111101010010111
1110000110110010
0001101001011110
1111100101011101
1111110010110111
1111101010101110
0001111001100100
0001010100001001
1111001001111100
1111001001101001
0000011000100000
1111011000100110
0001101000101111
0000001000011011
0000001011101111
1110010111011111
1111100000111001
0000010011011100
1111100110101001
0000000110010011
1111100001001100
1111100001001101
0000001101010101
1111010010111111
0001010000100000
1111011100101010
0000001101111001
0001101110000100
0000000111010010
0000000100111111
0001101010101111
1111100110010011
0000011000100010
1111010011010001
0000001111100000
0001111111001010
1111001110010110
0000100100011011
1111010000111010
1111110010110111
0000101111110110
0000001000001010
1110111101011111
1111010110011111
1101101011000100
0010010001100011
0000101010100001
1111011111101000
0001010100101100
1111111100000000
1110010010011001
0000010011011110
1111101001011011
0000101101110110
1111100111010101
1111011111001111
0000001101010010
0000000111101100
0001110101011110
1110011001001010
0010001001001010
1111100110000111
1111100000011111
1111001011001101
1111011101110000
0000010011011101
0001100000000010
1110011110001110
0000010101110111
0000111001011100
0000101010000100
1101110000101011
0000001000111100
1111010101101100
0000011100110000
1111011000010100
1111111101000101
1111010111010000
1110011111010100
0001001101001100
1111111000000001
0000100110000111
1101110101001100
1111000101001101
0000010011001010
0000000101100000
1101110010100101
1110110110001101
1111110101111000
0011011011010110
1111001101100010
1111100011000101
0001111100001001
0000010111010010
0000000110000101
0001000110001111
1111110111000000
0000001111001010
1110101111011011
0000010001001110
0000010110011000
0010001100101101
1110100111110010
1111010101100000
0000010001110001
0000010110111100
0000001110111100
1111101111000101
0000011001110101
0000001100100101
1111100101101110
0000111001001110
1111011010101000
1110100010001111
1111011110111111
1111100100101100
0001000101100110
0000100010101011
0000000010010110
0000001100101101
0000111010100100
1111100110110101
0000101001101111
1111010000000000
1111101010111100
1111000100011100
1111000111100110
0001001001010010
0000100111000000
1110001110011001
0000101101100100
0000001011100110
0000011100100111
0001011101010011
1111101110101000
0001001001110000
1101110010000111
1110010101011111
1110010010010010
1111010011100011
1111010101100010
1111110101011010
1111100101010011
0000100001000111
0000011101110100
1110010111001111
0000101011101110
1111011100101000
1111111111101111
1111101000010100
1111100110011100
0001100000010100
1111101100000111
1111101101000101
1111111111001111
1111101010100010
1111111110100111
0000100000011011
0001010111000001
1111101000011100
0010011001001010
1110111000110101
1110101110100001
1110111110111001
1110001111110101
1110111001000101
1110010111000000
1111101000001100
1111110001000010
1111010100111101
1111010110000011
0000000010101000
0000111111010001
0000000001111000
0001001110010110
1100101010110100
0000001110111000
1111010111100111
1111111101011011
0000100101011111
0000100011100101
1111101000101100
1101100101111111
1110111010100000
1111111010010001
0000001101101011
1111100011010011
1111110110001010
0000100011001100
0001111110111101
1111001010101011
0000010101111101
1111100111110101
1111101110011101
0001100111101011
0000000010111010
1110001101011011
1111101010011010
1110101101001000
0000100010110001
1111111010110110
0000001000011100
0000111101011111
0000000000111100
1110001001111111
0000101110111010
0000101100001011
0001001100001011
0000010001011111
1111100010010000
1110001100101101
0001110101110010
1110110011100010
1111110101101011
0001000101000010
1111110110011011
1111011011000110
1111011000110011
0000111110101000
0000100011111001
1111111000010010
1111111000000111
1111111100101111
1110111100010001
0000110011011111
1111111111110011
1111111011100101
0000010101101010
1110111010001010
1111011010001010
0000011010100101
1110110011111001
1111011111110000
1110010111011001
0000110011001001
1111110100011110
0000010111110111
1111010101111010
1110101011010000
1101111111100110
0000010000010110
0000110100110100
0000001001111000
0000110100100000
0000010100010011
0001000101000110
0000010010111010
1111111000011111
1111110010101110
0000101011000011
1110110001000010
1111100110100101
0001100010101101
0000101011000010
1111110011001010
1110101011101010
0000101110111101
1110100110000101
1111000010001110
0000101001110110
1111011101100111
0000000111111101
1111111101101110
0000010100011001
1111100001000100
1111100100011111
0000001111001110
0001000111100110
0000001111011010
0000110001111100
0001011110111011
0001101000001100
0000011100111011
1110101110011000
0000011100001110
1111101100101100
1110010011001000
0000010111101011
1111111011111110
1111110001110101
0000001111010101
1111000110101101
1110100100111000
0000101110110110
0000000110111000
1111000101101111
0000110101001101
0000100001100010
0000100011011100
1111101110100111
1110000100001111
0000110000100001
0000010010101101
0000101010000110
1110010001011010
1110101111010010
0001000100111111
1111101101100001
1101111000001011
0001010010010101
0001100110011000
0000000101111001
1110000011000100
0001100000101010
0000110111001001
0000100110101100
1111011100110010
0000000000110001
0000100111110101
0001001011100011
0000100101011011
0001010001001001
1111010100101001
0000110000011100
0000000101110110
0000010110011010
0000011001000000
1111101111111000
1111010011001010
0001011001001101
0000100100101000
0010000111000101
0000000110110111
1101001110111110
1111000110011101
1110100111110011
1110110100001110
0000100101010111
1110111101001011
1111001010011110
0001000100100101
1111101111010000
1111000110100001
0000000010000110
0000001001010001
0000100100011100
0000001010110011
1111101100011100
0000110100010100
1111101101110010
1110010100110110
1110000001100010
1111110011000000
1111100111100101
0000011011100101
0000010101101111
0000010001110000
1110101110010001
1111100110011001
1111100100010111
1111110111101011
1110000001100001
1110010111100001
0000000001001100
1101111110001100
1111101100111011
0000010010101010
0000100011111010
1111111011101111
0000000000100011
0000010000101101
1111111101011000
1111101010011111
1110111000011010
0001000000000110
0000011001110100
1110100111011101
0000010111110010
0000010100101011
0000111110101011
1110110101010101
1111011101010101
0001000111100111
1111001110110011
0010110001101110
0001000010110001
