0000010001101001
0000011001111111
0001000001011110
1110110001110110
1111011101011110
1110010110101010
1110101100100110
1111111001110011
1111011100010101
1111100001010001
1110100111110100
1111110110011011
1111011101100011
0000101110000001
1111001111101011
1111000000101000
1110101111000110
0000101100111101
0001011000110111
1111110100011011
0001011101001100
1111100001101000
0000000100101011
1111111000110101
0000011000101011
0000011101011111
1111111000101011
1111110110010010
1110010110001011
0000001110100100
1111010011100110
0000011111100001
1111000110010111
0000101000111111
1111010001001011
1110111100010010
1111001110111100
0000100001110001
0000000011010001
1111001000101101
1111011111101001
1111110100111101
1111010010001101
0001011111001011
0000001001101001
0000011001010001
0001100000001101
0010110110010000
1111011101011010
1111011011010101
1111001000110110
1111000100000010
0000010010110101
0001011001011110
0000101100111100
1101111100001100
0000100100010000
0000011000110011
1111111011010100
1110100011111000
0000110000011100
0000011011000101
1111111110010100
0000011000111000
0000001101110001
1111100101111111
0001101010000001
0000111010110100
0000000111110010
1111011100110100
0001000101011101
0000110011000101
0000010000010010
0001001111110000
0000100001011100
0001000001101111
1111101101101101
1111011001000101
0000011110110110
1110110010010101
1111111110011100
1111100100111000
0001110110110010
1111111110010011
1111011000001001
0000101010001111
0001011101000001
0000100100100011
0000010111110001
0000100001010101
0000111011001010
1111101011000111
1111011000101110
0010001000011001
0001010000000001
0000111101010011
1111000001101011
1110111011111111
1111111111111110
1110111001000100
1110111000010100
1111011101000000
1110101001111001
0001110010010100
1111000110011011
0000000100111101
0000011101110101
1110010110100110
1110111001100011
1101000000001010
0001110001000100
0000101010011000
1111101110100000
1111111000010100
0001000111100000
1111100101011011
1111100110001101
1111001100000100
1101101000011011
0000010010111101
1111110111110101
1111011000001100
1111110111010100
0000011001100001
0001001101011111
1111100001100100
1111110111101100
1110100000100111
1111110010000111
0000110010001110
1111011001100000
1111001001010101
1110111100010001
1111101001101110
0000000010101010
1110101011000001
0000001111000001
1111110111101100
1111010110001011
0000001100110110
1111001111100101
0001010111011100
0000000011100001
0000100101011101
1111100001111010
0010011000110011
0001000100001011
1111010101110010
0010011000101001
1110100101110110
1110111010101111
1110010011010100
1111101100100011
1111001000111001
0000101000101111
1110100011101110
1111100010100111
0000110101011111
1110110101011101
1111001011110111
0000001010000010
0000001000001010
1111001111101001
1111011011100100
0001010001110110
0000010101111111
0000110110100110
1110001001111011
0000011101001100
1111111110100101
0000101011110011
1111111000110110
1110100110011111
0001001000000110
1101111101010001
1110100010000010
0000011100100111
1110000010111010
1111100010001101
1110111010010111
0001000111101101
0001111000011101
1111001010100011
0000001011011010
1110110101011100
0001110000010011
0000011100111111
0000000110010101
1111101101101111
1110111100110100
1110010111100100
0000000011010001
0000110100001010
1110100101100110
1111100111100001
0000000011000001
1111101101011000
0001000001011000
1110111001011110
0000110110010010
1111010101010011
1111100001110100
1111110110001000
0000011001110101
1111011111110100
0000010100100101
0001111010010011
0001101111110111
1101110011101100
1111011110010101
0000010000101110
0010000100111101
0001001111000101
1101111100100111
1111011000101010
0001011011000001
1111111010000000
0010001100100100
1111100101011001
1111010010010010
1111110000010100
0001001100010001
1101110101011001
1110110110000010
0000100111110011
0000010001101111
0001001011010110
1111001000111111
0000011001110111
0000010000011101
1110100111001000
0001101001011000
1110100011010101
0000110001011100
1111100011000010
1111110010011010
1111101000101110
0000111100100100
1110101101101001
0000000011111111
1111011110011000
0000000010100001
0000011110111110
0001001000100101
0000001011001101
0000100011110011
0000011100110101
0000111100001001
0000010011111011
0000010000011001
0000011011010110
0001011010100000
1111110001111011
1111010001101100
1111010010110101
0000000001101100
0000110000100110
1111101011000010
0000110000000001
0000111000100100
0000101110101111
1111101110010011
1111001101111111
0000001111010100
1101101110011100
0001100110111000
1111000110011010
1110100010001111
1110100101000001
1101101100101100
1111001001111111
1111100101011110
1101001011001101
0001110001100000
0001011000001010
1111100101011000
0000000000000001
1111111001100110
1111010010000011
1111111100000100
1111001100010110
0000100001111001
0000010000101011
0000100110001111
1111100010101001
0001000001001000
1110101110111000
0000001110100010
0000101000101110
0000010001101101
0000001101111010
0001101110100101
1111111111101000
1111011011100101
0000011111100010
0001101001100001
1111110010011001
1111000010001110
0000110001001110
0001000110000001
1110110101101001
0001011011101011
1111010110001100
0000000100011111
0001001010110111
0000001110011101
0001110001111010
0000011001101110
1110011111001011
1101010001101110
0000110101101110
1111111110101101
1111001000001100
1111010101010101
0000010110110110
0000010001011010
0000100101010111
1111011100110001
0000101000011101
0000010001001101
0001111111101110
1111110100000011
1111111101011000
0000001000001101
0000010011011100
0001011101011000
1110111110001000
0001000110000101
1111101001101010
1111001011110011
0000001011010100
0000011010001111
0001011110101000
0000011101001101
0000111100101001
0001100100001010
0000000100001001
0001100101110011
1111100000110000
1111100101101110
1110011100110100
1111111111100101
0000011001011010
0000011100100110
0001010000001101
0001110011101001
1111111001110101
0000111111001010
1111011101011011
0000000101100101
0000011100000111
0001010000110101
0010001111100100
1111101110111011
0001011110111001
1111100111110110
0001010000001000
1110110110101110
0000011001110010
1111110100001000
0000100111111011
1110101111100110
1110111100111011
0000010010011010
1110110111001101
1111000110110100
0001001110000010
1111110000011001
1111001010100010
0000101011010010
0000001011111110
0001010011100000
0000001001001110
1110111000111000
1111101011001010
1101011011001111
1110110010111111
1111010000000111
1111100111011111
1111001100110010
1111000101110101
0001011011111100
1111000111001011
0000011010110110
1111010011101011
0000101001010011
0000011100100110
1111110001001001
1110110101010010
1111011110001011
0000001001000000
1111101100101001
1111101011000101
1111111101010000
1111111110110110
1110100100101110
0000100000011100
1111100110100000
0000101101001010
1111011101001010
0000000110100110
1111111001110100
0000001111001000
0000001011000100
1110011101001001
0000011101011111
0000100011111111
1111110000001001
1111110001010111
1110001010011010
1111011010001110
0000111100011100
0000001110101000
0000011100110001
0001011010100101
0000101110001001
1111010100101011
1111001000101111
1111010010010111
1110011101010010
1111101100101110
0000111101111110
0000101101000111
0000010011100011
1111011100101111
0000110101101111
1111010100001001
1111101001110011
1110010100011001
1111000110011101
0000110010101101
0001010000110000
1110010001110100
0000001101100001
1111100110010111
0000001101011010
0001011010001010
0001001110111110
0000100010100001
1111011010010001
0010110011010100
0000010111001011
1111001100111100
0000001101010001
1111101101111100
0000101001101001
0000010100101000
1111100000011010
1101110010100100
1111000110110110
0000100111000100
0000000101101011
0000100001101011
1111100011000011
1110001100100011
1110110101111011
0000001000100110
0001010101000001
0000110000000101
1110010100110000
1111010010110011
1111111011001110
1111000001000110
0000000101001111
0000110111010011
0000010011111111
0001110000111001
0000010000111101
1111010100110111
1111101000110010
1111010101001001
0000000011001101
0000000000010010
0010000111011101
0001001111001100
0000110110010010
0001001010001101
0000001101110101
0001000000001100
1111011111011000
0000100010010101
1111100011001111
1111011010011100
1111101101001101
0000010100010001
0000100110010001
0000111101110011
1110010010100110
1111111000011000
1110110011001100
1110100111111011
0001100100000000
1111110100100111
0000010000011010
0000000101001000
1111000001000110
1110101001111110
0000110001011111
1110010010001110
1110110011110000
0000001101011000
0000001010000010
0000101011011110
0000010110101011
1111110001011001
0001101110111010
1111010011101000
1110101011100111
0000010000011111
1110111111101101
0000000000001101
0000000110010001
1111111001011100
0001100001101111
1111000001100000
1110011111011001
1111101001111101
0001011001001010
1111100011100001
0000101011001110
0000001100100000
0001001101110101
0001001101010111
1111001110000100
1111011111100001
1110111100000011
0001000010110001
1110101011010101
1111010000100101
1111101101101111
1110110111010100
0001011011110101
1110100001101000
0000001000011010
1110000011100010
1110111110000110
1111110001101101
1111001101001011
0000101001000101
1111001100110101
1111111101110111
0000000010010100
0000111111001110
0000101010110011
0000010100110001
1111000101110100
1111110110110000
1111100001111100
1110000110010000
1110111101101111
0000001101010011
0001110110000000
0000011100001010
0000000111010011
0000001011100000
0001010110010001
1101111001111011
0000110001000101
0000011010111100
0010010001001001
0000010101100010
1110101111101001
0000001111101110
1111101111110100
1100110000001100
1111010001101110
1111001010010011
0000000001001001
1111100101101110
1111110101000010
1111010010101001
1111011100100111
1111010001100011
1111111111100100
0000110110110101
0000011100111011
0000011101001101
0010000010110100
0001010101111110
1111100101000110
0001100100110001
1111001000001000
1111001100111001
0000101111100001
1111000110111101
1111101011010001
0001101000001111
0000111010110101
0001101110100010
1111010100001110
1111110000011110
1111001101011101
1111110010110000
0010000001010001
0000000001010111
0000001001010011
0000110011101010
0001100110000001
0000001010001001
0001001010101010
1111110110110000
1111011011001111
0001100110111110
0000100101110101
1111011010100110
1110101001011110
1111101010001111
1111011110011001
1111011101010000
1111001101011110
0001000000100111
1111101011000100
0000010001101001
0001010110011001
1110001010111111
0001000010010101
0000110000010001
0000001101011110
0000011100111000
0000000010001010
1110101100100111
1111000011011111
0000100101100000
0001000111110001
0000101111000000
0010111000001101
0000110010111011
1111011111001011
1111001001001111
1111111000111010
1111101000010111
1111010111110100
0000000011111000
0000000100110001
0001000001000111
0000101100010011
1111001000011000
0000000101110111
0000110000000101
1111100011110101
1111001100111110
0010000000010111
0000100101011111
1111101000110011
1111101000010111
0000111100110011
0001111110000101
0001100101110101
0000100001111011
0000100011101001
0001010110111100
1111000110000011
0000100101110110
1111111000000001
0000111100010000
1101111111001111
0001011110010111
1111000110101110
1111001000111000
1111100000001110
1111110100101001
0001000111000010
0000001111011101
1111101101001001
1111111001001011
0001110010001000
0000110001001000
1110001100111110
1110111100011100
0001011101000010
1111110111100111
1111001000100011
1111010110101010
1111010011100100
1111000111010001
1111101010110100
0000100101010101
1111111100000011
1111001111001101
1111011011000011
0000000000010111
1110101110101101
0010100100011001
1110110101000000
1101110111001000
1111111000111011
0001100101110001
1110111110011001
1111001110100110
1110100001011001
0001001010000101
0001100000111011
1111100011010010
0010010101111111
0000101000011000
1110011010110011
1111000010111001
0000010100100101
1110110010000000
0000100010000000
0001010100111010
0000001110100110
0000110000001011
0000011010110010
0000010101010010
0001011110011000
1110001010100000
0000100101001101
0000001011111111
1111000001000011
0010010011010001
1110100010101100
1101010000100111
1111100100111001
0000100001111100
1110101100100001
1111110111000010
1101111010001101
1110101110111110
0000000011000101
1111010111101000
0010111001000101
1111011110101100
1110111011011110
0000011101011011
0000000011011010
1111100101010100
1111001000111111
1111100100011111
0000000000100101
1111010100111110
1110011101011010
1111111000001101
1111100111100010
0000101001111101
0010100010110101
1110111011001100
1111101101000111
1111000101111010
0001100000110000
1110000010001000
0000111001011010
1111111000100011
0000001101110100
0000010101010011
0011110011111101
1110111100000101
0001000110010010
0001000011111111
1111101110100010
0000101111000101
0000111100011010
0001001110011111
0000110101100101
1111001100101101
0000000000110111
1111100000100001
0000010111001000
0000101010111011
0000001111101000
1110010111110111
0000000110000011
1110010110100100
0001000111110000
0000110111001100
0001101101000000
0000011010110001
1111000101010011
0000000111111010
1111011111011111
1110111010011110
1111000011011000
0001110010111011
1111001000110001
0000100110010011
1111000101110101
1111010010111110
1111100010010001
1111101011000000
0000110101111110
1111011110111100
1111010101110110
1110001011000010
0000100011110101
