-2.158203125000000000e+00
-3.451171875000000000e+00
-3.284667968750000000e+00
-1.763183593750000000e+00
-8.630371093750000000e-01
1.186523437500000000e+00
-1.815429687500000000e+00
3.291015625000000000e-01
4.156494140625000000e+00
2.877929687500000000e+00
-2.130615234375000000e+00
-1.942382812500000000e+00
-3.673095703125000000e+00
-3.505859375000000000e-01
-4.439941406250000000e+00
-1.185302734375000000e+00
-2.788085937500000000e-01
4.169433593750000000e+00
-5.582275390625000000e+00
2.686523437500000000e+00
1.663574218750000000e+00
6.174316406250000000e-01
-3.994140625000000000e-01
-8.281250000000000000e-01
3.935791015625000000e+00
1.074462890625000000e+00
2.825683593750000000e+00
-5.219726562500000000e-01
-3.965087890625000000e+00
3.222656250000000000e-01
