0000000001011110
0000000111111010
0000010001111101
0000111111001011
0010000000001000
0000110111010011
0000101110011010
1110110100011011
0000111100000101
0001000000111101
0000100111001000
0001001100001110
0000110100100000
0000011000110110
0000110110011001
0001011001110000
1111000101000011
0000010100111111
0000010110001101
1111011111100011
0000001110100001
0000001000011101
0000010101000000
1111000000000110
1111111011011100
1111101011010111
1110011001110110
0000000111111010
0000110000010110
1111010110010011
1111111010110111
1111101001111101
0000110010011011
0000001010100001
0000011111011101
0001001011100100
1110101011000110
1111011010100010
1111101011101110
1111111010011111
1111010011110111
0000001010110010
0001001110111100
1111101011101000
1111101111000101
1111100000011101
1110100111001001
0000001011010001
1110111001100111
1111111001100010
1110100000100011
0000111100000100
0000001000011100
1111111001111010
0000011001100000
0000101110011000
1101111100101101
0001010101101000
1111001100111001
1111011110001001
0000001100011000
1111111101101001
0000011110101111
0000110110111010
1111011100000110
1111110100001011
1111011010100100
1111011110111010
0001001001100100
0000010000010100
0001100001000011
1110101110100000
0000011001111001
0001101101101001
0000110011110110
1111111100111010
1111011001100011
0000010001011111
0000110110100110
0000000101000010
1111111110110011
1111001110001010
1111101111000000
0000111101011011
0000001000110000
1111011001000001
1110100110001010
1111011000011100
1111110111110101
1111111110110111
0000000000011000
1111001111110011
0000010100101111
1110011111011101
1111110111100010
0000000101101100
0000001000010111
1111011001111100
0000111010000100
1101101110011110
1111101011100010
1111111000100000
0001101110100101
1110010001001100
1111111101110000
0010100101111111
1111011111110011
0000001010101011
0000101001000011
1110010101101000
0000100101010011
0000010011100000
1110001100100100
1111011100011110
1111110101011111
0000110010001010
0000000011110011
0000001001001001
1111110010110011
1111011010101010
1111111011011100
1110111111000101
1110110101110100
1111011000101101
1111110100101110
0000000100100011
1110110100011101
0000001011110110
1110011101011111
0000011000100110
1111101010110011
0010000011101110
1111001010100010
1110101100100111
1111111011100000
1111111111010111
0000100000100101
0000101011010101
1111110000100010
1110010011011111
0000010101100111
1111011111000010
0001000011111101
0000010110010001
0000000011010110
1110111011100000
0000000111010000
0000010110100100
0000110111011100
1101111110010101
0001010001000100
1111101001000100
1111110001111111
0000100100011111
0001000000011011
1110110110010000
0000001001100001
0000000001110101
0000111010011011
1110101110010001
1111100000001000
1110111001101101
1111011010011111
1111001110011001
0001001001000111
0001111001101110
1111010100111101
1111100010010110
0000101110011101
0001100111111101
0000010110110001
0001101010000110
1110100001111100
0001011101111101
0001000001101010
1110010000010100
1110111011011111
1111000001001101
0001000001000010
0000001010010100
0000000110010101
0000101100001010
0001111101101100
1111000011001011
1111111010011101
1111110011100111
1111101100010100
1111000011111101
0000010101111011
0001100101001101
1101001010000110
1110100110101111
1110110111001111
1110100011111101
1110111010011001
1111011110010000
0000001111011011
1110111110000010
0000010010010011
0000011100000111
1111010000010111
1111101001100100
0000111001101010
1110011110100100
1111000010101011
0001010001011001
1111101111110111
0000000011111010
1111100001011010
0000110011100101
0000101011000000
0000001001000000
0001000101001100
1110111101001011
0000100101100011
1111100101000001
0001001001001100
1111101110100111
0000000111000001
0001111100001001
0000000001101110
1111111110100100
0000110010000010
0000010001001001
1111111010111011
0000101100100100
1111111010101101
1111101111001111
1110110110110110
0001000011101101
0001101010011101
1111010110001000
0000010111100100
0000010010111101
0001000000001010
1111110111111011
1110100001100000
1111100111011101
1110001010101111
0000100110010010
0000100000011010
1111101010111011
1111001111000111
1110011100100101
0000100110011001
0001000111001001
0000110110000001
0000011010010110
1110001000010100
0000110110000111
1110101110001001
0000110010001011
0000001001010001
1111010100111111
1111110110101110
1111101101111000
1111110000100010
0000101011100000
0001100011011010
0000010100111111
1110111100100010
0000111011010001
0000000001101111
0001011101000101
1110101100010111
1111110010111000
1111110000110101
0001011011100000
1110100110110110
1111011011010000
0000101010011010
1110010011010010
1110010010001110
1111111101100001
0000111110011100
0001010011000110
1111111101011000
1111001100100111
0000111011101010
1111001000010000
0000001011010010
0000000000110011
0000010001110010
0000001000000111
1111001100010110
1111101001000001
1111000010111110
1111110111101010
0001000111100111
0000010101101111
1111011000011011
1110110110010110
1111110011101000
1101110010101111
1111111100101011
1111110010110011
1111011111100001
1110101000100101
1111100011011001
1111101111001011
1111101001011000
1101110100110101
0010010000111100
1111100100000011
1111010001001101
1111010110000101
0000011000011011
1111001111010111
0000011000011001
0001011100111001
1111100111100011
0000010010001110
1110111001100100
1111000101110111
0000101011000010
0001001010010111
1111100100011000
0001001001011010
0000000110011001
0001000101011011
0000001111011110
1101001010011011
1111100000110100
0000000101011111
1111110101101010
1110101001110110
1110001010110100
0000010000100001
1111100111101101
0000100101010011
0001001010101011
1101100110011011
0000011001011111
1111001100010100
1110101111100010
0001110000000001
1101001011000001
1101111100111010
0001001001010100
1101010111111111
1101111000010100
1110001110111011
1111101111100001
0001010001110011
1111110001111100
1111000010101111
0000110110011000
1111111111110000
1110110100110000
0000000101100110
0000100100110110
1111001101100110
0001111111001101
0000010000100110
0000101001110100
1111101000011010
0000101011101101
1110001111000101
1111110001101010
0000110110111101
0000010100110001
0000110000001110
0000111000011100
1101101111100100
0001100100010011
1111101101111111
0000110000000011
0000011001100111
0000000110111011
0000110000001111
0000001010100010
1111011010100101
1111000110000101
1111101010110001
1111100111010101
1111101100000011
0000011100111101
1111101010111011
1111111101000010
1110010100110101
0000110111111110
0000010001111100
1110101000100010
0000000100111010
0000100011100110
0001010001011101
1110000010111011
0000001101110101
1111110011001110
1111010010100000
1111001011101010
0001101100001010
0000010010111011
0000001010000011
1111000111000001
0001000110111011
1111110000101100
1110101011010000
0000001001010110
1110111110101111
1111001010000001
1110111011101110
1101000010110000
1111111110111100
1111110001001110
0000110010110000
1111001101001000
0000110101110010
0000010111111011
1110000001010010
1111100000011110
1111001110110100
1110000011010010
0000011011100111
1111111100010101
1111111110111011
1111110110110000
0000001001011011
0001110111011111
1110001100001011
1111110110101101
1111110000101010
0000000110000111
0000001010010110
1111010011010111
0000000010000010
1101111110011101
1111001101101000
0000011100101101
0000010010001010
0000010100011011
0000110111011111
0010001010000011
1111101011100000
1110010010100000
1111111000101110
1111010001100110
0000110111011101
0001111100100001
1111010100001011
0010000010000000
1100111110001001
0000011001110010
1111111000101110
0001110111100010
0010000000111110
0000110001010110
1110101101000001
1110010001111011
1111101001100110
0000101100000011
1110111101100001
0010110110111011
0000100100111011
0000110000101100
0000001110011101
1101110000001000
0000001111000011
1110110001111101
1111111011110100
1111110101010000
0001001101000110
1111001111100011
0000010011001111
1110110001001000
0000001111000101
1111001001010101
1101111101100110
1111000111101100
0000011111011011
1111011011001001
0000001000100000
1101111101101011
0000100100000001
1111011001101011
1111011011101100
0000000110001100
0000011001011011
1110100111010111
0000100110000001
1111111101010110
1111010110110100
0000001101100001
0001001111101011
0001001100111000
1111111110000000
0000011001010001
0000101000101110
0000100001101110
1110110100100101
1111110111000010
1111111001100010
0000000101010101
1111001110101111
0000011110011100
0000000111100010
1111001010000100
0000110111100100
0001000111000101
0001100110101011
1110100010100100
0001010111010010
1111111010001000
1111111000100000
0001101100001001
0010000101111011
0000000011001110
0001010000111100
0000100010000101
1111011000101010
0000111011000111
0001000111000010
1111100001110001
1111101001001111
0001100101010110
0001101000011111
1110110100101111
0000011011001110
0001000001111100
0000011011011110
1111111100010100
1111111011101010
0001001001000100
0001011100101010
0001100011101101
1111100001001010
0000010100111101
1101110110001100
0001010000101111
1110101010111011
0000000101101000
1111000100000010
1111100100011000
1110000100111111
1111111110111110
1111011010010111
0000011011101101
1111000101110010
1110110010011000
1111110011011100
1111111010000011
0000010000001001
1110110010001000
0001000000111001
1111011001101110
0001011000000001
0000011010010111
1110101011100001
0000101101110101
1111111110101110
1111000011101001
0000111011001101
1111001001000000
0001010101101101
1111111010011101
1110011111000000
0001001101001101
0000110101000011
0000001100110111
1110001010000110
1110111011111001
1111111001101110
1111101101000000
0000010011010111
1110011101001111
0000010110100011
0000000100000011
0001000001110111
0001010110001000
0001111111111010
1110101110011000
0000111011111111
1111000110100111
0001010101000010
1111110101010100
0000110001111001
1111111110101110
1111111011011000
1111001100100011
0010010011101011
0000010011111000
0000011110001111
0001011111000100
0000000011011000
0000000010011101
0000000110001001
1111111010010001
1110110000001000
1110101010011010
0000010101011001
0000010101111101
0000011100011001
0000101001100111
1111000110001101
1111011011011101
0000110010011110
0001001110001110
0000100110001101
0001011100111010
1111001111011001
1111000000110000
0000010001100011
1101110101001100
1111011010000111
1111100110000110
1101111100011100
1110010100000101
0001011111110000
0000010001101100
0000011111110011
0001000100001111
1111100110001000
0000000001010010
0001000011111110
1111101110111111
0010001110001011
1111111001100011
0000010111111110
1110101000100111
1111101010001000
1110110101011001
0000000011111111
0000000111100111
1111011111111100
0001000111111001
1110001010111011
1110010101010111
0000001010000110
1110100110011001
0000010100111011
0000011001100011
0000110000001001
0001101000010011
1111011100110101
0000110111010001
0000001010100001
1111001101100100
0000100111000100
0000010011010011
0000000100111001
0000001001001100
0000011101000101
0000101011111111
0000001000111011
0000000111010000
0000110011101010
1111010100110011
0000001011011000
1111101101010000
0011001000001100
0001111101110010
0000010011110111
0000000001101000
0000011011100100
0000110111011101
0000001000000011
0000100011001110
1111100111000011
0000100000000110
1110100001100010
1110010010010101
0000010001001110
1111001110000111
0000011011010111
1111000101110011
0000111100000001
1110111010100000
1111010000101000
0001001011111011
0000001011001001
0000101010111010
0000000110000111
1110010101111100
0000010100110110
0010011101101000
1111110001111000
0010000011111010
1111000101101010
1111010011100001
1111111100100001
0001100001110101
1110100010010000
0001011000110010
1111101110101100
1111110000101010
1110000101001010
1111000101000110
1111110110001110
0000000101011010
0000000110000101
1111001011000101
0010001011001111
1111100100011001
0000010100000000
0001011101001001
1111111100001100
1110000000010001
1110100000110101
0000101011100110
1111111001011111
1111011111011001
0001000101110000
0010101111111100
0000001111110100
0001000010111110
0000101010101110
1111011101101011
1111010100010001
0010001001111011
0000001110001110
1110011110001011
0001001110100100
1111001001111110
0000101100011011
0001110001010111
1111110011100111
1111001110101010
1111111100001010
1111001001001001
1111111010000011
1111011100101100
0000000101101111
0000110000101111
1111001101011011
1110101111010000
0000010011001110
0010000010100000
0001101111111100
1111100011011111
1110111111100011
0000010010001000
0001011100010111
0000011100100000
1111011100101111
1110111110110000
1110010110001010
1111101100111011
0000101001000011
0000111100000000
1101100011100001
1111101101000001
1111100110011100
0000001111111111
1111000010100100
0001000001100000
0000000110100110
0000010001101111
1110110011011101
1111101010011101
0001001011111010
1111100001010111
0000000101011011
1110110111011110
1111111100101111
0000000111101101
0000001110101011
1111101110111010
0001100011010000
1111010000100001
1111001010010100
0001000101101110
0001011001010110
0000110011010011
1110101010110000
0001111000110110
0001000010111011
1111011110100010
0000100010010100
1111110100101001
1111110100011011
1110100110011110
0000010111001101
0000001000111111
0001010111101100
1111100101111111
0000110010000110
0000100011111010
0000100110001000
0000001111010110
0000011110100011
0001011001000010
0000101001001100
1111000010001110
0001110111011110
