-2.106933593750000000e-01
-2.644042968750000000e-01
-1.003906250000000000e+00
-1.452392578125000000e+00
5.244140625000000000e-01
-5.305175781250000000e-01
-1.713867187500000000e-01
-1.862304687500000000e+00
-2.381591796875000000e+00
-1.344970703125000000e+00
-5.629882812500000000e-01
-4.616699218750000000e-01
-6.838378906250000000e-01
6.447753906250000000e-01
-5.280761718750000000e-01
1.206542968750000000e+00
1.209228515625000000e+00
1.921386718750000000e-01
2.226562500000000000e-01
-1.806640625000000000e-02
-3.442382812500000000e-01
9.604492187500000000e-01
-7.067871093750000000e-01
4.589843750000000000e-02
1.192626953125000000e+00
-3.225097656250000000e-01
5.620117187500000000e-01
-1.255371093750000000e+00
-4.199218750000000000e-01
7.058105468750000000e-01
-1.149902343750000000e-01
1.782226562500000000e-01
-6.835937500000000000e-03
5.439453125000000000e-01
3.142089843750000000e-01
-6.420898437500000000e-01
2.370605468750000000e-01
-5.466308593750000000e-01
3.271484375000000000e-01
-2.951660156250000000e-01
-3.105468750000000000e-01
7.763671875000000000e-01
-1.713623046875000000e+00
8.471679687500000000e-02
1.008300781250000000e-01
-1.329833984375000000e+00
-6.640625000000000000e-01
4.736328125000000000e-01
7.661132812500000000e-01
5.634765625000000000e-01
-4.150390625000000000e-01
-4.528808593750000000e-01
6.298828125000000000e-02
1.135498046875000000e+00
1.608886718750000000e-01
8.896484375000000000e-01
-2.031250000000000000e-01
4.655761718750000000e-01
2.298339843750000000e+00
1.528320312500000000e-01
-1.162841796875000000e+00
9.277343750000000000e-03
5.717773437500000000e-01
-1.578369140625000000e+00
-7.512207031250000000e-01
1.694335937500000000e-01
1.455078125000000000e+00
1.687011718750000000e-01
-3.125000000000000000e-01
1.951904296875000000e+00
-5.473632812500000000e-01
6.857910156250000000e-01
-2.221679687500000000e-02
1.266601562500000000e+00
-8.959960937500000000e-02
2.043457031250000000e-01
-5.090332031250000000e-01
-6.818847656250000000e-01
6.347656250000000000e-03
-1.494628906250000000e+00
1.176757812500000000e-01
-1.816406250000000000e+00
-8.857421875000000000e-01
-1.498535156250000000e+00
-4.980468750000000000e-02
-6.870117187500000000e-01
-4.951171875000000000e-01
2.580566406250000000e-01
-2.713867187500000000e+00
1.699218750000000000e-01
-7.136230468750000000e-01
1.927734375000000000e+00
1.896728515625000000e+00
-6.284179687500000000e-01
9.523925781250000000e-01
5.151367187500000000e-01
2.667968750000000000e+00
-7.431640625000000000e-01
1.109130859375000000e+00
5.239257812500000000e-01
-3.952636718750000000e-01
5.859375000000000000e-01
7.485351562500000000e-01
1.380126953125000000e+00
-2.132812500000000000e+00
-4.895019531250000000e-01
1.303710937500000000e+00
1.101074218750000000e-01
3.054199218750000000e-01
1.865966796875000000e+00
-4.411621093750000000e-01
1.232421875000000000e+00
-4.619140625000000000e-01
-6.589355468750000000e-01
-1.049804687500000000e-02
1.608886718750000000e-01
-9.138183593750000000e-01
7.304687500000000000e-01
-3.613281250000000000e-02
1.174560546875000000e+00
-3.784179687500000000e-02
-3.432617187500000000e-01
1.111572265625000000e+00
-9.399414062500000000e-02
1.302001953125000000e+00
1.823730468750000000e-01
3.715820312500000000e-01
8.781738281250000000e-01
2.493164062500000000e+00
-6.518554687500000000e-02
-1.301269531250000000e-01
-3.498535156250000000e-01
-9.221191406250000000e-01
1.367675781250000000e+00
9.934082031250000000e-01
2.978515625000000000e-01
-1.404052734375000000e+00
-1.757812500000000000e-01
3.784179687500000000e-01
3.535156250000000000e-01
1.155029296875000000e+00
2.961425781250000000e-01
-3.308105468750000000e-01
-9.384765625000000000e-01
-1.491699218750000000e-01
3.942871093750000000e-01
6.574707031250000000e-01
-2.788085937500000000e-01
1.443603515625000000e+00
5.537109375000000000e-01
1.025390625000000000e-01
5.617675781250000000e-01
1.979980468750000000e-01
-9.521484375000000000e-03
3.776855468750000000e-01
1.417480468750000000e+00
6.840820312500000000e-01
3.005371093750000000e-01
-6.079101562500000000e-02
-7.143554687500000000e-01
1.640869140625000000e+00
-2.416992187500000000e-01
-1.489257812500000000e-01
2.023925781250000000e-01
2.604980468750000000e-01
-3.481445312500000000e-01
2.399902343750000000e-01
-1.384521484375000000e+00
7.160644531250000000e-01
5.742187500000000000e-01
3.464355468750000000e-01
2.878417968750000000e-01
2.080078125000000000e-01
1.097900390625000000e+00
1.110839843750000000e-01
-1.281982421875000000e+00
2.238769531250000000e-01
-8.933105468750000000e-01
-8.544921875000000000e-03
7.021484375000000000e-01
1.466308593750000000e+00
6.713867187500000000e-02
6.401367187500000000e-01
-1.141357421875000000e+00
1.096435546875000000e+00
-2.885742187500000000e-01
5.417480468750000000e-01
-1.809082031250000000e-01
-2.036865234375000000e+00
3.669433593750000000e-01
1.513671875000000000e-01
2.568359375000000000e-01
-4.277343750000000000e-01
7.136230468750000000e-01
1.438476562500000000e+00
2.939453125000000000e-01
1.388671875000000000e+00
-1.367187500000000000e-02
-1.005859375000000000e-01
-1.189208984375000000e+00
1.009033203125000000e+00
4.199218750000000000e-01
2.160156250000000000e+00
8.032226562500000000e-01
-3.710937500000000000e-01
-8.164062500000000000e-01
4.096679687500000000e-01
9.453125000000000000e-01
2.290039062500000000e+00
1.019775390625000000e+00
-3.195800781250000000e-01
7.055664062500000000e-01
-1.155029296875000000e+00
1.499023437500000000e-01
-1.652832031250000000e+00
-6.108398437500000000e-01
5.644531250000000000e-01
6.022949218750000000e-01
9.968261718750000000e-01
3.808593750000000000e-02
-4.772949218750000000e-01
2.822265625000000000e-01
4.733886718750000000e-01
1.833740234375000000e+00
-9.155273437500000000e-01
-8.056640625000000000e-03
-2.446289062500000000e-01
1.284667968750000000e+00
-7.016601562500000000e-01
-3.083496093750000000e-01
-1.523925781250000000e+00
-1.345214843750000000e+00
-2.995605468750000000e-01
-6.591796875000000000e-01
6.931152343750000000e-01
1.057373046875000000e+00
2.101562500000000000e+00
2.073974609375000000e+00
-1.005371093750000000e+00
6.047363281250000000e-01
3.623046875000000000e-01
2.150878906250000000e-01
2.186279296875000000e+00
-3.146972656250000000e-01
-6.210937500000000000e-01
1.433349609375000000e+00
1.953125000000000000e-03
7.807617187500000000e-01
-7.780761718750000000e-01
-1.781982421875000000e+00
-9.294433593750000000e-01
-3.276367187500000000e-01
7.622070312500000000e-01
-5.380859375000000000e-01
4.870605468750000000e-01
-1.101562500000000000e+00
-3.686523437500000000e-02
2.944335937500000000e-01
9.138183593750000000e-01
1.704589843750000000e+00
-2.039550781250000000e+00
-1.786621093750000000e+00
4.694824218750000000e-01
4.299316406250000000e-01
1.344238281250000000e+00
2.917236328125000000e+00
2.202880859375000000e+00
-6.606445312500000000e-01
3.972167968750000000e-01
2.939453125000000000e-01
1.765136718750000000e-01
-3.320312500000000000e-02
1.237304687500000000e+00
-1.557617187500000000e-01
9.396972656250000000e-01
3.857421875000000000e-01
-2.788085937500000000e-01
-2.610107421875000000e+00
1.476562500000000000e+00
1.625976562500000000e-01
1.896728515625000000e+00
-1.088623046875000000e+00
2.006835937500000000e-01
1.357421875000000000e-01
-2.836914062500000000e-01
1.343017578125000000e+00
2.504882812500000000e-01
-5.559082031250000000e-01
-2.086669921875000000e+00
-1.986328125000000000e+00
-2.465332031250000000e+00
2.456054687500000000e-01
2.227050781250000000e+00
2.844482421875000000e+00
8.308105468750000000e-01
5.554199218750000000e-01
1.708984375000000000e-01
3.581542968750000000e-01
1.003417968750000000e+00
2.790527343750000000e-01
-5.288085937500000000e-01
1.926269531250000000e-01
-1.868164062500000000e+00
-1.766113281250000000e+00
-7.019042968750000000e-01
-7.019042968750000000e-01
-1.492431640625000000e+00
-1.741943359375000000e+00
1.090576171875000000e+00
-2.863769531250000000e-01
-1.145019531250000000e-01
-9.619140625000000000e-01
7.006835937500000000e-01
-2.457031250000000000e+00
-1.553955078125000000e+00
-8.903808593750000000e-01
-1.525146484375000000e+00
-3.506103515625000000e+00
-2.984375000000000000e+00
-1.899414062500000000e+00
1.092285156250000000e+00
-4.621582031250000000e-01
-3.317871093750000000e-01
-8.569335937500000000e-02
6.823730468750000000e-01
9.819335937500000000e-01
-1.854736328125000000e+00
-6.950683593750000000e-01
2.197265625000000000e-01
-1.757324218750000000e+00
-2.436523437500000000e-01
2.426757812500000000e-01
-3.872070312500000000e-01
-3.935546875000000000e-01
-1.499023437500000000e-01
2.912597656250000000e-01
-7.861328125000000000e-01
-7.492675781250000000e-01
2.600097656250000000e-01
-1.310546875000000000e+00
-1.067138671875000000e+00
-1.860351562500000000e-01
-4.453125000000000000e-01
-5.610351562500000000e-01
-1.137207031250000000e+00
-1.171875000000000000e-01
-2.529296875000000000e+00
-2.243896484375000000e+00
1.041015625000000000e+00
-1.125488281250000000e-01
-1.335449218750000000e-01
9.565429687500000000e-01
5.720214843750000000e-01
-1.497070312500000000e+00
-8.056640625000000000e-03
-3.520507812500000000e-01
-4.816894531250000000e-01
-2.294921875000000000e-02
5.144042968750000000e-01
4.987792968750000000e-01
-4.375000000000000000e-01
-1.708984375000000000e-01
1.222167968750000000e+00
1.310546875000000000e+00
-5.908203125000000000e-02
-2.453613281250000000e-01
-4.897460937500000000e-01
2.607421875000000000e-01
-1.288818359375000000e+00
-2.301757812500000000e+00
-2.532714843750000000e+00
8.068847656250000000e-01
-9.245605468750000000e-01
-1.056640625000000000e+00
-1.276367187500000000e+00
4.006347656250000000e-01
-2.262451171875000000e+00
1.265625000000000000e+00
6.906738281250000000e-01
-1.506347656250000000e-01
5.449218750000000000e-01
-3.991699218750000000e-01
-1.383300781250000000e+00
2.746582031250000000e-01
-2.113037109375000000e+00
-1.132812500000000000e+00
-2.424560546875000000e+00
4.084472656250000000e-01
2.687988281250000000e-01
-1.050781250000000000e+00
-3.906250000000000000e-03
5.131835937500000000e-01
-8.820800781250000000e-01
-1.330810546875000000e+00
2.630859375000000000e+00
-8.803710937500000000e-01
-7.766113281250000000e-01
1.936035156250000000e-01
2.712402343750000000e-01
-4.338378906250000000e-01
-1.984863281250000000e-01
-6.601562500000000000e-01
-2.056640625000000000e+00
-3.662109375000000000e-01
-4.580078125000000000e-01
-1.347412109375000000e+00
7.204589843750000000e-01
-1.538085937500000000e-02
-1.320800781250000000e-01
-1.464843750000000000e-03
-1.686523437500000000e+00
-2.461425781250000000e+00
-1.188964843750000000e+00
4.516601562500000000e-02
-1.453613281250000000e+00
1.401611328125000000e+00
2.448730468750000000e-01
-3.742675781250000000e-01
-4.072265625000000000e-01
8.764648437500000000e-02
6.088867187500000000e-01
2.082275390625000000e+00
-6.745605468750000000e-01
6.938476562500000000e-01
7.990722656250000000e-01
-3.320312500000000000e-02
2.197265625000000000e-01
1.325683593750000000e+00
-3.139648437500000000e-01
-1.021484375000000000e+00
-4.592285156250000000e-01
-2.934570312500000000e-01
3.259277343750000000e-01
-6.887207031250000000e-01
2.048339843750000000e-01
1.076660156250000000e+00
-9.948730468750000000e-01
-1.138916015625000000e+00
2.087402343750000000e-01
5.781250000000000000e-01
2.376708984375000000e+00
3.603515625000000000e-01
2.217529296875000000e+00
-1.394042968750000000e-01
1.174072265625000000e+00
2.246093750000000000e-01
2.331054687500000000e+00
2.382812500000000000e-01
1.111572265625000000e+00
-1.252929687500000000e+00
-5.642089843750000000e-01
-8.872070312500000000e-01
-1.972656250000000000e-01
-4.060058593750000000e-01
1.046875000000000000e+00
-1.374023437500000000e+00
5.175781250000000000e-01
1.427001953125000000e+00
-8.120117187500000000e-01
-3.920898437500000000e-01
-1.415771484375000000e+00
-2.414550781250000000e-01
2.609863281250000000e-01
1.479492187500000000e+00
6.865234375000000000e-01
-9.040527343750000000e-01
1.318359375000000000e+00
1.165283203125000000e+00
1.926269531250000000e-01
6.401367187500000000e-01
2.085449218750000000e+00
9.121093750000000000e-01
-8.835449218750000000e-01
-1.687011718750000000e-01
-1.274414062500000000e-01
-5.231933593750000000e-01
4.277343750000000000e-01
-3.627929687500000000e-01
1.805908203125000000e+00
-3.417968750000000000e-01
-4.736328125000000000e-02
-4.104003906250000000e-01
-8.249511718750000000e-01
7.434082031250000000e-01
-7.673339843750000000e-01
-9.299316406250000000e-01
3.906250000000000000e-03
-8.593750000000000000e-02
-6.313476562500000000e-01
-1.114013671875000000e+00
-2.270507812500000000e-02
-6.032714843750000000e-01
4.194335937500000000e-01
4.467773437500000000e-01
5.483398437500000000e-01
5.068359375000000000e-01
2.575683593750000000e-01
7.507324218750000000e-01
-1.562500000000000000e-01
9.069824218750000000e-01
-6.794433593750000000e-01
-1.190185546875000000e+00
2.636718750000000000e-02
2.422851562500000000e+00
1.062500000000000000e+00
9.870605468750000000e-01
1.872558593750000000e-01
9.753417968750000000e-01
2.202880859375000000e+00
-7.922363281250000000e-01
1.146972656250000000e+00
4.514160156250000000e-01
6.145019531250000000e-01
8.525390625000000000e-01
-5.126953125000000000e-01
4.270019531250000000e-01
-4.328613281250000000e-01
5.668945312500000000e-01
-2.033935546875000000e+00
2.395019531250000000e-01
-3.071289062500000000e-01
1.425781250000000000e+00
2.143554687500000000e-01
8.325195312500000000e-02
1.364990234375000000e+00
-2.749023437500000000e-01
2.597656250000000000e-01
9.748535156250000000e-01
1.260986328125000000e+00
8.911132812500000000e-02
1.044921875000000000e+00
3.566894531250000000e-01
-2.199707031250000000e-01
8.806152343750000000e-01
6.723632812500000000e-01
-1.362304687500000000e-01
1.312744140625000000e+00
-3.339843750000000000e-01
6.711425781250000000e-01
8.479003906250000000e-01
2.294921875000000000e-02
2.419921875000000000e+00
2.910156250000000000e-01
7.893066406250000000e-01
3.937988281250000000e-01
-1.777832031250000000e+00
1.571044921875000000e+00
1.109375000000000000e+00
7.148437500000000000e-01
1.237792968750000000e+00
1.379638671875000000e+00
-7.634277343750000000e-01
1.376953125000000000e-01
-2.185058593750000000e-01
2.343750000000000000e-02
-1.147705078125000000e+00
-1.473144531250000000e+00
9.399414062500000000e-01
2.505615234375000000e+00
9.653320312500000000e-01
1.022949218750000000e+00
-2.912597656250000000e-01
2.558593750000000000e-01
-5.761718750000000000e-01
1.827148437500000000e+00
-4.125976562500000000e-02
1.259765625000000000e+00
1.909179687500000000e-01
1.672363281250000000e-01
-1.015136718750000000e+00
3.096923828125000000e+00
-1.188720703125000000e+00
8.310546875000000000e-01
9.082031250000000000e-01
3.149414062500000000e-01
1.296386718750000000e-01
1.082275390625000000e+00
-8.725585937500000000e-01
1.056640625000000000e+00
7.006835937500000000e-01
7.753906250000000000e-01
-8.681640625000000000e-01
3.391113281250000000e-01
-6.682128906250000000e-01
-4.667968750000000000e-01
8.908691406250000000e-01
1.322998046875000000e+00
9.885253906250000000e-01
-1.358398437500000000e+00
-7.585449218750000000e-01
-1.073242187500000000e+00
-8.056640625000000000e-03
1.440429687500000000e-01
1.872314453125000000e+00
1.579345703125000000e+00
-7.666015625000000000e-02
9.375000000000000000e-02
-1.163818359375000000e+00
1.692138671875000000e+00
8.095703125000000000e-01
2.575683593750000000e-01
-1.032226562500000000e+00
4.938964843750000000e-01
3.188476562500000000e-01
-5.529785156250000000e-01
-5.126953125000000000e-02
-1.016601562500000000e+00
-4.138183593750000000e-01
-1.611328125000000000e-01
-1.000732421875000000e+00
-2.731933593750000000e-01
-6.943359375000000000e-01
9.108886718750000000e-01
2.343750000000000000e-01
6.093750000000000000e-01
2.807617187500000000e-02
-4.797363281250000000e-01
1.523681640625000000e+00
6.054687500000000000e-02
1.094482421875000000e+00
-8.745117187500000000e-01
-1.180664062500000000e+00
-7.834472656250000000e-01
7.329101562500000000e-01
7.592773437500000000e-02
8.151855468750000000e-01
1.090576171875000000e+00
-2.653808593750000000e-01
-2.263183593750000000e-01
4.877929687500000000e-01
8.911132812500000000e-01
-7.702636718750000000e-01
5.895996093750000000e-01
-2.434082031250000000e-01
-9.741210937500000000e-02
-2.607421875000000000e-01
-3.125000000000000000e-01
-1.201660156250000000e+00
-2.589843750000000000e+00
-5.590820312500000000e-02
7.702636718750000000e-01
-1.280517578125000000e+00
-3.735351562500000000e-01
8.957519531250000000e-01
-1.518798828125000000e+00
-1.317871093750000000e+00
7.004394531250000000e-01
2.086669921875000000e+00
2.241210937500000000e-01
-8.400878906250000000e-01
-5.957031250000000000e-01
2.377929687500000000e-01
1.106689453125000000e+00
5.444335937500000000e-01
-2.451171875000000000e-01
-5.922851562500000000e-01
-4.721679687500000000e-01
1.479248046875000000e+00
-7.397460937500000000e-01
-6.330566406250000000e-01
3.935546875000000000e-01
1.496582031250000000e-01
7.512207031250000000e-01
-2.011718750000000000e-01
2.531738281250000000e-01
1.135009765625000000e+00
1.011962890625000000e+00
-9.177246093750000000e-01
-7.683105468750000000e-01
6.069335937500000000e-01
6.665039062500000000e-01
4.445800781250000000e-01
1.218261718750000000e-01
7.370605468750000000e-01
-2.370605468750000000e-01
5.537109375000000000e-01
3.031250000000000000e+00
1.273925781250000000e+00
6.857910156250000000e-01
7.902832031250000000e-01
7.299804687500000000e-02
3.710937500000000000e-02
3.403320312500000000e-01
9.238281250000000000e-01
-9.765625000000000000e-03
1.614990234375000000e+00
-1.994628906250000000e-01
5.239257812500000000e-01
-3.852539062500000000e-01
-2.490234375000000000e-01
-9.921875000000000000e-01
-5.356445312500000000e-01
-1.411132812500000000e-01
-8.657226562500000000e-01
-1.696777343750000000e-01
3.339843750000000000e-01
-3.791503906250000000e-01
-1.075439453125000000e+00
1.364257812500000000e+00
-1.855468750000000000e-02
-4.008789062500000000e-01
-1.172363281250000000e+00
1.453857421875000000e+00
-1.853027343750000000e-01
8.422851562500000000e-01
-1.328125000000000000e+00
7.722167968750000000e-01
-3.081054687500000000e-01
2.781494140625000000e+00
5.444335937500000000e-02
3.103027343750000000e-01
1.661132812500000000e+00
9.934082031250000000e-01
-1.240722656250000000e+00
-1.125976562500000000e+00
1.960449218750000000e-01
-1.359375000000000000e+00
-1.784667968750000000e-01
-1.276123046875000000e+00
7.893066406250000000e-01
-1.328369140625000000e+00
-2.184814453125000000e+00
-3.247070312500000000e-02
-1.818847656250000000e-01
1.708984375000000000e-03
4.587402343750000000e-01
-4.353027343750000000e-01
-1.825927734375000000e+00
-2.304687500000000000e-01
-6.618652343750000000e-01
2.202148437500000000e+00
-1.946044921875000000e+00
-7.219238281250000000e-01
2.508544921875000000e+00
2.638427734375000000e+00
1.457275390625000000e+00
6.542968750000000000e-01
-2.153564453125000000e+00
-5.690917968750000000e-01
-3.989257812500000000e-01
-1.212158203125000000e+00
-1.893798828125000000e+00
3.117675781250000000e-01
2.683105468750000000e-01
-4.926757812500000000e-01
2.458496093750000000e-01
1.544921875000000000e+00
6.987304687500000000e-01
-1.081054687500000000e+00
-1.073486328125000000e+00
1.793945312500000000e+00
3.117675781250000000e-01
-5.832519531250000000e-01
2.856445312500000000e-02
5.258789062500000000e-01
7.177734375000000000e-01
-2.377197265625000000e+00
8.361816406250000000e-01
1.675048828125000000e+00
-3.332519531250000000e-01
1.147460937500000000e-01
1.059814453125000000e+00
1.154052734375000000e+00
1.545410156250000000e-01
-1.338378906250000000e+00
-7.189941406250000000e-01
1.200439453125000000e+00
-2.088867187500000000e+00
-1.264648437500000000e+00
-9.189453125000000000e-01
9.807128906250000000e-01
6.096191406250000000e-01
-7.158203125000000000e-01
4.289550781250000000e-01
-1.234863281250000000e+00
1.052246093750000000e-01
2.856445312500000000e-02
1.548095703125000000e+00
1.026611328125000000e+00
-3.903808593750000000e-01
-1.003417968750000000e-01
-1.744140625000000000e+00
-1.132080078125000000e+00
-8.676757812500000000e-01
