-1.409912109375000000e+00
6.352539062500000000e-01
2.285888671875000000e+00
3.774414062500000000e-01
8.081054687500000000e-01
-3.369140625000000000e-01
-8.112792968750000000e-01
8.425292968750000000e-01
6.745605468750000000e-01
9.587402343750000000e-01
-8.564453125000000000e-01
-4.023437500000000000e-01
1.285644531250000000e+00
-4.001464843750000000e-01
6.625976562500000000e-01
-2.844238281250000000e-01
-1.537353515625000000e+00
2.209472656250000000e-01
-5.141601562500000000e-01
-3.417968750000000000e-01
1.531738281250000000e+00
2.043457031250000000e-01
-1.531494140625000000e+00
-2.038574218750000000e-01
-4.621582031250000000e-01
-7.148437500000000000e-01
7.673339843750000000e-01
-1.339843750000000000e+00
1.248535156250000000e+00
5.361328125000000000e-01
1.206542968750000000e+00
1.533935546875000000e+00
-1.103515625000000000e-01
-3.632812500000000000e-01
-3.911132812500000000e-01
-1.442871093750000000e-01
3.222656250000000000e-02
-1.123046875000000000e-01
-9.924316406250000000e-01
7.395019531250000000e-01
-1.638916015625000000e+00
9.155273437500000000e-01
-3.461914062500000000e-01
1.043212890625000000e+00
-3.361816406250000000e-01
6.643066406250000000e-01
-9.592285156250000000e-01
3.933105468750000000e-01
-1.509765625000000000e+00
-1.987548828125000000e+00
-5.153808593750000000e-01
-1.198242187500000000e+00
-1.725585937500000000e+00
1.095703125000000000e+00
6.774902343750000000e-01
-1.396240234375000000e+00
-3.613281250000000000e-02
-2.050781250000000000e+00
-9.729003906250000000e-01
-1.534667968750000000e+00
1.375976562500000000e+00
-1.019775390625000000e+00
3.857421875000000000e-01
-3.776855468750000000e-01
-1.823730468750000000e-01
9.980468750000000000e-01
-2.824707031250000000e-01
1.608398437500000000e+00
7.563476562500000000e-01
1.357421875000000000e+00
2.846679687500000000e-01
-5.034179687500000000e-01
2.211914062500000000e-01
-4.812011718750000000e-01
2.177978515625000000e+00
-8.410644531250000000e-01
-1.212890625000000000e+00
2.142089843750000000e+00
-1.148437500000000000e+00
-8.747558593750000000e-01
7.207031250000000000e-01
9.018554687500000000e-01
-2.818115234375000000e+00
1.093750000000000000e+00
2.341308593750000000e-01
6.591796875000000000e-03
8.862304687500000000e-02
4.174804687500000000e-01
-1.894531250000000000e+00
-7.348632812500000000e-01
5.129394531250000000e-01
9.667968750000000000e-02
2.692871093750000000e-01
1.080566406250000000e+00
-8.776855468750000000e-01
5.805664062500000000e-01
-2.856445312500000000e-01
-2.461181640625000000e+00
-6.811523437500000000e-01
-2.595214843750000000e-01
5.375976562500000000e-01
-2.197265625000000000e-03
-3.046875000000000000e-01
9.025878906250000000e-01
8.154296875000000000e-01
-2.026367187500000000e-02
1.034912109375000000e+00
1.429687500000000000e+00
-6.225585937500000000e-01
-4.531250000000000000e-01
-1.244384765625000000e+00
-3.261718750000000000e-01
-2.675781250000000000e-01
7.478027343750000000e-01
1.452636718750000000e-01
1.800781250000000000e+00
7.746582031250000000e-01
8.225097656250000000e-01
-1.102050781250000000e+00
1.267089843750000000e-01
-1.395263671875000000e+00
2.092285156250000000e-01
-1.656250000000000000e+00
5.305175781250000000e-01
-3.969726562500000000e-01
4.470214843750000000e-01
-1.178466796875000000e+00
4.926757812500000000e-01
-1.743164062500000000e-01
-1.128906250000000000e+00
-6.508789062500000000e-01
-3.930664062500000000e-01
3.977050781250000000e-01
-1.386718750000000000e-01
-1.586914062500000000e-02
-2.727050781250000000e-01
-1.156738281250000000e+00
-7.373046875000000000e-02
-5.947265625000000000e-01
-4.379882812500000000e-01
8.029785156250000000e-01
-1.026123046875000000e+00
-7.761230468750000000e-01
-3.596191406250000000e-01
-2.084716796875000000e+00
1.601562500000000000e-01
-3.979492187500000000e-01
-3.330078125000000000e-01
-6.611328125000000000e-01
1.119628906250000000e+00
-2.106933593750000000e-01
1.363281250000000000e+00
-1.029296875000000000e+00
-3.681640625000000000e-01
-7.373046875000000000e-02
4.636230468750000000e-01
2.278808593750000000e+00
-4.003906250000000000e-02
-6.215820312500000000e-01
-3.566894531250000000e-01
1.269531250000000000e-02
5.979003906250000000e-01
6.381835937500000000e-01
7.451171875000000000e-01
-3.679199218750000000e-01
1.841064453125000000e+00
-6.005859375000000000e-01
9.973144531250000000e-01
8.771972656250000000e-01
5.869140625000000000e-01
-4.943847656250000000e-01
2.946777343750000000e-01
5.061035156250000000e-01
6.665039062500000000e-01
-8.195800781250000000e-01
6.335449218750000000e-01
4.255371093750000000e-01
-1.320800781250000000e+00
-3.698730468750000000e-01
-1.948974609375000000e+00
4.655761718750000000e-01
5.495605468750000000e-01
-6.252441406250000000e-01
-1.694335937500000000e-01
-1.859863281250000000e+00
1.245849609375000000e+00
-1.486816406250000000e-01
1.127441406250000000e+00
-6.335449218750000000e-01
7.861328125000000000e-01
6.816406250000000000e-01
-3.889160156250000000e-01
-7.209472656250000000e-01
3.867187500000000000e-01
-5.419921875000000000e-01
-2.197265625000000000e-02
-8.444824218750000000e-01
7.609863281250000000e-01
-7.321777343750000000e-01
4.921875000000000000e-01
1.534179687500000000e+00
5.720214843750000000e-01
1.492431640625000000e+00
-4.704589843750000000e-01
1.528808593750000000e+00
-7.592773437500000000e-02
-2.423095703125000000e+00
-8.144531250000000000e-01
-1.770751953125000000e+00
5.075683593750000000e-01
-9.877929687500000000e-01
-1.801269531250000000e+00
-1.908691406250000000e+00
-4.526367187500000000e-01
-1.511230468750000000e-01
-8.369140625000000000e-01
-5.305175781250000000e-01
-3.930664062500000000e-02
-5.085449218750000000e-01
3.686523437500000000e-02
-7.468261718750000000e-01
4.873046875000000000e-01
-2.308593750000000000e+00
7.331542968750000000e-01
-1.167968750000000000e+00
-1.234375000000000000e+00
7.397460937500000000e-02
8.527832031250000000e-01
9.345703125000000000e-01
-1.134033203125000000e+00
5.256347656250000000e-01
-1.413574218750000000e+00
-6.767578125000000000e-01
-9.775390625000000000e-01
-4.030761718750000000e-01
1.325927734375000000e+00
-1.520019531250000000e+00
3.552246093750000000e-01
4.736328125000000000e-01
-9.677734375000000000e-01
-1.055419921875000000e+00
-1.121337890625000000e+00
4.731445312500000000e-01
-4.899902343750000000e-01
-2.339111328125000000e+00
5.424804687500000000e-01
2.747558593750000000e+00
9.262695312500000000e-01
1.469238281250000000e+00
1.424316406250000000e+00
8.930664062500000000e-01
-1.240722656250000000e+00
-4.973144531250000000e-01
1.423339843750000000e-01
-8.090820312500000000e-01
-4.189453125000000000e-01
-7.214355468750000000e-01
-9.938964843750000000e-01
5.573730468750000000e-01
7.502441406250000000e-01
-7.934570312500000000e-02
3.325195312500000000e-01
6.435546875000000000e-01
9.409179687500000000e-01
4.033203125000000000e-01
4.643554687500000000e-01
-4.311523437500000000e-01
-5.859375000000000000e-03
-8.647460937500000000e-01
7.014160156250000000e-01
-9.133300781250000000e-01
5.422363281250000000e-01
-2.216796875000000000e-01
-5.859375000000000000e-02
1.133056640625000000e+00
-1.657714843750000000e-01
1.791259765625000000e+00
-4.882812500000000000e-01
7.204589843750000000e-01
-4.985351562500000000e-01
-3.955078125000000000e-01
1.657958984375000000e+00
3.012695312500000000e-01
5.869140625000000000e-01
-1.147460937500000000e-02
1.248535156250000000e+00
-1.188964843750000000e+00
-9.863281250000000000e-01
1.437011718750000000e+00
-1.619628906250000000e+00
-6.750488281250000000e-01
-2.941894531250000000e-01
-3.103027343750000000e-01
-1.336425781250000000e+00
-1.330566406250000000e-01
8.813476562500000000e-01
3.532714843750000000e-01
-1.648681640625000000e+00
2.602539062500000000e-01
-1.631835937500000000e+00
-7.983398437500000000e-02
-2.603759765625000000e+00
1.666748046875000000e+00
6.445312500000000000e-02
-1.396484375000000000e-01
-2.207031250000000000e-01
1.599121093750000000e-01
-4.111328125000000000e-01
2.749023437500000000e-01
-1.094482421875000000e+00
6.950683593750000000e-01
5.417480468750000000e-01
-6.455078125000000000e-01
-2.195556640625000000e+00
4.685058593750000000e-01
-9.550781250000000000e-01
-2.707519531250000000e-01
1.999511718750000000e-01
-8.764648437500000000e-01
-9.279785156250000000e-01
3.789062500000000000e-01
-6.164550781250000000e-01
-4.643554687500000000e-01
-1.599365234375000000e+00
1.401855468750000000e+00
-5.424804687500000000e-01
5.117187500000000000e-01
-1.789550781250000000e-01
2.414550781250000000e-01
-1.542968750000000000e-01
-4.895019531250000000e-01
-1.323486328125000000e+00
-1.369873046875000000e+00
9.462890625000000000e-01
3.715820312500000000e-01
-3.964843750000000000e-01
1.872802734375000000e+00
6.030273437500000000e-02
4.536132812500000000e-01
-5.263671875000000000e-01
-7.360839843750000000e-01
-1.520996093750000000e-01
1.222900390625000000e+00
-8.615722656250000000e-01
-1.146972656250000000e+00
-1.494384765625000000e+00
9.936523437500000000e-01
-1.495849609375000000e+00
-7.321777343750000000e-01
-1.237304687500000000e+00
1.202880859375000000e+00
-6.254882812500000000e-01
6.054687500000000000e-02
5.192871093750000000e-01
-3.569335937500000000e-01
-9.287109375000000000e-01
-4.401855468750000000e-01
-4.350585937500000000e-01
1.010986328125000000e+00
-7.753906250000000000e-01
-1.410156250000000000e+00
3.713378906250000000e-01
1.160400390625000000e+00
2.281982421875000000e+00
-5.490722656250000000e-01
-5.527343750000000000e-01
6.408691406250000000e-01
7.590332031250000000e-01
5.087890625000000000e-01
1.018310546875000000e+00
-1.729492187500000000e+00
-3.098144531250000000e-01
-1.307861328125000000e+00
-6.611328125000000000e-01
-5.588378906250000000e-01
5.468750000000000000e-02
1.073242187500000000e+00
3.542480468750000000e-01
-7.448730468750000000e-01
7.153320312500000000e-02
-1.122314453125000000e+00
-2.684570312500000000e+00
1.772460937500000000e-01
7.495117187500000000e-02
-2.543945312500000000e-01
-2.219238281250000000e-01
-1.502929687500000000e+00
2.478027343750000000e-01
1.737548828125000000e+00
-8.459472656250000000e-01
8.696289062500000000e-01
4.714355468750000000e-01
1.464843750000000000e-02
-3.076171875000000000e-01
-2.702636718750000000e-01
6.713867187500000000e-02
5.751953125000000000e-01
-2.321777343750000000e-01
-1.389160156250000000e+00
-3.557128906250000000e-01
3.261718750000000000e-01
-1.586914062500000000e-01
3.200683593750000000e-01
1.831054687500000000e-01
1.774414062500000000e+00
-9.218750000000000000e-01
-9.777832031250000000e-01
6.079101562500000000e-02
-3.188476562500000000e-01
-2.044189453125000000e+00
-7.678222656250000000e-01
-2.998046875000000000e-01
2.182617187500000000e-01
6.970214843750000000e-01
-2.263183593750000000e-01
-9.047851562500000000e-01
6.860351562500000000e-02
-6.923828125000000000e-01
-9.553222656250000000e-01
7.297363281250000000e-01
-5.834960937500000000e-01
-6.582031250000000000e-01
5.600585937500000000e-01
-7.998046875000000000e-01
-2.504882812500000000e+00
4.731445312500000000e-01
-9.096679687500000000e-01
6.718750000000000000e-01
-1.145996093750000000e+00
1.160156250000000000e+00
2.016845703125000000e+00
-2.871093750000000000e-01
1.415527343750000000e+00
-5.053710937500000000e-02
-8.591308593750000000e-01
-2.451171875000000000e-01
6.857910156250000000e-01
1.220458984375000000e+00
9.965820312500000000e-01
9.060058593750000000e-01
6.970214843750000000e-01
-1.208496093750000000e-01
-3.823242187500000000e-01
-9.765625000000000000e-03
1.164306640625000000e+00
-1.464843750000000000e-01
2.679931640625000000e+00
-3.383789062500000000e-01
2.351318359375000000e+00
-9.638671875000000000e-01
-1.184082031250000000e-01
-1.196289062500000000e-01
1.707763671875000000e+00
1.992431640625000000e+00
2.166015625000000000e+00
4.497070312500000000e-01
-6.713867187500000000e-01
4.489746093750000000e-01
-4.768066406250000000e-01
-3.823242187500000000e-01
-2.127685546875000000e+00
-1.585449218750000000e+00
1.303955078125000000e+00
3.247070312500000000e-02
8.928222656250000000e-01
-1.875000000000000000e+00
-4.355468750000000000e-01
-1.401123046875000000e+00
7.099609375000000000e-01
-2.412109375000000000e-01
5.410156250000000000e-01
-5.026855468750000000e-01
3.886718750000000000e-01
-8.435058593750000000e-01
-7.814941406250000000e-01
1.467529296875000000e+00
1.136474609375000000e+00
9.013671875000000000e-01
-1.928710937500000000e-01
1.650390625000000000e-01
-5.227050781250000000e-01
-1.185546875000000000e+00
-7.702636718750000000e-01
-1.033935546875000000e+00
1.215820312500000000e+00
5.866699218750000000e-01
1.448730468750000000e+00
-5.737304687500000000e-01
-2.414550781250000000e-01
-4.130859375000000000e-01
1.229248046875000000e+00
-1.019287109375000000e+00
1.097656250000000000e+00
-5.637207031250000000e-01
1.553466796875000000e+00
-4.814453125000000000e-01
1.149902343750000000e-01
1.078125000000000000e+00
1.369873046875000000e+00
1.147460937500000000e-01
-1.311767578125000000e+00
-9.423828125000000000e-02
4.123535156250000000e-01
1.397460937500000000e+00
3.066406250000000000e-01
-3.823242187500000000e-01
-9.860839843750000000e-01
-9.680175781250000000e-01
-6.877441406250000000e-01
-2.116699218750000000e-01
-9.106445312500000000e-01
-4.284667968750000000e-01
-4.626464843750000000e-01
-1.140380859375000000e+00
1.855468750000000000e-01
-8.857421875000000000e-01
-1.403808593750000000e-01
-5.871582031250000000e-01
-1.811523437500000000e-01
-6.750488281250000000e-01
-6.223144531250000000e-01
-4.089355468750000000e-01
-4.340820312500000000e-01
-1.418457031250000000e+00
8.500976562500000000e-01
1.185302734375000000e+00
4.106445312500000000e-01
-8.173828125000000000e-01
9.323730468750000000e-01
1.565185546875000000e+00
1.355468750000000000e+00
2.136230468750000000e+00
-2.646484375000000000e-01
6.103515625000000000e-03
-7.543945312500000000e-02
-9.284667968750000000e-01
2.727050781250000000e-01
-7.768554687500000000e-01
-6.506347656250000000e-01
-6.459960937500000000e-01
2.032958984375000000e+00
-1.537597656250000000e+00
2.573242187500000000e-01
-1.875244140625000000e+00
1.203613281250000000e+00
1.707519531250000000e+00
1.658203125000000000e+00
-3.420898437500000000e+00
-3.156738281250000000e-01
-6.174316406250000000e-01
-1.264648437500000000e+00
-1.193115234375000000e+00
2.021484375000000000e-01
1.647216796875000000e+00
-1.015380859375000000e+00
-1.702148437500000000e+00
1.316162109375000000e+00
-3.649902343750000000e-01
4.663085937500000000e-02
3.291015625000000000e-01
-7.968750000000000000e-01
9.282226562500000000e-01
-5.786132812500000000e-01
1.640869140625000000e+00
-1.104736328125000000e+00
-3.564453125000000000e-01
-1.442382812500000000e+00
-1.723632812500000000e-01
1.975097656250000000e-01
-1.564941406250000000e-01
1.128173828125000000e+00
6.386718750000000000e-01
3.784179687500000000e-01
-1.359375000000000000e+00
-1.604736328125000000e+00
3.627929687500000000e-01
-9.299316406250000000e-01
6.699218750000000000e-01
1.490478515625000000e+00
-9.643554687500000000e-02
3.686523437500000000e-01
-1.726074218750000000e+00
-6.630859375000000000e-01
-3.081054687500000000e-01
-5.566406250000000000e-01
4.055175781250000000e-01
9.716796875000000000e-02
1.424316406250000000e+00
1.082031250000000000e+00
-1.049072265625000000e+00
1.085205078125000000e+00
-4.394531250000000000e-02
4.055175781250000000e-01
9.445800781250000000e-01
1.049804687500000000e-02
-2.092285156250000000e+00
-1.809082031250000000e-01
6.372070312500000000e-02
-8.278808593750000000e-01
2.607421875000000000e-01
1.977539062500000000e-02
-4.362792968750000000e-01
2.833984375000000000e+00
-1.125732421875000000e+00
-6.992187500000000000e-01
5.451660156250000000e-01
-7.895507812500000000e-01
9.323730468750000000e-01
-1.003417968750000000e+00
3.190917968750000000e-01
7.475585937500000000e-01
8.967285156250000000e-01
1.344238281250000000e+00
-2.551269531250000000e-01
1.656738281250000000e+00
5.808105468750000000e-01
-1.735351562500000000e+00
7.700195312500000000e-01
6.572265625000000000e-01
1.862792968750000000e-01
2.666015625000000000e-01
1.000976562500000000e-01
8.728027343750000000e-01
-3.215332031250000000e-01
3.044433593750000000e-01
-3.879394531250000000e-01
-8.537597656250000000e-01
7.065429687500000000e-01
-1.520507812500000000e+00
9.641113281250000000e-01
1.340332031250000000e-01
7.910156250000000000e-02
1.114990234375000000e+00
-1.068115234375000000e+00
-3.349609375000000000e-01
-1.062255859375000000e+00
1.438720703125000000e+00
-2.246826171875000000e+00
1.806640625000000000e-01
1.470214843750000000e+00
-1.604248046875000000e+00
7.343750000000000000e-01
2.480468750000000000e-01
-1.416503906250000000e+00
8.276367187500000000e-01
2.531738281250000000e-01
1.768066406250000000e+00
-2.543945312500000000e-01
1.213378906250000000e-01
1.301269531250000000e-01
-1.073242187500000000e+00
-2.156250000000000000e+00
-1.016113281250000000e+00
-4.602050781250000000e-01
-2.489013671875000000e+00
7.231445312500000000e-01
-2.563476562500000000e-01
8.364257812500000000e-01
2.641601562500000000e-01
1.476318359375000000e+00
2.421875000000000000e-01
7.946777343750000000e-01
-4.785156250000000000e-01
7.482910156250000000e-01
-6.125488281250000000e-01
-7.790527343750000000e-01
5.947265625000000000e-01
-9.008789062500000000e-02
1.201171875000000000e-01
2.478515625000000000e+00
-1.412353515625000000e+00
-4.511718750000000000e-01
-1.171875000000000000e-01
-3.322753906250000000e-01
-6.259765625000000000e-01
-3.867187500000000000e-01
6.613769531250000000e-01
4.399414062500000000e-01
-1.184082031250000000e+00
7.126464843750000000e-01
-1.681152343750000000e+00
2.167968750000000000e-01
2.136230468750000000e-01
1.009521484375000000e+00
1.272460937500000000e+00
1.513671875000000000e-02
-9.406738281250000000e-01
-4.997558593750000000e-01
-1.672851562500000000e+00
-1.815917968750000000e+00
-6.665039062500000000e-02
-1.067138671875000000e+00
8.247070312500000000e-01
2.178710937500000000e+00
-8.078613281250000000e-01
-1.017333984375000000e+00
-6.257324218750000000e-01
2.371582031250000000e+00
-1.223388671875000000e+00
-4.152832031250000000e-01
-4.792480468750000000e-01
-1.555175781250000000e-01
3.444824218750000000e-01
3.378906250000000000e-01
-5.788574218750000000e-01
1.148437500000000000e+00
-9.204101562500000000e-02
-1.417724609375000000e+00
1.250488281250000000e+00
4.523925781250000000e-01
2.170410156250000000e-01
-1.381835937500000000e-01
-2.375244140625000000e+00
-5.148925781250000000e-01
-1.401367187500000000e-01
-1.091796875000000000e+00
-6.752929687500000000e-01
-5.075683593750000000e-01
-2.971191406250000000e-01
5.380859375000000000e-01
7.934570312500000000e-01
-6.396484375000000000e-01
-1.235351562500000000e-01
7.324218750000000000e-03
-1.174316406250000000e+00
1.037597656250000000e-01
-1.662353515625000000e+00
-5.686035156250000000e-01
2.203857421875000000e+00
3.974609375000000000e-01
-8.837890625000000000e-02
-2.441406250000000000e-02
-1.938476562500000000e-01
1.629150390625000000e+00
-3.857421875000000000e-02
1.191162109375000000e+00
8.813476562500000000e-02
4.941406250000000000e-01
1.170166015625000000e+00
-2.372070312500000000e+00
1.360107421875000000e+00
-4.936523437500000000e-01
3.100585937500000000e-01
1.086425781250000000e+00
5.410156250000000000e-01
8.593750000000000000e-02
-3.581542968750000000e-01
7.138671875000000000e-01
3.378906250000000000e-01
-1.045410156250000000e+00
-1.970214843750000000e-01
9.765625000000000000e-03
6.103515625000000000e-01
-2.700195312500000000e-01
6.572265625000000000e-01
-4.187011718750000000e-01
3.320312500000000000e-02
3.337402343750000000e-01
1.250000000000000000e+00
-4.448242187500000000e-01
1.613769531250000000e-01
1.001464843750000000e+00
-2.570800781250000000e-01
7.067871093750000000e-01
-6.840820312500000000e-01
-9.775390625000000000e-01
1.291503906250000000e-01
-6.667480468750000000e-01
1.848144531250000000e-01
-1.685058593750000000e+00
-1.168701171875000000e+00
-2.702636718750000000e-01
1.418457031250000000e-01
-8.085937500000000000e-01
-1.147460937500000000e-02
2.661132812500000000e-01
5.559082031250000000e-01
1.648681640625000000e+00
-1.708496093750000000e+00
-2.746582031250000000e-01
1.193847656250000000e-01
8.435058593750000000e-01
-2.022949218750000000e+00
1.682128906250000000e-01
