1111100001101100
1101011100000101
1111100111100110
1111011101010001
0010011011111000
0000010110100001
0001001110111000
1111101111100111
0000100011011100
0000101100000001
1110101111011110
1111010000100100
0000100010001100
0000101011101101
0000010111010010
1111101101100010
1110101011101001
1111101010000001
1110111000000000
0000010000100010
1111011000100001
0000110101011110
0001100010100000
1110011011100100
1110000101001111
1110110100011010
0000000100010001
1111110000000101
0000111100111001
1111010010100111
1111111101111101
1111110000100101
1111011100000000
1110101010110101
0001110000011010
0010001101000111
1111011100110101
1101110001010101
1110110001000100
0000101111100101
0001011011001001
1110101100101100
0001010110011011
1111111110010111
1110100111100001
1111100000101000
1111100110100100
1111110001010110
1111110100000011
1111010010101000
0000111100000011
1111100101111011
1111001101110110
0000100011011101
0001010111110100
1110010011111101
0000111001000111
0010000011001101
1110011001111001
0000111000111010
0000110010000001
1111101100010101
1111101001011101
1111101010011111
1111010010101011
1111001001010100
0000001001000011
0010000110101001
0000010110011100
1111011110100000
1110001001101100
1111000101101101
1110110101100010
0000000001101111
1111110101101001
0001001010101110
1111110001110100
0010000110110101
1111100000011100
0001101000100000
0001100001110001
0000001001111011
0000001101010110
1111101001110101
0001010100100101
1110010010111110
1110110110100110
1110101100011010
0001011010011110
1110111101000010
0000010001011110
1111100101001001
1111101000101100
1111100110110010
0001010111000001
1111111110110111
0000110001111111
0001010010100100
1111110010101111
0000000100111100
0001000101111011
1111001011010000
0000010101111100
0000110011000010
1111100001101001
1111100110110111
1110001111101010
1111011000100100
1111101010100011
0000000011010011
1110000111001111
1110111010010111
1101110111110101
0001001001011011
1110011111110101
0001000001101001
1111110101111001
0000010011101010
0000011010010010
0001001111010100
1110110011110100
1110111110111011
1111000111001000
0000100000000000
0000001001110010
0000001010000001
0000111111001001
0000111000001010
0001100111100110
0001000111000101
0000011111001001
0001000011110110
0001010111010101
0000111110111000
1111100010100111
0000010011000011
1111100101010001
0001011011111110
1111110011111111
1111101110011110
0000000011110110
1110111101011110
0000011101100011
1110011000000000
1110111010111011
1111101011101010
0000001111000001
1101111100000001
1111011101111010
1111001011110110
0001011001010000
0000010111001000
0000000101001000
0000001011011000
0001100110111100
1111010100011110
1111001000110101
0001100000101100
1111110001000011
1110001100010010
1101010010100000
0000110100111010
1111101011010101
1111101100101110
1111101001010010
0000000011111001
0001111101110001
1100110110010111
1111111010001111
0001000011000100
0001000000101010
1111000111000000
1111011000111101
1110010110100001
0010111011101110
1111111111010001
1110010011010110
0000101001110100
1111001011111011
0000010101011010
1111011000010001
0000100000000011
0000010101011011
0001101100111000
1110101100001100
0010000011110111
1111111110101010
1110011001101101
1111101110110000
0000110000010011
1111111011000011
1111011110111011
1111111110010011
1111110001000100
0000001011110011
1111101100010100
1110110001000010
1111111010110010
0000010000100001
0000000111101000
0000110010101111
0000111011011110
1111101111000100
1111111110110001
0000110000111011
0000101011001111
0000001101010010
0000101101101100
1101111001011001
0001011011101101
0000010010101101
0000101000011100
1111110110111111
0000000001011101
0000101101000011
0001110010100011
0001101000100110
1110111101010011
0001110101001011
0000001100010100
1111100010111110
0000011101101010
1111001111011100
1111111100001010
1111001001010110
0000100010010110
0001000011000110
1111101101000111
1111101010000101
1111100110000111
0000011000011001
0000101000101110
1111101100111100
1111001110111111
1111010001100000
0001011100101001
0001010101111110
1111110111010100
0000001011110011
0000100000000111
1111101110010000
0000000010100001
1110111000111101
0000011110011010
1111100000010100
0000010101110011
0000011000111110
1111000100101010
1111001000011000
0011000100011010
1111000110101000
0000000110000010
1111000011011011
1111100010010100
0000011000100010
1111000010100100
0000101000010101
0000001000011100
0000110010101100
0000001110011000
0000001100000010
0000101101000110
1111010000000000
1111110101010010
1111110011000110
1111100010001111
0001100000101111
0000100100101100
0000100100010001
1111101101011111
1111011011100101
0000011110000011
0000010011110010
0001111011111101
0001010000011101
0000101001010001
1111001101110110
1111100011110100
1111000111010111
0000010101010001
1111000111011001
0000011101111000
1110110101100001
0000011111100100
0000011001010000
1111000000001001
1111011011011101
0000110010000011
0001001011010010
0000111101010100
0000011111001110
1101101010011000
1110101000011011
0000101101011010
1111100000010000
1111110111000101
0001001010110111
0000000011011110
0000101110010101
0001011001001110
0000010101110000
0010100010111111
1111011110101000
1110001110000010
0000101001110000
1111110110011010
1111111001100110
1111101000101000
0000101101000000
1110111011010111
1110110001110111
1101111110111000
1111101110011100
0000101110111101
0001010111010101
0001001001001110
0000001100110001
1110010101000001
1111011001000101
0000100010011010
0001001101111001
0000101111011100
1111010111000000
0000110111111011
0000000011111110
1111000110100011
0010001101111101
0010001101000001
0000100111000111
0001011001001110
1111111001101010
0000001100111111
0010011000100000
0000111111101110
1111011011100111
1111011010101001
0000000110001100
0000111000001000
1111001011010100
0000000010100100
1111111011001111
0000101100111100
1111000011101100
1111101100101010
0000001001100010
1111110101000111
0000010100110100
0000010000001101
0000101100110001
1111111101010100
0001100110000001
1110110111110101
0000000101000000
1101110101101010
1110010011010101
0000001001100001
1110110011111010
0000111100011010
1111010101011000
1111101110100110
1111111110010011
0001000010011101
0001111100101000
0000111101100111
0001010110110100
1110100010100001
0000100110000110
1111100100001110
0001101100000111
1111101010010111
1110101110001001
0000000111111101
1111111011111111
1111000110001010
0000010010001100
1101101100011111
0001000000001111
0001111001111101
0000000011000101
0001011000100101
1110111001110110
0000011111001010
1111011100000111
1110010100100011
0001011100010101
1110111011010011
1110011001101001
0010000100000110
0000000001001010
0001010111100110
0000010001111001
0000000101001101
1111101011011110
1111001101111010
1111010100100011
0001011101011000
0001101001110011
1111010101011001
0001010001100110
0000111111010001
0000010011000110
1101110111001001
0000001110111111
0001001100011100
1111001011010000
1110011011100010
0000001111111011
1110110110001100
0001011100010100
1111011011111010
1111111100110000
0001101100000001
1111100110101110
1111110011000110
1110101101111110
0000011111011110
1111010110001010
1111010010110110
0000101100010101
1110011010100000
1111011111111000
1110000000100100
1111001110101100
0000010110010011
0001010101101110
0000000001000110
1111111110101111
1110010110111100
0000110110011001
0000001100110111
1110111001010011
1110011010111000
0000111101000000
1111000001100100
0000111111011100
1110100101000111
0000000110000010
1111010011100100
0000111101000001
1110110010011111
0000010100011000
0000000110011001
0000001001110100
0000001101110001
0001001100010100
0000101101100001
1111111101000111
0001010110110110
1110111110000000
0010010001100000
0000001101000111
1110011101100000
1111111010111001
1110011100010101
1111011100110111
0000011110011001
1110011011010000
1111111100001100
0001110101101010
0000101011010101
0001001101111101
0000001010111011
0000001000110111
0000001001011001
0000101001001011
0000000000110000
1111101000001101
1111100111000001
0000100001011111
0000101001001011
1111011100110111
1111100110100010
1111000011001000
1111101001111000
0000011101111001
0000001010110110
0000011011111010
1111011110100011
1111111100001001
1111100111110010
0000011101110000
0001100110100111
1110110000110100
0000011111110100
0000001000101101
0000000110110110
0000011001001101
0000001100101111
1111110011010011
1110001110101000
1111001100010111
0000100010001010
1111110011001110
1111110110100001
0000001100010111
0000000110110111
0001011010110011
0001000010001010
1110100111011110
0000000101011010
0000011110111001
1110111010011100
0001100010000000
1111100001111100
1110111011001111
0000100101000010
0000000010101000
1110110000011001
1110011111110000
1110000101110100
0010000101110001
0000100111011010
1111110011001010
1111101001010100
1111110010100111
0001110000010101
0000101110000001
1111011011111100
0000010001111101
1111000100011110
0000001001100010
1111110111010101
0000101000111011
1111101110101110
0001000011101100
0000000110100000
0001000111110101
1101010000010011
0000110100000000
1110011011010000
0000101001000111
0000100111001010
0000000100100100
1111001100111100
0000000011011001
0000100010001001
1111100110001111
1110111100100011
1110111011000011
1111010011010110
0000000101000111
0000000100110011
1011110000001111
1110111000111001
1111100111001111
0000001110001101
1110000010111010
1111111001011110
1111110100110011
0000100010010001
1111100101110011
1111000001010001
1111110000001101
1110010110101001
0001001001011111
1111000110110011
0000111111111001
1111011100111100
1111111001000000
0000000011110110
0000000001111110
0001010001111111
1111101000000101
0000010100000011
1110110111011001
1110011011100001
0000111011111101
1110110011011001
1111111100101011
1111101101110111
0001000000011101
1111101100101001
0000110110101011
0000011011010110
0001011100000011
0001010101100110
1111011010011100
0000011010011110
0000110110000000
0000010101110100
0000100000101001
1111101001101000
0001100000101011
1111000000100100
0000111000110111
1111010100110100
0011010110110001
0000000101110101
1110110100010010
1111101101110000
0000000001010111
1111111111000111
0001011100100111
0000010001111000
1110111011100111
1111101010111101
1111111001010011
1111001100101010
1111100001001010
0000110110111000
1101011111011100
1111011001111100
1110111110100110
0000110010000100
1110101110101010
1110110101101111
0000110110100111
1110100101000100
1111110001011010
1111011111011111
0000000100101110
1110001001011100
1110110011110110
0000110100110100
1101101100100101
1111111101010000
1111010101001011
0001001000110001
1111010110011001
0000000110001101
1111000100111001
0001100111001000
1111000111100111
1111101011101010
1111010101011111
1111011100000011
0000110100011101
1111111110000001
1111000101000101
1110111100000011
0000001011111101
1111011111111100
1111001001110110
1110011010010001
0000110011010101
1111111000010110
0001001100110011
1111100111101100
1110110000011100
0001101001111100
1110111101011100
0000000000110101
1111101000111010
1111001100000001
1111100011011110
1111101001110111
1110001110111000
0000010100101100
0001010001110101
0000000000110100
1111000011000100
1111110010101010
0001001010000100
1110011011100001
1111100001110100
1111110011011100
1111010000011011
0000000110101110
0000100100011110
0001111110011110
0000001110111101
0000100010101110
0000110101011010
0000000010010011
0001011100010100
1101111100110010
0001010100001011
1111110000001000
1101111100010001
1111011000111110
1110010010010111
0000001010100110
0000001010010111
1111011000111010
0000110100110011
1111110000001000
1110111011010001
1111000001011011
0001111001010110
1111010111010110
0000110101100010
1111101010101100
0001000101101100
1110011010011010
1111110001001000
0010010101010000
0001001010110110
0000101000010100
0000001101000000
1111101101001001
0000000111100110
1101111111111101
0000101001100010
1111110110101010
0000110000110000
1111101010011100
1110110011100111
1110011010100011
1111001100000000
0000000001111000
1110001111101110
0000000100001010
1110100101111111
1101010111111110
0001110111111111
1111100100100010
1110101010001000
0000101000110001
0000000100000000
1110110101100001
0001101101101011
0001000000001001
1101010101011101
1110011010110011
1111101010001101
1110100110010111
0000101001011010
0000100001100010
1111011011000001
1111101110001001
1111111010011000
1110011100010111
0001000101010011
0000010010111100
1110000011100110
0001000111011101
0000010000010111
1110010011111101
1111111011101100
1111110010111100
0000011000001001
1101111101111010
0000111100000101
0000001110000010
0010000110100011
1101111011100101
1111000101001011
1110110100010111
1111010010011011
0001001100010101
0000011100100010
0000101111110101
0000000011000001
1111100110011111
1111011110010110
0000111011101111
1111011111110111
1111011101110111
1111001001101011
0000101101100010
1110100100110110
0000101011010101
0000011101100000
0000100000110110
0000100110110001
0001111000010100
0000100110110101
1111100111110010
1111011110100110
1111011110010100
0000010111111110
0001010010011100
0000110100010011
0000111010010111
0000100001111111
1111010100010000
1111001101000110
0000010010101001
0000110011010101
1111001010010000
0001110100011000
1111111100100110
0001110110100011
0000100010001001
1111011011100010
1111011000111110
0000000010001100
1111111110111110
0001011101001010
1110111101010000
0001000001101001
1110110000010101
0000010000000010
1111011100100011
