-3.149414062500000000e-01
-1.234130859375000000e+00
-1.131103515625000000e+00
-1.218017578125000000e+00
2.071044921875000000e+00
-1.689453125000000000e+00
1.032714843750000000e-01
1.377685546875000000e+00
5.371093750000000000e-03
8.935546875000000000e-02
-3.664550781250000000e-01
6.796875000000000000e-01
-3.972167968750000000e-01
-5.573730468750000000e-01
-6.508789062500000000e-01
-1.411132812500000000e-01
6.054687500000000000e-01
5.126953125000000000e-01
1.484619140625000000e+00
-1.253662109375000000e+00
1.301269531250000000e-01
6.437988281250000000e-01
1.213378906250000000e-01
2.717285156250000000e-01
-1.010253906250000000e+00
-1.028076171875000000e+00
2.365722656250000000e-01
5.136718750000000000e-01
-1.344482421875000000e+00
-7.392578125000000000e-01
-2.961425781250000000e-01
-5.148925781250000000e-01
4.377441406250000000e-01
-1.192138671875000000e+00
-9.943847656250000000e-01
5.761718750000000000e-01
-2.719726562500000000e-01
-9.907226562500000000e-01
1.767578125000000000e-01
-3.361816406250000000e-01
-8.945312500000000000e-01
-8.273925781250000000e-01
-5.327148437500000000e-01
1.417968750000000000e+00
8.569335937500000000e-02
-7.468261718750000000e-01
8.220214843750000000e-01
-1.818847656250000000e-01
2.651367187500000000e-01
-7.697753906250000000e-01
-1.403808593750000000e-01
-6.943359375000000000e-01
9.816894531250000000e-01
1.633300781250000000e-01
-2.285156250000000000e+00
7.966308593750000000e-01
1.378173828125000000e+00
4.758300781250000000e-01
-7.197265625000000000e-01
0.000000000000000000e+00
-1.132324218750000000e+00
-4.270019531250000000e-01
9.836425781250000000e-01
-6.628417968750000000e-01
3.149414062500000000e-02
9.284667968750000000e-01
4.582519531250000000e-01
-6.076660156250000000e-01
-4.946289062500000000e-01
-2.641601562500000000e-01
8.354492187500000000e-01
1.575683593750000000e+00
-1.141601562500000000e+00
-1.805175781250000000e+00
-2.062988281250000000e-01
-6.276855468750000000e-01
-7.299804687500000000e-02
7.612304687500000000e-01
-3.164062500000000000e-01
-1.474121093750000000e+00
2.134521484375000000e+00
8.666992187500000000e-02
1.052246093750000000e-01
2.592773437500000000e-01
-6.948242187500000000e-01
1.327392578125000000e+00
5.070800781250000000e-01
7.768554687500000000e-01
1.503417968750000000e+00
-3.840332031250000000e-01
1.972412109375000000e+00
-8.105468750000000000e-02
-2.036132812500000000e-01
-3.134765625000000000e-01
-1.843261718750000000e-01
-5.610351562500000000e-01
-3.491210937500000000e-02
7.272949218750000000e-01
-7.126464843750000000e-01
-2.119140625000000000e-01
-2.072753906250000000e-01
-7.836914062500000000e-02
8.056640625000000000e-03
4.909667968750000000e-01
1.216796875000000000e+00
-3.410644531250000000e-01
-6.022949218750000000e-01
3.176269531250000000e-01
-8.139648437500000000e-01
-1.001464843750000000e+00
4.272460937500000000e-01
-1.105957031250000000e+00
1.782958984375000000e+00
6.457519531250000000e-01
9.204101562500000000e-01
3.706054687500000000e-01
-1.347656250000000000e+00
1.863769531250000000e+00
2.661132812500000000e-01
-1.785156250000000000e+00
-1.673339843750000000e+00
-5.925292968750000000e-01
4.345703125000000000e-01
-3.952636718750000000e-01
6.140136718750000000e-01
-8.544921875000000000e-03
9.672851562500000000e-01
8.249511718750000000e-01
-1.062500000000000000e+00
1.382812500000000000e+00
1.093261718750000000e+00
9.277343750000000000e-03
7.553710937500000000e-01
-1.459960937500000000e-01
-1.250000000000000000e-01
7.363281250000000000e-01
-6.726074218750000000e-01
-5.375976562500000000e-01
-7.177734375000000000e-01
2.018798828125000000e+00
7.580566406250000000e-01
-6.823730468750000000e-01
1.584472656250000000e-01
-5.158691406250000000e-01
2.156982421875000000e+00
3.076171875000000000e-02
-5.126953125000000000e-02
-1.063964843750000000e+00
-4.614257812500000000e-01
-9.831542968750000000e-01
-4.172363281250000000e-01
-1.171142578125000000e+00
-5.493164062500000000e-01
7.133789062500000000e-01
-1.179199218750000000e+00
-1.423339843750000000e+00
-8.974609375000000000e-01
-6.496582031250000000e-01
2.294921875000000000e-01
7.468261718750000000e-01
4.956054687500000000e-02
3.969726562500000000e-01
-3.527832031250000000e-01
-2.287353515625000000e+00
9.472656250000000000e-02
2.124023437500000000e-01
1.712890625000000000e+00
9.855957031250000000e-01
1.921386718750000000e-01
-1.475585937500000000e+00
-1.483642578125000000e+00
1.046142578125000000e+00
1.512207031250000000e+00
1.420654296875000000e+00
1.349365234375000000e+00
3.576660156250000000e-01
6.064453125000000000e-01
1.489257812500000000e-02
5.195312500000000000e-01
-4.179687500000000000e-01
2.172851562500000000e-01
-2.358398437500000000e-01
1.555664062500000000e+00
-1.489990234375000000e+00
4.294433593750000000e-01
-5.615234375000000000e-03
-1.738281250000000000e-01
-1.237792968750000000e-01
-6.801757812500000000e-01
-6.445312500000000000e-02
-2.368164062500000000e-01
1.539306640625000000e+00
5.517578125000000000e-01
4.614257812500000000e-02
-2.118896484375000000e+00
4.123535156250000000e-01
-8.569335937500000000e-02
8.752441406250000000e-01
4.650878906250000000e-01
-4.150390625000000000e-01
1.854492187500000000e+00
4.609375000000000000e-01
8.364257812500000000e-01
3.310546875000000000e-01
-2.182617187500000000e-01
2.218017578125000000e+00
4.328613281250000000e-01
-1.210937500000000000e-01
1.282958984375000000e+00
8.879394531250000000e-01
1.669921875000000000e-01
-4.523925781250000000e-01
7.338867187500000000e-01
1.520263671875000000e+00
6.437988281250000000e-01
7.512207031250000000e-01
2.619628906250000000e-01
4.509277343750000000e-01
-1.193115234375000000e+00
-1.193847656250000000e+00
-3.625488281250000000e-01
4.086914062500000000e-01
-1.012207031250000000e+00
1.708496093750000000e+00
-2.238281250000000000e+00
1.450683593750000000e+00
2.331542968750000000e+00
2.680664062500000000e-01
2.381103515625000000e+00
1.419921875000000000e+00
7.822265625000000000e-01
8.569335937500000000e-02
-5.361328125000000000e-01
5.102539062500000000e-02
-1.242919921875000000e+00
-5.354003906250000000e-01
-1.513427734375000000e+00
-3.662109375000000000e-03
2.277099609375000000e+00
9.941406250000000000e-01
1.503906250000000000e-01
5.932617187500000000e-02
4.792480468750000000e-01
-5.061035156250000000e-01
-1.150146484375000000e+00
-7.006835937500000000e-02
6.315917968750000000e-01
-2.192871093750000000e+00
-3.039062500000000000e+00
8.249511718750000000e-01
3.417968750000000000e-01
6.174316406250000000e-01
-1.108642578125000000e+00
7.067871093750000000e-01
5.539550781250000000e-01
3.547363281250000000e-01
1.050048828125000000e+00
5.529785156250000000e-01
-1.206054687500000000e-01
1.961914062500000000e+00
-1.757812500000000000e-02
-4.353027343750000000e-01
1.073242187500000000e+00
-1.166503906250000000e+00
-2.849121093750000000e-01
4.692382812500000000e-01
-1.717041015625000000e+00
4.221191406250000000e-01
2.324707031250000000e+00
1.996582031250000000e+00
1.406250000000000000e+00
1.878906250000000000e+00
5.417480468750000000e-01
3.701171875000000000e-01
2.438964843750000000e-01
-1.069335937500000000e-01
-9.340820312500000000e-01
-8.371582031250000000e-01
-1.037353515625000000e+00
4.885253906250000000e-01
2.480957031250000000e+00
-1.508789062500000000e-01
-6.591796875000000000e-02
1.586914062500000000e-01
8.803710937500000000e-01
-1.970458984375000000e+00
-4.902343750000000000e-01
-8.039550781250000000e-01
-3.400878906250000000e-01
-1.157226562500000000e-01
-1.553466796875000000e+00
-1.184082031250000000e+00
-1.236328125000000000e+00
9.550781250000000000e-01
-7.167968750000000000e-01
2.206787109375000000e+00
1.647216796875000000e+00
2.419921875000000000e+00
-4.985351562500000000e-01
1.216308593750000000e+00
-3.662109375000000000e-01
1.751464843750000000e+00
1.240234375000000000e+00
-5.334472656250000000e-01
-2.282226562500000000e+00
5.522460937500000000e-01
5.026855468750000000e-01
-9.863281250000000000e-02
8.859863281250000000e-01
1.660400390625000000e+00
-9.770507812500000000e-01
-1.018798828125000000e+00
1.596679687500000000e-01
-1.088378906250000000e+00
-9.558105468750000000e-01
8.249511718750000000e-01
-4.101562500000000000e-01
-2.082519531250000000e-01
-5.385742187500000000e-01
-1.120849609375000000e+00
-1.342773437500000000e-01
4.375000000000000000e-01
1.599121093750000000e-01
4.826660156250000000e-01
1.476318359375000000e+00
1.915039062500000000e+00
5.639648437500000000e-01
7.531738281250000000e-01
5.515136718750000000e-01
-1.447021484375000000e+00
4.631347656250000000e-01
-1.160400390625000000e+00
7.775878906250000000e-01
7.202148437500000000e-01
-5.839843750000000000e-01
1.532470703125000000e+00
5.852050781250000000e-01
3.859863281250000000e-01
7.663574218750000000e-01
4.248046875000000000e-02
-5.395507812500000000e-01
1.416015625000000000e-01
6.086425781250000000e-01
1.127929687500000000e-01
1.133789062500000000e+00
7.802734375000000000e-01
8.308105468750000000e-01
1.639892578125000000e+00
2.290039062500000000e-01
2.076904296875000000e+00
9.885253906250000000e-01
2.193115234375000000e+00
4.982910156250000000e-01
1.760498046875000000e+00
2.215332031250000000e+00
1.499267578125000000e+00
9.916992187500000000e-01
-8.471679687500000000e-01
-1.621093750000000000e-01
-1.099853515625000000e+00
-8.488769531250000000e-01
-4.387207031250000000e-01
-1.684814453125000000e+00
-8.576660156250000000e-01
1.345947265625000000e+00
-6.967773437500000000e-01
-2.404785156250000000e+00
-5.395507812500000000e-02
6.840820312500000000e-01
2.077636718750000000e-01
-3.100585937500000000e-02
-1.026611328125000000e+00
1.545410156250000000e-01
7.219238281250000000e-01
1.220703125000000000e-03
6.455078125000000000e-01
-1.127685546875000000e+00
-8.520507812500000000e-01
-3.186035156250000000e-01
1.382568359375000000e+00
1.423339843750000000e-01
2.047851562500000000e+00
2.340820312500000000e+00
-1.804199218750000000e-01
5.488281250000000000e-01
-1.789550781250000000e-01
-2.639160156250000000e-01
-1.086914062500000000e+00
-9.252929687500000000e-01
6.826171875000000000e-01
-3.261718750000000000e-01
4.165039062500000000e-01
-3.393554687500000000e-02
-1.256835937500000000e+00
6.323242187500000000e-02
5.554199218750000000e-01
2.333251953125000000e+00
1.431884765625000000e+00
-8.276367187500000000e-02
3.027343750000000000e-02
-1.039794921875000000e+00
-8.913574218750000000e-01
-7.988281250000000000e-01
-1.132080078125000000e+00
-8.315429687500000000e-01
-6.784667968750000000e-01
-2.389160156250000000e+00
1.364746093750000000e+00
-1.735351562500000000e+00
-3.627929687500000000e-01
3.195312500000000000e+00
1.334472656250000000e+00
5.224609375000000000e-01
1.572021484375000000e+00
-3.422851562500000000e-01
6.274414062500000000e-01
-9.685058593750000000e-01
6.738281250000000000e-01
1.395019531250000000e+00
-1.985839843750000000e+00
1.185302734375000000e+00
-1.035644531250000000e+00
-1.330566406250000000e+00
-1.106689453125000000e+00
6.616210937500000000e-01
-1.289062500000000000e-01
5.126953125000000000e-02
7.478027343750000000e-01
-1.096435546875000000e+00
-6.091308593750000000e-01
7.248535156250000000e-01
-3.247070312500000000e-02
-1.086425781250000000e-01
-8.916015625000000000e-01
-1.777587890625000000e+00
6.567382812500000000e-01
6.833496093750000000e-01
8.906250000000000000e-01
-5.314941406250000000e-01
1.689208984375000000e+00
9.526367187500000000e-01
5.031738281250000000e-01
-5.029296875000000000e-01
-2.023925781250000000e-01
-1.316162109375000000e+00
-5.278320312500000000e-01
1.204101562500000000e+00
-2.449707031250000000e+00
-6.523437500000000000e-01
3.024902343750000000e-01
1.501464843750000000e+00
-1.926269531250000000e-01
1.497558593750000000e+00
-1.099609375000000000e+00
8.212890625000000000e-01
-4.541015625000000000e-02
6.992187500000000000e-01
-1.408935546875000000e+00
-5.998535156250000000e-01
-1.281250000000000000e+00
1.370117187500000000e+00
-4.038085937500000000e-01
-9.711914062500000000e-01
-2.963867187500000000e-01
4.895019531250000000e-01
1.882080078125000000e+00
1.711425781250000000e+00
4.709472656250000000e-01
1.279052734375000000e+00
1.350097656250000000e-01
9.316406250000000000e-01
7.421875000000000000e-02
-2.172851562500000000e-02
-7.438964843750000000e-01
-7.917480468750000000e-01
-3.352050781250000000e-01
-1.032714843750000000e+00
-7.978515625000000000e-01
-9.929199218750000000e-01
1.775634765625000000e+00
1.801757812500000000e-01
1.087890625000000000e+00
-8.520507812500000000e-01
9.545898437500000000e-02
-6.669921875000000000e-01
-1.365722656250000000e+00
-9.719238281250000000e-01
-1.257080078125000000e+00
-1.651367187500000000e+00
8.325195312500000000e-01
-8.005371093750000000e-01
1.221191406250000000e+00
1.672363281250000000e-01
2.019042968750000000e-01
-4.199218750000000000e-02
8.676757812500000000e-01
-3.020019531250000000e-01
-1.498046875000000000e+00
8.056640625000000000e-01
-2.707519531250000000e+00
-1.253662109375000000e+00
6.628417968750000000e-01
2.297363281250000000e-01
5.402832031250000000e-01
-1.032470703125000000e+00
2.231445312500000000e-01
2.622070312500000000e-01
9.780273437500000000e-01
1.107177734375000000e+00
2.041015625000000000e-01
-1.073486328125000000e+00
-9.360351562500000000e-01
-1.813964843750000000e-01
-7.084960937500000000e-01
-2.027587890625000000e+00
-1.985595703125000000e+00
-1.509033203125000000e+00
-1.358642578125000000e+00
-2.739257812500000000e-01
-1.045166015625000000e+00
-3.171386718750000000e-01
-7.324218750000000000e-03
1.970214843750000000e-01
-1.687011718750000000e-01
-7.956542968750000000e-01
3.361816406250000000e-01
-4.138183593750000000e-01
-1.210693359375000000e+00
-1.027587890625000000e+00
-2.204589843750000000e-01
2.181640625000000000e+00
1.499023437500000000e+00
-1.620117187500000000e+00
2.607177734375000000e+00
-7.553710937500000000e-01
-1.325683593750000000e-01
9.694824218750000000e-01
-5.261230468750000000e-01
-9.147949218750000000e-01
-7.714843750000000000e-01
-4.448242187500000000e-01
-2.678466796875000000e+00
-1.681640625000000000e+00
-2.180664062500000000e+00
1.557617187500000000e-01
5.888671875000000000e-01
-1.348876953125000000e+00
-6.184082031250000000e-01
4.489746093750000000e-01
-2.785644531250000000e-01
-3.525390625000000000e-01
-5.871582031250000000e-01
-8.217773437500000000e-01
-7.126464843750000000e-01
-2.492675781250000000e-01
-7.612304687500000000e-01
-2.613525390625000000e+00
-1.887207031250000000e-01
-1.290283203125000000e+00
1.261962890625000000e+00
5.898437500000000000e-01
-7.880859375000000000e-01
4.497070312500000000e-01
-4.628906250000000000e-01
2.337158203125000000e+00
-1.030761718750000000e+00
6.386718750000000000e-01
-3.945312500000000000e-01
-1.070800781250000000e+00
-2.072998046875000000e+00
2.167968750000000000e-01
-8.530273437500000000e-01
-7.351074218750000000e-01
-1.406738281250000000e+00
2.004394531250000000e-01
-3.500976562500000000e-01
-1.273437500000000000e+00
6.376953125000000000e-01
5.290527343750000000e-01
-2.661132812500000000e-01
-2.653808593750000000e-01
-1.244873046875000000e+00
-1.708496093750000000e+00
-1.575927734375000000e+00
-2.233642578125000000e+00
-8.935546875000000000e-02
5.419921875000000000e-01
-5.561523437500000000e-01
-2.110107421875000000e+00
-3.574218750000000000e-01
-1.891845703125000000e+00
-3.840332031250000000e-01
-3.317871093750000000e-01
7.678222656250000000e-01
-1.994628906250000000e+00
3.364257812500000000e-01
4.882812500000000000e-01
4.863281250000000000e-01
-1.186279296875000000e+00
-1.190429687500000000e+00
-2.292480468750000000e-01
-8.605957031250000000e-01
-6.159667968750000000e-01
-1.064941406250000000e+00
-3.254394531250000000e-01
-2.073242187500000000e+00
1.903564453125000000e+00
-7.478027343750000000e-01
-6.728515625000000000e-01
-8.679199218750000000e-01
-3.479003906250000000e-01
-2.095947265625000000e+00
-1.416015625000000000e-01
3.723144531250000000e-01
-1.331054687500000000e+00
7.766113281250000000e-01
1.747314453125000000e+00
-6.384277343750000000e-01
1.321044921875000000e+00
1.806640625000000000e-01
-3.852539062500000000e-01
2.170410156250000000e+00
-4.250488281250000000e-01
-1.105224609375000000e+00
-4.934082031250000000e-01
-4.270019531250000000e-01
-1.382568359375000000e+00
-2.746582031250000000e-01
3.029785156250000000e-01
3.032226562500000000e-01
-2.929687500000000000e-02
2.292480468750000000e-01
-1.110351562500000000e+00
1.757812500000000000e-02
-1.152343750000000000e+00
-4.792480468750000000e-01
-2.375488281250000000e-01
9.052734375000000000e-01
-9.106445312500000000e-02
5.793457031250000000e-01
-8.071289062500000000e-01
-2.637451171875000000e+00
3.464355468750000000e-01
2.360839843750000000e-01
-4.775390625000000000e-01
-1.066894531250000000e-01
5.112304687500000000e-01
2.692871093750000000e-01
7.858886718750000000e-01
3.134765625000000000e-01
-1.628417968750000000e-01
1.057128906250000000e+00
-1.893554687500000000e+00
1.320312500000000000e+00
6.083984375000000000e-01
1.635742187500000000e-02
-9.313964843750000000e-01
-7.802734375000000000e-01
-4.567871093750000000e-01
-2.670898437500000000e-01
-7.385253906250000000e-01
-2.181884765625000000e+00
-5.410156250000000000e-01
8.837890625000000000e-02
1.213623046875000000e+00
-2.259765625000000000e+00
-7.224121093750000000e-01
1.323242187500000000e+00
-6.499023437500000000e-01
-1.819580078125000000e+00
-6.743164062500000000e-01
2.704589843750000000e+00
-5.766601562500000000e-01
-1.584472656250000000e-01
1.088867187500000000e+00
-9.277343750000000000e-02
-2.216796875000000000e-01
1.870117187500000000e+00
-2.229003906250000000e-01
1.311523437500000000e+00
1.542968750000000000e-01
1.140380859375000000e+00
6.518554687500000000e-01
7.143554687500000000e-01
5.583496093750000000e-01
2.956542968750000000e-01
1.137451171875000000e+00
8.356933593750000000e-01
1.298339843750000000e+00
8.647460937500000000e-01
1.407470703125000000e+00
-1.687988281250000000e+00
6.831054687500000000e-01
-1.429931640625000000e+00
1.122802734375000000e+00
1.321044921875000000e+00
2.705078125000000000e-01
3.222656250000000000e-01
2.565917968750000000e-01
-1.950683593750000000e-01
-1.183837890625000000e+00
-5.688476562500000000e-01
-4.230957031250000000e-01
-1.322021484375000000e+00
3.398437500000000000e-01
1.782470703125000000e+00
1.305175781250000000e+00
2.815673828125000000e+00
4.528808593750000000e-01
-4.558105468750000000e-01
3.767089843750000000e-01
1.413818359375000000e+00
4.980468750000000000e-01
1.855224609375000000e+00
-4.172363281250000000e-01
1.078369140625000000e+00
4.978027343750000000e-01
1.005859375000000000e+00
2.504882812500000000e+00
7.873535156250000000e-01
1.169921875000000000e+00
1.175537109375000000e+00
1.516113281250000000e-01
1.335205078125000000e+00
-1.865234375000000000e-01
-4.133300781250000000e-01
1.719482421875000000e+00
-6.623535156250000000e-01
2.482910156250000000e-01
-4.733886718750000000e-01
-6.716308593750000000e-01
9.426269531250000000e-01
8.281250000000000000e-01
-5.163574218750000000e-01
1.440429687500000000e-01
1.472656250000000000e+00
1.575927734375000000e+00
1.284667968750000000e+00
-1.411132812500000000e-01
2.141113281250000000e-01
5.939941406250000000e-01
3.664550781250000000e-01
-1.259765625000000000e+00
2.476806640625000000e+00
1.436035156250000000e+00
1.820800781250000000e+00
-3.195800781250000000e-01
2.419433593750000000e-01
-1.649902343750000000e+00
6.423339843750000000e-01
-9.863281250000000000e-02
5.859375000000000000e-03
1.263427734375000000e+00
-1.060302734375000000e+00
1.684570312500000000e+00
8.496093750000000000e-01
-1.114257812500000000e+00
4.802246093750000000e-01
-1.296630859375000000e+00
-4.421386718750000000e-01
-2.646484375000000000e-01
4.152832031250000000e-01
-5.119628906250000000e-01
1.112060546875000000e+00
9.223632812500000000e-01
-3.261718750000000000e-01
5.927734375000000000e-01
1.982910156250000000e+00
-1.433349609375000000e+00
-2.407226562500000000e-01
3.750000000000000000e-01
-1.234863281250000000e+00
1.490478515625000000e+00
1.982421875000000000e-01
-9.433593750000000000e-01
6.972656250000000000e-01
3.642578125000000000e-01
1.488281250000000000e+00
1.777343750000000000e-01
-1.154785156250000000e-01
1.320312500000000000e+00
5.366210937500000000e-01
1.442871093750000000e-01
1.220703125000000000e-03
