-7.644042968750000000e-01
-1.498046875000000000e+00
-3.235839843750000000e+00
-3.124023437500000000e+00
8.737792968750000000e-01
-1.476806640625000000e+00
2.597656250000000000e+00
-3.090820312500000000e-01
-3.813476562500000000e+00
6.413574218750000000e-01
1.256591796875000000e+00
1.403076171875000000e+00
6.847167968750000000e+00
2.661132812500000000e-01
-1.119628906250000000e+00
-2.462402343750000000e+00
2.090576171875000000e+00
-1.990966796875000000e+00
-2.473876953125000000e+00
2.602783203125000000e+00
1.933593750000000000e+00
-1.042236328125000000e+00
2.194824218750000000e+00
1.912109375000000000e+00
-1.727050781250000000e+00
2.593505859375000000e+00
-2.762695312500000000e+00
3.881835937500000000e-01
-3.662109375000000000e-02
5.976562500000000000e-01
