1111100001101110
1111011000010011
1111101100001011
1110101101111010
0001000110000100
1111010000110000
1111101100001101
0001101011100011
0000001111001111
0000011101111010
0000011011110111
0001010101101110
1111011111010101
1110011110110101
0001011111001110
0000001111111100
1101100110101001
0000001001111011
1111000111000100
1111111001101101
0000001001111111
0010011110111010
0000111001011001
1111101101011110
0000000111011100
1111010010111110
1111000111001110
1110110011010101
0010010000110010
0000011011001001
0000001101001000
1111111010110101
1111111010110011
1111111001011101
0001001001101110
1111101111100110
1111110100001011
0000001110110101
0001000111011010
1111000010001110
1111001101101100
1111111011000011
1111111011111001
0000011010011000
1111000010001100
0001101010001101
1111110001110000
1111100010100000
1110011010001100
1110101000100000
1111001010010000
1111001101110100
1111010110101111
1111100100110001
1111001011110100
1111110001001010
1111011101101101
0000011111110111
1111110101100100
0000100010111111
1111100101010000
0000010011110010
1111100110110000
1110011101011000
0001010010001001
0000001011011000
0001001010110110
1111001101110111
0000001101110001
0000011101001111
1110110101000001
0000011100111001
0001000000000101
1111110000110001
1111110100000100
0001011001000110
1110000001111000
0000100101110010
1111111011111010
0001101010111111
0000101101010101
0001000001011100
1111010100011101
0000010010111101
1111101010100100
1110011011011100
0000001110001100
0000001000111110
1110100101001111
1111011101100101
1111011101000101
0000101101011110
0001011001010111
0000100101100010
1111001110101000
1111111001000001
1111011110101101
0000100100001110
0000001011101010
1110011110100110
0000011100101000
0010101101100011
1111111001101011
0001100001000100
1110110100011110
0001010011000010
0000011000001010
1111110101010000
0000110100111111
0000100100001010
0001001011100001
1110010110001111
0001011101001000
0000101100001011
0000010111111001
1111110101001000
0001101011000000
1110101100101111
0001111110010000
1111110111100100
0000110110010011
0000101111101010
1111111000001111
0000000010110011
0000101100110101
0000000101110010
1111011010110001
1110100100111111
1101111001000000
1110111010101001
0001000000110101
1101011101100101
1111000100111110
1110111101000111
1110110101101110
1110010000100010
0000101111010001
1111001000100111
1111101000000111
0000000010010100
0000111110111100
0000110001011000
1111100100111010
1111010110011111
0000000001110100
0000100000110011
0001011111011001
1101111111011000
0001000100111100
0000001000011111
0000010111001010
1111001001101000
0010011010110101
0000000111010001
0000111101101010
0000000100100111
0001101011110001
1111111100110010
0000110110101111
1111111010000110
0000100101001100
1111101111100101
1111001110110101
0001111001110001
0000001000110110
1111101001101011
1101101000010101
0000000100001101
0001010100001110
0000101010110111
1111010101111101
1111001101011110
1111101110001101
0000010110000000
1110011100110010
0000011011000111
1111110001010000
1111100101011111
0000010001100101
1111101101101001
1110101111000101
1111110101101101
1111101110000100
0000101011000111
0001100001010001
0000000010001101
0000110011001110
1111100001111101
1111000010010100
1111000000111110
1110101100000110
1111100100000111
1111000110100000
1111110000100001
1111110011110010
1111011011100010
0000011000101000
1111000101100111
1111111001100011
0000001001000110
0000001101011111
1110011001001000
0000011001101101
0001000101111000
0001010100000000
1110011011111110
0010010011100011
0000110000010010
1110101011100011
0000100000100100
1111111110010101
0001001010000001
0000010011100011
0001010110101110
1111110001111001
0000011110010111
0001010011011011
1110100110101010
1111000101011111
0000000001001010
1111111000101110
1110011100011110
0000000000000111
1111011010001011
0000110100010000
0001101011110011
1110101010011000
1110111010101100
0000110111100100
0001110111011011
1110111101111110
1111110011111010
0000101010010100
0010001000100001
1111101100100010
1111101110111111
0000101100010001
1111001110100010
0001011000001100
1101111010000111
1111001110000100
0001001110010111
0001011100101001
1111000110100000
1101111011111110
1111100000010010
1111111000100101
1111110101101000
0001010101111011
1110011011111111
1101111000001101
0000001001010000
0001111000001001
1111101011011000
0001100100000110
0000100000101001
0000011000100101
1111110010111101
0010001100111100
0001111000111110
1111111100111011
1111101011110001
1111001101101000
0000011100001100
0000010000010110
0000110010010000
0000110101111001
0001000000010011
1111101001101110
1110110010001000
0000000001101110
1111011110010011
0000010100100111
1111110001010100
1110000111000110
0000111111000010
0001110010011010
1111111001010010
0001000111100001
1111110110010101
0000011101110111
0000000000110101
1111111001110010
0000010111000010
0000011010101110
0001001111011110
0000000101011110
0001011011001000
1111110010110011
0001000100010000
0000110011100011
1111111100110101
1111111111010111
1110101010011000
1111111100011100
1110010010100111
0000000101011011
0000110001011010
1111000010000111
0001010011000011
0001010110110001
0001100010011000
0010000000110100
1111011011111111
1111111100101101
1111101101001101
1110110111010110
0000010011101010
1110111110010111
0000101110100100
0000000111111101
0000011111001111
1110111010101101
1111000001111010
0000110101100001
0000111110011000
1101111000011100
0001001111100001
1110111000110010
0000000101000001
1111010110100111
0000100101100110
1111011110101100
0000011000010100
1111110101111110
0000111000101100
0000011101000100
1111101011001000
0000110000101001
1111110101010110
0000001000101010
1110001010011111
0000000110010001
1111000100111001
1110110110011000
1111110110110101
1111111000001010
0000110111100011
0000000010000111
1110110001011110
1111000001001101
0000111001100001
1111011000101001
0000011000111011
1110001010100010
1111010111111110
1111001000000010
0010101111011110
1110100000000110
0000111100001111
0001100011001110
0000001001010000
1111100110101110
1111001010011000
0000001001110010
0000100101111111
1111111010111100
0000110010011010
0001011111111111
1110111101110111
1111100100000010
0000011100000110
0000000001100000
0001101011110000
0000001001111010
1110011100001110
0000011010001110
1111010100001000
1111010011101011
0000010011110001
1111101101001010
0000010111101001
0000110111110101
0001011101101111
1111110111101111
1111101000011011
1111010010011111
0001011111111101
1111011101011111
1110111101000010
1111110000011111
1111000100000001
0000011010001001
0000011010000001
0001001110100011
1111111101001110
1111110110001100
1111010101001001
0000000011000111
1111001000010101
1110001110100001
1110111000011001
0000101100010111
0000111111111100
0000100111011010
1111111100001011
0000100111000101
0001110110110011
0000001111011110
0001010011000100
1111101010100000
1110111000110010
0000000001100001
0000110110001100
0001000100101101
0001000011001011
0000010110000011
1111111111111111
0000001101111110
1110110111101110
1110110100100010
0001000010000011
0000100110111100
1110100011111010
0001111100001000
0010000010000001
1111110010010100
0000101001110101
1111110010010100
0000001000001011
1101111111111101
0010111011000010
1111110011010100
0010100001110001
0000101111111110
0000111011100000
1110001101000001
1110101011101011
0000000001101001
0000000101000010
0001000010000001
0000000001010101
1111010011101011
0000000101101101
1111100010011001
1111011101011100
1111110101011110
0000000000111111
1110111101100110
1111000011100000
1111101100111101
1111000000001100
1111000110010000
1111101100000011
0000010111011100
0000101010110001
0010001010101011
0001101000101110
1110111001011010
0000101010010000
0001000001000101
0010010100000001
1110000010111000
0000100001000101
0001000000101101
0000101010111000
0000110011000010
1111001000100000
0000101011000000
1111001000000101
1110100111110000
1111001100100101
0000111111111110
1111011001010110
1111111000011011
1111001010000000
1110111100110111
1111010011110000
0000000001000100
0001000011011110
0000101110100110
1111100010001010
1111110111111001
1110010100111011
0000111111111110
1110111110100010
1110101000011010
1101100111101000
0001101100001001
0000011011110111
1111111001010010
0000010011000011
0001010000101101
1110011001100110
0000010001111001
0001001010010111
0000001101101110
1110000111110001
0000010111100011
1111001101001100
1111110101110001
0000010011010111
0001001011000011
0000100110011101
1111001100101111
0001001110010101
1111101101010100
0001000010011110
0001001110101110
0000111001101110
0001010010100100
0000001100001000
0001001101101001
0000001100101110
0000011011110000
0000000001001011
0000111101100100
1111110110001101
1111101011010110
1111110011101010
1111100100001010
1111000010010110
1110010100101010
0001101110010111
1111100110101001
1111101010111010
0001010100101000
0000011100110000
1111101010001000
1111111101101001
1111000010111001
0000010001010000
1111001000010001
0001000011100011
0000100000111011
1111110010000100
0000000000011001
1101111011111111
1111000111011001
1111010100100110
0000011111111110
1111000001101010
1111100100000111
0000001001111100
0000010100100110
0000010000001101
0001010011000111
1111011000110000
1110111010100101
0001100011000001
0001001111011010
1111000010001011
1111100000000110
0000001110111010
0000000101000011
0001110001011110
1111110010110101
0000100000110010
1111101101111011
1110100011011100
1111101010100001
0000010101010010
0001000100001011
1111111110101101
1110011010110111
1111110000111111
1110111110010100
1111111100010011
0000011101110010
1110100111000010
0000101011100110
1110111011001100
1111100010000101
0000101000100100
1110110111010110
0001110111111011
0001000001111011
0001010011110100
1111100111001110
1111000010111101
0000010110111010
1110000111110111
0001000100001000
0000010101111000
0000000101111001
1111001000111000
1111001100100100
1111000110100111
0000010000111100
1111000100100011
0000110010110111
1110100100000110
1110111110001101
1111101011101010
0001100110110001
0000100001100111
1111111000010101
1111110010100101
1111000011110001
1111100001100011
1111111110100101
1111111100110000
1111101001010001
1111111001111011
1111011100100000
0001001010101111
0000110000010111
0000101111010001
0001000011000011
1111111011000111
0010100001110111
1111010101111010
0000100111111001
1110111110010011
0000101011000100
1110110101001010
0000000100000010
0010101110010001
1111000000100010
1111111100101010
0000110001111010
0001010110111000
1111001010111000
1111000111001010
1111110001001111
0000001001101101
1111110000100001
1110010010011011
0000001110100000
0000111110100001
1111101000000001
1111111011111100
0000010010110101
0000001000110010
1111011011011100
1111110011001010
0000110001101001
0000001011001010
0000011111011000
0001010011000111
1110011101000011
1111110010011111
1111110011111110
1111111110110010
1111010001110100
1111111110000101
0000001111100001
0000001001011001
0000011011001101
1110111011110010
1110010110100101
1111010110111000
1111000111010001
0001101100001100
0000101010101101
0001010110000101
1110100110011010
1111101111111110
1111010001100010
0000101101111001
0001011010110100
1111110000111100
1110101001011010
0000010111001101
1111110011000011
1110110011000010
0000010011011000
1110010011001110
1111100001101101
1110011010111010
1111001100110110
0001100101110011
1110011110011011
1110101111001101
0001000011001000
1111000001110100
1110001111010111
0000010001100110
0001000111100010
0001100000011101
0000110010000001
0001111110110010
0000101000001000
0000111001100110
1110101001010100
1111100110100100
0000000111010101
1110010100100100
1111000000111001
0000110001101001
1101001100010001
1111111000011001
1110101100101000
0000001100000110
0000110101110110
1111110001010010
1111011101111011
1110100001100010
0000100110001110
0001001010101100
1110101111110110
0000100100001001
1111111111110111
1101111000100011
0001000010011111
1110110100100111
0010010110011110
1110111111010101
0000101101100010
1111111111011110
1111100110011011
0000010100111110
1111001101100111
0000001010111101
1111110110011001
1111100001011011
1111101100110111
0001110001100010
1110010101001001
0001110000000011
1111111110111100
1111111101001011
0000111101101111
1111001011011001
0001001001111110
1110101011010010
1111111001000111
1111110100010100
1101111100001101
0000100010001100
0001111111000000
1111111010111001
0001011001101101
1110010110010100
0001110000100011
1111111101000001
1111011100110101
1110111100111010
0001010001110001
0001001101000110
1111110100010011
0000001011100000
0000100011001000
0000110011100110
1110101010000100
1111100010000100
1111001110000001
1110110010010001
1110101111101111
1111100100110001
1110101110110110
0000000000001111
1111101000100110
1110011001110100
0001000010100110
0000100001111111
1111011010110001
1111000000011000
0001100011101111
0000011010100100
0000100110000110
0000100010110010
0000010010101010
1111111111110010
0000011101011010
0000001000010010
1110110011100000
1111001110010110
1111011001010010
1111100111110100
0000110110011000
0000110110101000
0001010111000101
0000001101101111
0001010111011101
0000001010100110
1110101010111001
1111100110100011
1110001001010000
1111101001101100
0000011001011111
0000010101000110
1110101010100111
0000000101011001
1110000111110111
1110110011110001
0000001011000111
1111010111011101
1111110010010110
1111110111100110
0000100001011111
0000110110111001
1111000001110101
1111000011111100
