5.493164062500000000e-01
1.245117187500000000e-02
1.981933593750000000e+00
-1.744873046875000000e+00
-7.968750000000000000e-01
-9.477539062500000000e-01
6.738281250000000000e-02
2.089111328125000000e+00
-1.087646484375000000e+00
-1.847167968750000000e+00
-5.112304687500000000e-01
1.310302734375000000e+00
-3.588867187500000000e-01
1.239257812500000000e+00
7.871093750000000000e-01
1.628662109375000000e+00
3.784179687500000000e-02
-1.103759765625000000e+00
1.114013671875000000e+00
-6.391601562500000000e-01
-3.288574218750000000e-01
-3.657226562500000000e-01
-7.954101562500000000e-01
-8.649902343750000000e-01
3.071777343750000000e+00
1.726074218750000000e-01
-1.809326171875000000e+00
-5.900878906250000000e-01
1.188964843750000000e-01
-4.316406250000000000e-01
3.339843750000000000e-01
4.328613281250000000e-01
-1.986083984375000000e+00
9.370117187500000000e-01
-7.773437500000000000e-01
-2.673339843750000000e-01
7.409667968750000000e-01
-6.831054687500000000e-01
8.981933593750000000e-01
-3.115234375000000000e-01
-2.123779296875000000e+00
7.714843750000000000e-02
1.154052734375000000e+00
7.746582031250000000e-01
-2.929687500000000000e-01
1.258544921875000000e+00
1.568359375000000000e+00
3.955078125000000000e-02
-1.791992187500000000e-01
-4.956054687500000000e-02
-2.155761718750000000e-01
-1.817382812500000000e+00
-5.200195312500000000e-02
-1.098388671875000000e+00
-1.338867187500000000e+00
-1.630859375000000000e-01
-7.011718750000000000e-01
1.983642578125000000e+00
-1.770507812500000000e+00
-3.227539062500000000e-01
1.638427734375000000e+00
1.869628906250000000e+00
-8.835449218750000000e-01
-8.044433593750000000e-01
-5.642089843750000000e-01
-1.406982421875000000e+00
1.313476562500000000e-01
1.365722656250000000e+00
1.961181640625000000e+00
-3.464355468750000000e-01
1.203857421875000000e+00
6.445312500000000000e-01
9.531250000000000000e-01
2.144042968750000000e+00
4.995117187500000000e-01
5.046386718750000000e-01
7.382812500000000000e-01
-7.302246093750000000e-01
1.650390625000000000e-01
1.144042968750000000e+00
-3.161621093750000000e-01
-5.185546875000000000e-01
5.712890625000000000e-02
1.082519531250000000e+00
-8.535156250000000000e-01
-2.895507812500000000e-01
-1.359375000000000000e+00
1.995361328125000000e+00
2.243896484375000000e+00
-3.354492187500000000e-01
-7.749023437500000000e-01
2.227294921875000000e+00
7.153320312500000000e-02
1.682128906250000000e+00
-5.395507812500000000e-02
1.091308593750000000e-01
1.683349609375000000e+00
-6.186523437500000000e-01
4.975585937500000000e-01
-1.091796875000000000e+00
1.030273437500000000e+00
-3.681640625000000000e-01
5.449218750000000000e-01
-2.434082031250000000e-01
1.028320312500000000e+00
-1.097412109375000000e+00
-9.687500000000000000e-01
1.445312500000000000e-01
1.518554687500000000e-01
9.172363281250000000e-01
-6.833496093750000000e-01
-2.250976562500000000e-01
-1.217773437500000000e+00
8.984375000000000000e-02
-9.826660156250000000e-01
-3.564453125000000000e-02
-2.153320312500000000e-01
-9.951171875000000000e-01
-1.995117187500000000e+00
-5.578613281250000000e-01
2.902832031250000000e-01
-9.533691406250000000e-01
-1.516113281250000000e+00
1.875000000000000000e-01
-2.333251953125000000e+00
-2.235351562500000000e+00
1.533203125000000000e-01
-6.069335937500000000e-01
-2.272949218750000000e-01
-1.853027343750000000e-01
4.362792968750000000e-01
-2.919921875000000000e-01
1.010253906250000000e+00
7.534179687500000000e-01
-7.272949218750000000e-01
1.903564453125000000e+00
-2.495117187500000000e-01
6.972656250000000000e-01
1.989746093750000000e-01
3.532714843750000000e-01
1.162841796875000000e+00
-2.287597656250000000e-01
-4.484863281250000000e-01
1.051269531250000000e+00
-3.930664062500000000e-01
-7.971191406250000000e-01
1.076660156250000000e-01
-1.662597656250000000e+00
-3.044433593750000000e-01
-1.075195312500000000e+00
-2.631103515625000000e+00
2.004150390625000000e+00
-5.979003906250000000e-01
-3.962402343750000000e-01
2.033691406250000000e-01
-5.061035156250000000e-01
-1.791992187500000000e+00
-8.347167968750000000e-01
-1.477050781250000000e-01
-1.250732421875000000e+00
5.886230468750000000e-01
-6.040039062500000000e-01
-1.425781250000000000e-01
9.499511718750000000e-01
2.707519531250000000e-01
-1.206054687500000000e-01
7.880859375000000000e-01
1.354980468750000000e-01
9.936523437500000000e-01
-8.737792968750000000e-01
1.377929687500000000e+00
-1.555175781250000000e+00
-1.479980468750000000e+00
-1.918212890625000000e+00
8.098144531250000000e-01
-4.028320312500000000e-01
-8.300781250000000000e-03
-4.370117187500000000e-01
-7.209472656250000000e-01
-1.230957031250000000e+00
4.013671875000000000e-01
-5.485839843750000000e-01
-5.881347656250000000e-01
-7.355957031250000000e-01
-4.116210937500000000e-01
-8.740234375000000000e-01
-1.919921875000000000e+00
2.954101562500000000e-02
3.151855468750000000e-01
-3.818359375000000000e-01
7.319335937500000000e-01
2.000976562500000000e+00
1.511718750000000000e+00
1.151367187500000000e+00
1.375488281250000000e+00
1.126953125000000000e+00
2.844238281250000000e-01
-7.209472656250000000e-01
-1.188964843750000000e-01
-7.446289062500000000e-02
-1.835937500000000000e+00
-1.407714843750000000e+00
-1.077148437500000000e+00
-1.542968750000000000e+00
6.113281250000000000e-01
-1.464843750000000000e-03
-2.114257812500000000e-01
2.282714843750000000e-01
-7.084960937500000000e-01
-1.986328125000000000e+00
-7.568359375000000000e-01
-4.094238281250000000e-01
-2.522949218750000000e+00
-1.689453125000000000e-01
3.364257812500000000e-01
-1.996337890625000000e+00
-6.735839843750000000e-01
7.080078125000000000e-02
-1.049804687500000000e-01
-1.209960937500000000e+00
-1.013183593750000000e-01
2.393554687500000000e+00
-9.321289062500000000e-01
-5.180664062500000000e-01
1.238281250000000000e+00
8.764648437500000000e-02
9.128417968750000000e-01
-8.413085937500000000e-01
-1.361572265625000000e+00
-1.231445312500000000e+00
7.109375000000000000e-01
1.984863281250000000e-01
-5.883789062500000000e-01
3.784179687500000000e-02
-1.975341796875000000e+00
-9.448242187500000000e-01
-1.479492187500000000e-01
-1.432617187500000000e+00
-2.455810546875000000e+00
-4.533691406250000000e-01
-1.847656250000000000e+00
-1.610107421875000000e+00
-1.295410156250000000e+00
-6.093750000000000000e-01
-3.181152343750000000e-01
-1.155761718750000000e+00
-4.411621093750000000e-01
1.585937500000000000e+00
-2.749023437500000000e-01
1.804931640625000000e+00
2.069580078125000000e+00
-2.088134765625000000e+00
-2.343750000000000000e-02
9.975585937500000000e-01
-6.035156250000000000e-01
5.327148437500000000e-01
-1.114257812500000000e+00
6.691894531250000000e-01
-8.881835937500000000e-01
9.602050781250000000e-01
-1.732666015625000000e+00
1.188964843750000000e-01
-5.046386718750000000e-01
-9.243164062500000000e-01
-6.699218750000000000e-01
4.243164062500000000e-01
-1.354980468750000000e+00
-2.345214843750000000e+00
-2.747558593750000000e+00
-2.138671875000000000e+00
-7.480468750000000000e-01
-1.500732421875000000e+00
-8.073730468750000000e-01
7.854003906250000000e-01
-8.427734375000000000e-01
-2.255859375000000000e-01
8.356933593750000000e-01
-2.402343750000000000e-01
5.488281250000000000e-01
1.325683593750000000e-01
2.326904296875000000e+00
-9.091796875000000000e-01
-8.220214843750000000e-01
9.133300781250000000e-01
1.293945312500000000e+00
4.611816406250000000e-01
2.780761718750000000e-01
5.517578125000000000e-01
1.154296875000000000e+00
1.433105468750000000e+00
1.016845703125000000e+00
1.430419921875000000e+00
1.148925781250000000e+00
1.396240234375000000e+00
1.772949218750000000e+00
4.958496093750000000e-01
-2.532714843750000000e+00
-2.382324218750000000e+00
-1.490966796875000000e+00
-2.441406250000000000e-01
2.783203125000000000e-01
2.556152343750000000e-01
-4.704589843750000000e-01
1.212158203125000000e+00
1.245605468750000000e+00
8.281250000000000000e-01
5.834960937500000000e-02
-5.554199218750000000e-01
-9.104003906250000000e-01
-4.233398437500000000e-01
-1.090576171875000000e+00
-7.543945312500000000e-02
1.235351562500000000e+00
-7.294921875000000000e-01
-1.138183593750000000e+00
1.837158203125000000e+00
1.251708984375000000e+00
6.140136718750000000e-01
1.875244140625000000e+00
2.347900390625000000e+00
2.529052734375000000e+00
2.476806640625000000e+00
2.553466796875000000e+00
1.877441406250000000e+00
2.744140625000000000e-01
4.248046875000000000e-01
-1.102783203125000000e+00
-2.517089843750000000e-01
-1.535156250000000000e+00
-1.123779296875000000e+00
-9.423828125000000000e-01
-1.060546875000000000e+00
6.835937500000000000e-03
1.319091796875000000e+00
-8.806152343750000000e-01
-7.822265625000000000e-01
6.308593750000000000e-01
4.931640625000000000e-02
-4.868164062500000000e-01
2.490234375000000000e-01
-1.617919921875000000e+00
1.562500000000000000e-01
1.551513671875000000e+00
2.549804687500000000e+00
3.782226562500000000e+00
3.057861328125000000e+00
1.935302734375000000e+00
4.951171875000000000e-01
1.431640625000000000e+00
2.651123046875000000e+00
1.415771484375000000e+00
1.689941406250000000e+00
-2.702636718750000000e-01
2.819824218750000000e-01
-3.083496093750000000e-01
-2.465820312500000000e-02
2.573242187500000000e-01
6.276855468750000000e-01
1.596679687500000000e-01
1.107910156250000000e+00
5.910644531250000000e-01
-1.148681640625000000e+00
-1.233886718750000000e+00
-2.070312500000000000e-01
1.726074218750000000e-01
4.721679687500000000e-01
-1.948242187500000000e-01
8.862304687500000000e-01
2.248535156250000000e-01
1.428222656250000000e-01
3.079345703125000000e+00
1.767822265625000000e+00
2.038574218750000000e+00
1.929687500000000000e+00
2.861083984375000000e+00
6.184082031250000000e-01
2.666015625000000000e-01
1.786621093750000000e+00
2.033691406250000000e+00
2.599365234375000000e+00
2.370605468750000000e-01
2.014160156250000000e-01
1.429687500000000000e+00
-2.956542968750000000e-01
8.161621093750000000e-01
-3.459472656250000000e-01
6.799316406250000000e-01
-6.630859375000000000e-01
2.167480468750000000e+00
-8.806152343750000000e-01
-1.253662109375000000e+00
8.789062500000000000e-02
2.917480468750000000e-01
-8.945312500000000000e-01
5.935058593750000000e-01
-1.209472656250000000e+00
5.534667968750000000e-01
-7.363281250000000000e-01
-3.588867187500000000e-01
-7.775878906250000000e-01
1.894531250000000000e-01
-6.655273437500000000e-01
3.210449218750000000e-01
-6.525878906250000000e-01
1.815917968750000000e+00
1.277832031250000000e+00
1.206542968750000000e+00
2.380859375000000000e+00
1.537109375000000000e+00
6.213378906250000000e-01
1.482666015625000000e+00
-1.005371093750000000e+00
5.805664062500000000e-01
-4.213867187500000000e-01
1.205566406250000000e+00
2.573730468750000000e+00
-1.904296875000000000e-01
-4.384765625000000000e-01
-6.750488281250000000e-01
6.354980468750000000e-01
-6.159667968750000000e-01
2.766113281250000000e-01
1.292968750000000000e+00
2.529296875000000000e-01
-9.003906250000000000e-01
-1.643066406250000000e+00
-2.255371093750000000e+00
-3.771972656250000000e-01
-1.416748046875000000e+00
-1.054687500000000000e-01
-1.994628906250000000e-01
8.925781250000000000e-01
1.076660156250000000e+00
-4.973144531250000000e-01
1.985107421875000000e+00
1.618652343750000000e-01
1.083496093750000000e+00
2.927246093750000000e-01
-7.658691406250000000e-01
-1.862792968750000000e-01
1.020507812500000000e-01
-1.038818359375000000e+00
1.616210937500000000e-01
-1.318359375000000000e-02
6.818847656250000000e-01
-3.562011718750000000e-01
-1.274414062500000000e-01
5.415039062500000000e-01
6.909179687500000000e-01
1.109130859375000000e+00
-3.562011718750000000e-01
6.264648437500000000e-01
-1.070068359375000000e+00
-1.074707031250000000e+00
-2.093261718750000000e+00
-5.532226562500000000e-01
-2.646728515625000000e+00
1.572021484375000000e+00
4.465332031250000000e-01
4.106445312500000000e-01
-1.142089843750000000e+00
1.161132812500000000e+00
6.347656250000000000e-01
1.235351562500000000e+00
1.011962890625000000e+00
-2.151123046875000000e+00
-6.567382812500000000e-01
2.587890625000000000e-02
-8.376464843750000000e-01
-9.216308593750000000e-01
-2.440673828125000000e+00
-2.041992187500000000e+00
-1.109619140625000000e+00
-1.079101562500000000e-01
-3.691406250000000000e-01
1.399902343750000000e+00
4.841308593750000000e-01
-3.852539062500000000e-01
-1.087158203125000000e+00
3.728027343750000000e-01
-9.309082031250000000e-01
-7.546386718750000000e-01
-1.229003906250000000e+00
-1.511962890625000000e+00
-7.871093750000000000e-01
-1.676513671875000000e+00
5.151367187500000000e-02
1.416259765625000000e+00
1.052490234375000000e+00
5.952148437500000000e-01
5.986328125000000000e-01
-1.690917968750000000e+00
-3.439941406250000000e-01
-7.009277343750000000e-01
-1.184082031250000000e+00
-1.174560546875000000e+00
5.705566406250000000e-01
-1.488769531250000000e+00
-8.291015625000000000e-01
-4.965820312500000000e-01
-4.865722656250000000e-01
-2.062988281250000000e+00
1.818847656250000000e-01
9.812011718750000000e-01
1.830810546875000000e+00
-1.285644531250000000e+00
-6.772460937500000000e-01
1.106201171875000000e+00
-8.474121093750000000e-01
-8.945312500000000000e-01
-7.492675781250000000e-01
-6.835937500000000000e-03
-1.319335937500000000e+00
6.513671875000000000e-01
-2.355468750000000000e+00
-3.239746093750000000e-01
6.242675781250000000e-01
4.858398437500000000e-01
1.082031250000000000e+00
-6.396484375000000000e-02
-1.170654296875000000e+00
-5.415039062500000000e-01
-8.735351562500000000e-01
-1.229003906250000000e+00
8.120117187500000000e-01
-1.691894531250000000e-01
1.453857421875000000e+00
-1.474365234375000000e+00
-2.202148437500000000e-01
-6.064453125000000000e-01
-2.493896484375000000e+00
-1.340332031250000000e+00
-2.685546875000000000e-01
-2.148437500000000000e-02
-2.849121093750000000e-01
-1.871582031250000000e+00
5.495605468750000000e-01
-1.637695312500000000e+00
-1.028320312500000000e+00
9.851074218750000000e-01
8.232421875000000000e-01
-2.834472656250000000e-01
2.807617187500000000e-01
5.952148437500000000e-01
-1.543945312500000000e+00
-2.856445312500000000e-02
-1.287109375000000000e+00
1.789550781250000000e-01
-3.825683593750000000e-01
4.907226562500000000e-01
8.369140625000000000e-01
-5.310058593750000000e-01
-1.704101562500000000e-01
-3.774414062500000000e-01
-1.168212890625000000e+00
-8.937988281250000000e-01
-1.011230468750000000e+00
-1.422607421875000000e+00
8.479003906250000000e-01
1.536132812500000000e+00
1.219970703125000000e+00
3.374023437500000000e-01
-5.424804687500000000e-01
7.392578125000000000e-01
4.680175781250000000e-01
-1.147460937500000000e-02
3.095703125000000000e-01
-4.736328125000000000e-01
9.882812500000000000e-01
-7.177734375000000000e-01
1.838623046875000000e+00
-3.151855468750000000e-01
-3.208007812500000000e-01
-1.904296875000000000e-01
-1.041503906250000000e+00
-2.165527343750000000e-01
1.750732421875000000e+00
-8.491210937500000000e-01
5.180664062500000000e-01
5.270996093750000000e-01
-9.904785156250000000e-01
5.883789062500000000e-02
9.301757812500000000e-02
-6.647949218750000000e-01
-1.229980468750000000e+00
-8.078613281250000000e-01
-1.987304687500000000e-01
-5.795898437500000000e-01
1.309326171875000000e+00
-1.444091796875000000e+00
8.615722656250000000e-01
5.405273437500000000e-01
-1.506591796875000000e+00
1.264648437500000000e-01
-4.392089843750000000e-01
1.313964843750000000e+00
7.604980468750000000e-01
1.266845703125000000e+00
7.128906250000000000e-01
7.658691406250000000e-01
-1.269531250000000000e-02
2.573242187500000000e-01
4.836425781250000000e-01
1.035156250000000000e-01
-2.829589843750000000e-01
-9.431152343750000000e-01
-8.281250000000000000e-01
6.940917968750000000e-01
1.191406250000000000e-01
7.663574218750000000e-01
-1.429199218750000000e+00
-5.959472656250000000e-01
-2.614746093750000000e-01
-1.142578125000000000e+00
5.927734375000000000e-01
5.661621093750000000e-01
-1.149902343750000000e+00
3.867187500000000000e-01
-3.408203125000000000e-01
2.553710937500000000e-01
-8.913574218750000000e-01
-1.495117187500000000e+00
-1.071777343750000000e+00
-8.708496093750000000e-01
-4.775390625000000000e-01
1.611328125000000000e-02
-2.246093750000000000e-01
-1.313476562500000000e-01
8.330078125000000000e-01
-1.510253906250000000e+00
6.613769531250000000e-01
2.504882812500000000e-01
4.509277343750000000e-01
1.030029296875000000e+00
-6.831054687500000000e-01
-1.594238281250000000e-01
-1.053466796875000000e+00
4.306640625000000000e-01
-1.066894531250000000e+00
-1.844482421875000000e+00
-6.562500000000000000e-01
1.633300781250000000e-01
9.567871093750000000e-01
-9.414062500000000000e-01
-7.050781250000000000e-01
-1.011718750000000000e+00
3.393554687500000000e-02
5.241699218750000000e-01
1.927734375000000000e+00
7.302246093750000000e-01
4.282226562500000000e-01
1.447753906250000000e-01
-8.840332031250000000e-01
1.121826171875000000e+00
-9.755859375000000000e-01
-2.333984375000000000e-01
1.735351562500000000e+00
6.633300781250000000e-01
-4.033203125000000000e-01
-2.514648437500000000e-02
-1.242675781250000000e-01
-2.102050781250000000e-01
1.036376953125000000e+00
-1.171386718750000000e+00
-1.797363281250000000e+00
-1.654052734375000000e+00
-1.723632812500000000e+00
-8.544921875000000000e-02
-9.428710937500000000e-01
-1.611328125000000000e-02
1.376708984375000000e+00
3.515625000000000000e-01
5.549316406250000000e-01
1.313476562500000000e-01
1.207275390625000000e+00
9.440917968750000000e-01
-7.666015625000000000e-02
8.461914062500000000e-01
-1.663330078125000000e+00
4.702148437500000000e-01
1.421386718750000000e+00
1.154785156250000000e-01
3.078857421875000000e+00
5.712890625000000000e-02
3.051757812500000000e-01
-2.248535156250000000e-01
4.226074218750000000e-01
1.000976562500000000e-01
5.842285156250000000e-01
3.686523437500000000e-01
-8.996582031250000000e-01
5.073242187500000000e-01
1.673828125000000000e+00
6.552734375000000000e-01
-1.444335937500000000e+00
-1.246826171875000000e+00
7.885742187500000000e-02
-8.593750000000000000e-02
-3.898925781250000000e-01
1.135742187500000000e+00
4.155273437500000000e-01
-8.901367187500000000e-01
4.545898437500000000e-01
6.389160156250000000e-01
9.306640625000000000e-01
1.441406250000000000e+00
-1.304931640625000000e+00
1.782226562500000000e-02
-2.900390625000000000e-01
1.730957031250000000e-01
6.787109375000000000e-02
-4.741210937500000000e-01
-4.489746093750000000e-01
2.661132812500000000e-01
5.249023437500000000e-01
-1.702392578125000000e+00
-6.984863281250000000e-01
2.077392578125000000e+00
2.741699218750000000e-01
-1.471435546875000000e+00
-1.029785156250000000e+00
3.791503906250000000e-01
1.614013671875000000e+00
2.520751953125000000e+00
1.352294921875000000e+00
-1.883789062500000000e+00
1.267578125000000000e+00
2.819824218750000000e-01
-3.586425781250000000e-01
7.543945312500000000e-02
-4.697265625000000000e-01
-7.324218750000000000e-04
2.666015625000000000e-01
-5.393066406250000000e-01
4.738769531250000000e-01
-9.770507812500000000e-01
-1.126708984375000000e+00
1.860351562500000000e-01
-4.733886718750000000e-01
-2.832031250000000000e-02
-1.560058593750000000e-01
-1.730957031250000000e-01
-6.809082031250000000e-01
-2.363281250000000000e-01
-4.475097656250000000e-01
-2.832031250000000000e-01
-4.853515625000000000e-01
1.052246093750000000e+00
1.038085937500000000e+00
-1.777832031250000000e+00
3.372558593750000000e+00
6.196289062500000000e-01
1.664550781250000000e+00
-1.158691406250000000e+00
-3.298339843750000000e-01
6.665039062500000000e-01
-3.142089843750000000e-01
-9.919433593750000000e-01
1.533203125000000000e-01
-1.220703125000000000e-03
1.689697265625000000e+00
5.039062500000000000e-01
-1.555664062500000000e+00
7.426757812500000000e-01
3.505859375000000000e-01
-1.525390625000000000e+00
4.604492187500000000e-01
-6.469726562500000000e-02
1.313232421875000000e+00
1.416015625000000000e-01
-1.254150390625000000e+00
1.457763671875000000e+00
5.651855468750000000e-01
7.556152343750000000e-01
1.262207031250000000e+00
-1.493408203125000000e+00
-5.700683593750000000e-01
-5.139160156250000000e-01
-1.074951171875000000e+00
9.226074218750000000e-01
3.732910156250000000e-01
3.984375000000000000e-01
2.656250000000000000e-01
-1.115722656250000000e+00
